# Force and moment coefficients
# dragDir     : (1.000000e+00 0.000000e+00 0.000000e+00)
# sideDir     : (0.000000e+00 0.000000e+00 -1.000000e+00)
# liftDir     : (0.000000e+00 1.000000e+00 0.000000e+00)
# rollAxis    : (1.000000e+00 0.000000e+00 0.000000e+00)
# pitchAxis   : (0.000000e+00 0.000000e+00 -1.000000e+00)
# yawAxis     : (0.000000e+00 1.000000e+00 0.000000e+00)
# magUInf     : 1.250000e+01
# lRef        : 2.380000e-02
# Aref        : 7.140000e-03
# CofR        : (0.000000e+00 0.000000e+00 0.000000e+00)
#
# Time        	Cd            	Cd(f)         	Cd(r)         	Cl            	Cl(f)         	Cl(r)         	CmPitch       	CmRoll        	CmYaw         	Cs            	Cs(f)         	Cs(r)         
1             	1.827942e+02	9.139824e+01	9.139599e+01	-3.725101e-04	-1.848044e-04	-1.877058e-04	1.450686e-06	1.127608e-03	-1.935923e-03	-2.511579e-05	-1.948481e-03	1.923365e-03
2             	7.976872e+01	3.980352e+01	3.996520e+01	9.954971e-02	5.450289e-02	4.504682e-02	4.728037e-03	-8.083784e-02	1.529696e-01	8.748491e-03	1.573438e-01	-1.485953e-01
3             	-1.788996e+02	-9.030975e+01	-8.858986e+01	-9.674246e-01	-4.828601e-01	-4.845644e-01	8.521598e-04	-8.599465e-01	-1.599061e+01	1.011130e-02	-1.598555e+01	1.599566e+01
4             	-1.745583e+02	-8.949779e+01	-8.506047e+01	8.971637e-01	4.513206e-01	4.458430e-01	2.738802e-03	-2.218663e+00	-1.750753e+01	-2.551776e-02	-1.752029e+01	1.749477e+01
5             	-6.688216e+01	-3.528409e+01	-3.159808e+01	1.815361e+00	9.126096e-01	9.027516e-01	4.928957e-03	-1.843004e+00	-2.520980e+00	-2.597625e-02	-2.533968e+00	2.507992e+00
6             	2.163835e+01	8.955674e+00	1.268268e+01	9.907083e-01	5.013439e-01	4.893643e-01	5.989802e-03	-1.863501e+00	5.479125e+00	-9.502069e-03	5.474374e+00	-5.483876e+00
7             	5.499022e+01	2.669903e+01	2.829119e+01	-5.154468e-01	-2.577634e-01	-2.576834e-01	-3.999131e-05	-7.960769e-01	5.737674e+00	-4.978896e-03	5.735185e+00	-5.740164e+00
8             	5.517688e+01	2.830510e+01	2.687177e+01	-1.475023e+00	-7.392268e-01	-7.357957e-01	-1.715569e-03	7.166645e-01	3.264126e+00	-1.101097e-02	3.258620e+00	-3.269631e+00
9             	4.296801e+01	2.222261e+01	2.074540e+01	-2.301319e+00	-1.157245e+00	-1.144073e+00	-6.586078e-03	7.386043e-01	1.052922e+00	-1.570885e-02	1.045067e+00	-1.060776e+00
10            	2.954039e+01	1.592225e+01	1.361815e+01	-2.766447e+00	-1.391236e+00	-1.375211e+00	-8.012606e-03	1.152050e+00	6.020989e-01	-1.852120e-02	5.928383e-01	-6.113595e-01
11            	1.987262e+01	1.160637e+01	8.266251e+00	-2.787723e+00	-1.401633e+00	-1.386090e+00	-7.771524e-03	1.670059e+00	8.211959e-01	-1.498956e-02	8.137012e-01	-8.286907e-01
12            	1.487109e+01	8.621483e+00	6.249612e+00	-2.734537e+00	-1.369836e+00	-1.364700e+00	-2.568011e-03	1.185936e+00	1.891066e+00	-1.378213e-02	1.884175e+00	-1.897957e+00
13            	1.205919e+01	7.264601e+00	4.794589e+00	-2.566705e+00	-1.279205e+00	-1.287500e+00	4.147281e-03	1.235006e+00	1.938914e+00	-1.043065e-02	1.933699e+00	-1.944130e+00
14            	9.418206e+00	5.554484e+00	3.863722e+00	-2.403922e+00	-1.193198e+00	-1.210723e+00	8.762640e-03	8.453807e-01	9.180572e-01	-1.156884e-02	9.122728e-01	-9.238416e-01
15            	6.869422e+00	4.455569e+00	2.413852e+00	-2.025502e+00	-1.000315e+00	-1.025187e+00	1.243621e-02	1.020858e+00	1.883270e-01	-1.421087e-02	1.812216e-01	-1.954325e-01
16            	4.530885e+00	3.216035e+00	1.314850e+00	-1.546023e+00	-7.569929e-01	-7.890296e-01	1.601834e-02	9.505924e-01	-2.696506e-01	-1.450725e-02	-2.769042e-01	2.623969e-01
17            	2.623235e+00	2.316049e+00	3.071866e-01	-1.100167e+00	-5.319572e-01	-5.682098e-01	1.812630e-02	1.004431e+00	-2.521465e-01	-1.238012e-02	-2.583366e-01	2.459565e-01
18            	1.158302e+00	1.549156e+00	-3.908543e-01	-6.827794e-01	-3.230551e-01	-3.597244e-01	1.833467e-02	9.700051e-01	-3.016425e-02	-7.129240e-03	-3.372887e-02	2.659963e-02
19            	1.725779e-01	1.031101e+00	-8.585228e-01	-4.028571e-01	-1.848669e-01	-2.179902e-01	1.656163e-02	9.448117e-01	1.797522e-01	-5.383237e-03	1.770606e-01	-1.824439e-01
20            	-4.179223e-01	5.938559e-01	-1.011778e+00	-1.795347e-01	-7.532765e-02	-1.042070e-01	1.443969e-02	8.028170e-01	2.486618e-01	-3.478435e-03	2.469226e-01	-2.504011e-01
21            	-7.137584e-01	4.207400e-01	-1.134498e+00	3.935020e-02	3.173896e-02	7.611242e-03	1.206386e-02	7.776192e-01	1.730348e-01	-1.670186e-03	1.721997e-01	-1.738699e-01
22            	-7.459649e-01	2.360298e-01	-9.819947e-01	2.211044e-01	1.196293e-01	1.014752e-01	9.077044e-03	6.090123e-01	8.145994e-02	-2.139460e-04	8.135297e-02	-8.156692e-02
23            	-5.875481e-01	6.614980e-02	-6.536979e-01	3.450907e-01	1.790955e-01	1.659953e-01	6.550098e-03	3.599238e-01	3.790210e-02	3.181526e-03	3.949286e-02	-3.631133e-02
24            	-3.302181e-01	-5.214140e-02	-2.780767e-01	3.981234e-01	2.031599e-01	1.949635e-01	4.098190e-03	1.129677e-01	1.503969e-01	7.190519e-03	1.539921e-01	-1.468016e-01
25            	8.127520e-03	-3.039316e-02	3.852068e-02	4.233921e-01	2.147371e-01	2.086549e-01	3.041094e-03	-3.445692e-02	3.176176e-01	9.446867e-03	3.223410e-01	-3.128942e-01
26            	3.374620e-01	5.342495e-02	2.840371e-01	4.149984e-01	2.090372e-01	2.059611e-01	1.538060e-03	-1.153061e-01	5.233928e-01	7.352010e-03	5.270688e-01	-5.197168e-01
27            	6.435488e-01	1.432793e-01	5.002695e-01	3.903291e-01	1.956479e-01	1.946813e-01	4.832973e-04	-1.784951e-01	6.320305e-01	1.278034e-04	6.320944e-01	-6.319666e-01
28            	8.967505e-01	2.558081e-01	6.409424e-01	3.384207e-01	1.683055e-01	1.701152e-01	-9.048633e-04	-1.925671e-01	5.880923e-01	-1.103383e-02	5.825754e-01	-5.936092e-01
29            	1.061809e+00	3.060994e-01	7.557098e-01	2.608477e-01	1.291626e-01	1.316851e-01	-1.261257e-03	-2.248052e-01	5.439582e-01	-2.141554e-02	5.332505e-01	-5.546660e-01
30            	1.152918e+00	2.879116e-01	8.650061e-01	1.868054e-01	9.185737e-02	9.494808e-02	-1.545357e-03	-2.885472e-01	5.387982e-01	-2.817760e-02	5.247094e-01	-5.528870e-01
31            	1.215272e+00	1.878030e-01	1.027469e+00	1.622278e-01	8.023663e-02	8.199113e-02	-8.772532e-04	-4.198331e-01	5.608360e-01	-3.227646e-02	5.446978e-01	-5.769742e-01
32            	1.239109e+00	-5.639750e-02	1.295507e+00	2.016963e-01	1.001667e-01	1.015296e-01	-6.814247e-04	-6.759521e-01	5.046631e-01	-3.417259e-02	4.875768e-01	-5.217494e-01
33            	1.246934e+00	-3.558785e-01	1.602813e+00	2.523256e-01	1.260114e-01	1.263142e-01	-1.513728e-04	-9.793457e-01	2.822853e-01	-3.390314e-02	2.653338e-01	-2.992369e-01
34            	1.258803e+00	-4.413594e-01	1.700162e+00	2.005329e-01	9.994711e-02	1.005858e-01	-3.193528e-04	-1.070761e+00	-5.465749e-02	-3.092939e-02	-7.012219e-02	3.919280e-02
35            	1.312121e+00	-2.177930e-01	1.529914e+00	-2.162186e-02	-1.144842e-02	-1.017345e-02	-6.374833e-04	-8.738538e-01	-2.658592e-01	-2.429682e-02	-2.780076e-01	2.537108e-01
36            	1.383494e+00	1.146926e-01	1.268802e+00	-3.268585e-01	-1.644979e-01	-1.623606e-01	-1.068632e-03	-5.770546e-01	-3.200342e-01	-1.626963e-02	-3.281690e-01	3.118994e-01
37            	1.404059e+00	3.681419e-01	1.035918e+00	-6.168568e-01	-3.096064e-01	-3.072504e-01	-1.178008e-03	-3.338878e-01	-3.628618e-01	-8.685009e-03	-3.672043e-01	3.585193e-01
38            	1.365981e+00	5.533895e-01	8.125914e-01	-8.523206e-01	-4.273743e-01	-4.249463e-01	-1.213969e-03	-1.296010e-01	-3.938478e-01	-3.212734e-03	-3.954542e-01	3.922415e-01
39            	1.289142e+00	7.078064e-01	5.813357e-01	-1.019276e+00	-5.107130e-01	-5.085631e-01	-1.074951e-03	6.323534e-02	-3.919716e-01	1.123081e-03	-3.914101e-01	3.925332e-01
40            	1.199856e+00	8.285538e-01	3.713020e-01	-1.118255e+00	-5.601497e-01	-5.581052e-01	-1.022277e-03	2.286259e-01	-3.863485e-01	3.701128e-03	-3.844979e-01	3.881991e-01
41            	1.115235e+00	8.853454e-01	2.298900e-01	-1.148631e+00	-5.751756e-01	-5.734550e-01	-8.603240e-04	3.277277e-01	-4.013279e-01	6.026014e-03	-3.983149e-01	4.043409e-01
42            	1.048482e+00	8.824408e-01	1.660410e-01	-1.109108e+00	-5.553802e-01	-5.537280e-01	-8.261105e-04	3.581999e-01	-4.244423e-01	7.714233e-03	-4.205851e-01	4.282994e-01
43            	1.000795e+00	8.479142e-01	1.528808e-01	-1.003208e+00	-5.023517e-01	-5.008567e-01	-7.474970e-04	3.475167e-01	-4.372308e-01	9.189647e-03	-4.326359e-01	4.418256e-01
44            	9.706907e-01	8.247390e-01	1.459517e-01	-8.429179e-01	-4.222460e-01	-4.206720e-01	-7.869982e-04	3.393937e-01	-4.335231e-01	9.868126e-03	-4.285890e-01	4.384572e-01
45            	9.508567e-01	8.453473e-01	1.055094e-01	-6.509313e-01	-3.262162e-01	-3.247151e-01	-7.505360e-04	3.699190e-01	-4.148817e-01	1.047980e-02	-4.096418e-01	4.201216e-01
46            	9.367676e-01	9.145698e-01	2.219782e-02	-4.529982e-01	-2.272718e-01	-2.257264e-01	-7.726828e-04	4.461860e-01	-3.922317e-01	1.066772e-02	-3.868979e-01	3.975656e-01
47            	9.234726e-01	1.016998e+00	-9.352568e-02	-2.707059e-01	-1.361681e-01	-1.345378e-01	-8.151304e-04	5.552620e-01	-3.715038e-01	1.108814e-02	-3.659597e-01	3.770478e-01
48            	9.101047e-01	1.126435e+00	-2.163299e-01	-1.208521e-01	-6.139997e-02	-5.945215e-02	-9.739111e-04	6.713822e-01	-3.590536e-01	1.132702e-02	-3.533901e-01	3.647171e-01
49            	8.959205e-01	1.218748e+00	-3.228270e-01	-1.002924e-02	-6.112291e-03	-3.916944e-03	-1.097674e-03	7.707872e-01	-3.526920e-01	1.146793e-02	-3.469581e-01	3.584260e-01
50            	8.806034e-01	1.270976e+00	-3.903729e-01	6.016303e-02	2.897003e-02	3.119300e-02	-1.111484e-03	8.306746e-01	-3.456083e-01	1.139960e-02	-3.399085e-01	3.513081e-01
51            	8.633990e-01	1.269404e+00	-4.060051e-01	9.374262e-02	4.575435e-02	4.798827e-02	-1.116957e-03	8.377046e-01	-3.388201e-01	1.103823e-02	-3.333009e-01	3.443392e-01
52            	8.449970e-01	1.216752e+00	-3.717546e-01	1.015206e-01	4.972896e-02	5.179166e-02	-1.031350e-03	7.942531e-01	-3.328002e-01	1.051281e-02	-3.275438e-01	3.380566e-01
53            	8.229428e-01	1.126162e+00	-3.032197e-01	9.648436e-02	4.740211e-02	4.908225e-02	-8.400672e-04	7.146911e-01	-3.270763e-01	9.884526e-03	-3.221340e-01	3.320186e-01
54            	8.010808e-01	1.020975e+00	-2.198947e-01	9.028148e-02	4.450399e-02	4.577750e-02	-6.367544e-04	6.204351e-01	-3.213969e-01	8.912999e-03	-3.169404e-01	3.258534e-01
55            	7.816101e-01	9.177267e-01	-1.361166e-01	8.806437e-02	4.355638e-02	4.450799e-02	-4.758031e-04	5.269216e-01	-3.202608e-01	7.673762e-03	-3.164239e-01	3.240977e-01
56            	7.661168e-01	8.238706e-01	-5.775377e-02	8.921887e-02	4.421229e-02	4.500658e-02	-3.971482e-04	4.408122e-01	-3.227161e-01	6.271572e-03	-3.195803e-01	3.258519e-01
57            	7.529960e-01	7.386280e-01	1.436800e-02	9.036953e-02	4.480440e-02	4.556513e-02	-3.803636e-04	3.621300e-01	-3.228561e-01	4.729508e-03	-3.204914e-01	3.252209e-01
58            	7.406709e-01	6.554876e-01	8.518326e-02	8.654681e-02	4.286476e-02	4.368204e-02	-4.086398e-04	2.851522e-01	-3.208664e-01	3.275968e-03	-3.192284e-01	3.225043e-01
59            	7.291114e-01	5.643950e-01	1.647164e-01	7.399003e-02	3.655841e-02	3.743163e-02	-4.366120e-04	1.998393e-01	-3.132128e-01	1.830339e-03	-3.122976e-01	3.141279e-01
60            	7.179782e-01	4.602952e-01	2.576830e-01	5.156942e-02	2.534678e-02	2.622263e-02	-4.379246e-04	1.013061e-01	-3.005801e-01	5.178974e-04	-3.003212e-01	3.008391e-01
61            	7.059287e-01	3.482193e-01	3.577094e-01	2.074815e-02	9.984184e-03	1.076396e-02	-3.898896e-04	-4.745084e-03	-2.832281e-01	-6.800953e-04	-2.835681e-01	2.828880e-01
62            	6.937226e-01	2.427214e-01	4.510012e-01	-1.459514e-02	-7.585271e-03	-7.009872e-03	-2.876993e-04	-1.041399e-01	-2.637727e-01	-1.645763e-03	-2.645956e-01	2.629498e-01
63            	6.832611e-01	1.597901e-01	5.234709e-01	-4.927076e-02	-2.475982e-02	-2.451094e-02	-1.244372e-04	-1.818404e-01	-2.426247e-01	-2.424658e-03	-2.438370e-01	2.414124e-01
64            	6.755494e-01	1.123345e-01	5.632149e-01	-7.762075e-02	-3.874096e-02	-3.887979e-02	6.941408e-05	-2.254402e-01	-2.217780e-01	-3.000309e-03	-2.232781e-01	2.202778e-01
65            	6.714951e-01	1.079938e-01	5.635013e-01	-9.454548e-02	-4.703216e-02	-4.751332e-02	2.405774e-04	-2.277538e-01	-2.022642e-01	-3.455767e-03	-2.039921e-01	2.005363e-01
66            	6.704849e-01	1.482203e-01	5.222646e-01	-9.643065e-02	-4.785021e-02	-4.858044e-02	3.651133e-04	-1.870222e-01	-1.853419e-01	-3.774511e-03	-1.872292e-01	1.834547e-01
67            	6.708556e-01	2.280911e-01	4.427645e-01	-8.143772e-02	-4.029627e-02	-4.114145e-02	4.225904e-04	-1.073367e-01	-1.709277e-01	-3.947728e-03	-1.729015e-01	1.689538e-01
68            	6.704963e-01	3.358283e-01	3.346680e-01	-4.958548e-02	-2.439907e-02	-2.518641e-02	3.936675e-04	5.801896e-04	-1.572538e-01	-3.935638e-03	-1.592216e-01	1.552859e-01
69            	6.682060e-01	4.540728e-01	2.141332e-01	-4.699538e-03	-2.064095e-03	-2.635442e-03	2.856736e-04	1.199698e-01	-1.421269e-01	-3.774346e-03	-1.440141e-01	1.402397e-01
70            	6.640760e-01	5.632556e-01	1.008205e-01	4.515873e-02	2.270006e-02	2.245868e-02	1.206918e-04	2.312175e-01	-1.240842e-01	-3.506665e-03	-1.258376e-01	1.223309e-01
71            	6.593944e-01	6.435561e-01	1.583824e-02	8.931772e-02	4.458012e-02	4.473760e-02	-7.874294e-05	3.138589e-01	-1.037939e-01	-3.207247e-03	-1.053975e-01	1.021902e-01
72            	6.555874e-01	6.795360e-01	-2.394864e-02	1.176991e-01	5.858261e-02	5.911652e-02	-2.669525e-04	3.517423e-01	-8.414748e-02	-2.888480e-03	-8.559172e-02	8.270324e-02
73            	6.536770e-01	6.629468e-01	-9.269764e-03	1.249044e-01	6.206161e-02	6.284280e-02	-3.905913e-04	3.361083e-01	-6.773847e-02	-2.568143e-03	-6.902254e-02	6.645440e-02
74            	6.543930e-01	5.945520e-01	5.984103e-02	1.108594e-01	5.501900e-02	5.584037e-02	-4.106841e-04	2.673555e-01	-5.732655e-02	-2.227264e-03	-5.844019e-02	5.621292e-02
75            	6.561916e-01	4.806619e-01	1.755297e-01	7.850659e-02	3.892803e-02	3.957857e-02	-3.252695e-04	1.525661e-01	-5.010547e-02	-1.898416e-03	-5.105468e-02	4.915626e-02
76            	6.582157e-01	3.366814e-01	3.215344e-01	3.435114e-02	1.702324e-02	1.732790e-02	-1.523342e-04	7.573493e-03	-4.324462e-02	-1.597812e-03	-4.404353e-02	4.244572e-02
77            	6.603942e-01	1.805724e-01	4.798218e-01	-1.308858e-02	-6.473326e-03	-6.615255e-03	7.096460e-05	-1.496247e-01	-3.522014e-02	-1.346887e-03	-3.589359e-02	3.454670e-02
78            	6.630892e-01	5.195123e-02	6.111379e-01	-4.990220e-02	-2.466486e-02	-2.523734e-02	2.862430e-04	-2.795933e-01	-2.634129e-02	-1.215574e-03	-2.694908e-02	2.573350e-02
79            	6.673065e-01	-2.095205e-02	6.882585e-01	-6.788080e-02	-3.348261e-02	-3.439818e-02	4.577857e-04	-3.546053e-01	-1.815646e-02	-1.191994e-03	-1.875246e-02	1.756046e-02
80            	6.728183e-01	-1.975618e-02	6.925744e-01	-6.221406e-02	-3.056850e-02	-3.164555e-02	5.385248e-04	-3.561653e-01	-1.370059e-02	-1.272025e-03	-1.433660e-02	1.306457e-02
81            	6.797323e-01	5.775996e-02	6.219723e-01	-3.421140e-02	-1.659452e-02	-1.761688e-02	5.111837e-04	-2.821062e-01	-1.565828e-02	-1.455680e-03	-1.638612e-02	1.493044e-02
82            	6.855089e-01	2.006544e-01	4.848545e-01	1.050781e-02	5.634278e-03	4.873529e-03	3.803747e-04	-1.421000e-01	-1.966187e-02	-1.708694e-03	-2.051622e-02	1.880753e-02
83            	6.893962e-01	3.851251e-01	3.042711e-01	6.186871e-02	3.111260e-02	3.075611e-02	1.782471e-04	4.042704e-02	-2.495620e-02	-1.991961e-03	-2.595218e-02	2.396021e-02
84            	6.919561e-01	5.728134e-01	1.191427e-01	1.074055e-01	5.366012e-02	5.374535e-02	-4.261475e-05	2.268354e-01	-3.099298e-02	-2.264210e-03	-3.212508e-02	2.986087e-02
85            	6.926156e-01	7.207348e-01	-2.811916e-02	1.352735e-01	6.740457e-02	6.786894e-02	-2.321873e-04	3.744270e-01	-3.469858e-02	-2.484085e-03	-3.594062e-02	3.345653e-02
86            	6.926828e-01	8.008072e-01	-1.081244e-01	1.384017e-01	6.885627e-02	6.954541e-02	-3.445707e-04	4.544658e-01	-3.818852e-02	-2.608103e-03	-3.949257e-02	3.688446e-02
87            	6.944693e-01	8.055011e-01	-1.110318e-01	1.165921e-01	5.793938e-02	5.865276e-02	-3.566872e-04	4.582664e-01	-4.631112e-02	-2.618424e-03	-4.762033e-02	4.500191e-02
88            	6.972266e-01	7.356634e-01	-3.843684e-02	7.389706e-02	3.669114e-02	3.720592e-02	-2.573909e-04	3.870501e-01	-5.551070e-02	-2.496513e-03	-5.675896e-02	5.426245e-02
89            	7.005850e-01	6.056357e-01	9.494928e-02	2.006528e-02	9.977027e-03	1.008825e-02	-5.561068e-05	2.553432e-01	-6.363402e-02	-2.259121e-03	-6.476358e-02	6.250446e-02
90            	7.045876e-01	4.461209e-01	2.584668e-01	-3.065388e-02	-1.513627e-02	-1.551761e-02	1.906721e-04	9.382705e-02	-6.850753e-02	-1.945107e-03	-6.948009e-02	6.753498e-02
91            	7.076951e-01	2.942131e-01	4.134820e-01	-6.342656e-02	-3.130031e-02	-3.212625e-02	4.129689e-04	-5.963441e-02	-6.688995e-02	-1.592525e-03	-6.768622e-02	6.609369e-02
92            	7.095242e-01	1.810289e-01	5.284952e-01	-6.910649e-02	-3.401399e-02	-3.509250e-02	5.392560e-04	-1.737331e-01	-6.025805e-02	-1.231519e-03	-6.087381e-02	5.964229e-02
93            	7.119699e-01	1.223763e-01	5.895936e-01	-4.774323e-02	-2.332001e-02	-2.442321e-02	5.515979e-04	-2.336086e-01	-5.531066e-02	-9.392507e-04	-5.578029e-02	5.484104e-02
94            	7.136452e-01	1.244849e-01	5.891603e-01	-5.244926e-03	-2.189618e-03	-3.055308e-03	4.328448e-04	-2.323377e-01	-4.950595e-02	-7.691579e-04	-4.989053e-02	4.912137e-02
95            	7.145164e-01	1.834667e-01	5.310497e-01	4.657314e-02	2.349318e-02	2.307996e-02	2.066108e-04	-1.737915e-01	-4.231513e-02	-7.648869e-04	-4.269757e-02	4.193268e-02
96            	7.151177e-01	2.810889e-01	4.340288e-01	9.192644e-02	4.592453e-02	4.600192e-02	-3.869436e-05	-7.646994e-02	-3.327942e-02	-9.136540e-04	-3.373625e-02	3.282260e-02
97            	7.154261e-01	3.913858e-01	3.240404e-01	1.166641e-01	5.809983e-02	5.856430e-02	-2.322334e-04	3.367271e-02	-2.216396e-02	-1.176010e-03	-2.275196e-02	2.157595e-02
98            	7.162798e-01	4.937700e-01	2.225098e-01	1.147142e-01	5.702692e-02	5.768733e-02	-3.302063e-04	1.356301e-01	-1.162325e-02	-1.475186e-03	-1.236085e-02	1.088566e-02
99            	7.173088e-01	5.748017e-01	1.425071e-01	8.884151e-02	4.410152e-02	4.473999e-02	-3.192372e-04	2.161473e-01	-4.385729e-03	-1.736632e-03	-5.254045e-03	3.517413e-03
100           	7.172504e-01	6.231527e-01	9.409774e-02	4.736666e-02	2.349606e-02	2.387060e-02	-1.872693e-04	2.645275e-01	5.604003e-04	-1.892482e-03	-3.858405e-04	-1.506641e-03
101           	7.162849e-01	6.342714e-01	8.201352e-02	3.553599e-03	1.803525e-03	1.750074e-03	2.672569e-05	2.761289e-01	2.347005e-03	-1.904506e-03	1.394752e-03	-3.299259e-03
102           	7.151308e-01	6.129615e-01	1.021693e-01	-2.954395e-02	-1.454902e-02	-1.499493e-02	2.229525e-04	2.553961e-01	1.240916e-03	-1.744313e-03	3.687592e-04	-2.113073e-03
103           	7.145753e-01	5.677596e-01	1.468157e-01	-4.393778e-02	-2.160064e-02	-2.233713e-02	3.682445e-04	2.104719e-01	-1.255450e-03	-1.398411e-03	-1.954656e-03	5.562444e-04
104           	7.141680e-01	5.061740e-01	2.079939e-01	-3.769655e-02	-1.841422e-02	-1.928233e-02	4.340565e-04	1.490901e-01	-4.030063e-03	-8.945603e-04	-4.477343e-03	3.582783e-03
105           	7.141652e-01	4.355005e-01	2.786647e-01	-1.400938e-02	-6.611512e-03	-7.397865e-03	3.931766e-04	7.841791e-02	-7.266567e-03	-3.168883e-04	-7.425011e-03	7.108123e-03
106           	7.137875e-01	3.657660e-01	3.480215e-01	1.922463e-02	9.868628e-03	9.355999e-03	2.563146e-04	8.872223e-03	-9.210647e-03	2.304473e-04	-9.095424e-03	9.325871e-03
107           	7.143657e-01	3.058304e-01	4.085353e-01	5.396277e-02	2.705563e-02	2.690713e-02	7.424881e-05	-5.135243e-02	-8.231169e-03	6.747051e-04	-7.893817e-03	8.568522e-03
108           	7.154773e-01	2.652436e-01	4.502337e-01	8.082431e-02	4.031845e-02	4.050586e-02	-9.370903e-05	-9.249507e-02	-3.134310e-03	9.321062e-04	-2.668257e-03	3.600363e-03
109           	7.159257e-01	2.490096e-01	4.669161e-01	9.353589e-02	4.655247e-02	4.698343e-02	-2.154806e-04	-1.089533e-01	7.434795e-03	9.801101e-04	7.924850e-03	-6.944740e-03
110           	7.156736e-01	2.597294e-01	4.559442e-01	8.929080e-02	4.437376e-02	4.491704e-02	-2.716403e-04	-9.810740e-02	2.215541e-02	8.586808e-04	2.258475e-02	-2.172606e-02
111           	7.146949e-01	2.965468e-01	4.181481e-01	6.839265e-02	3.395171e-02	3.444093e-02	-2.446113e-04	-6.080066e-02	3.759448e-02	6.296713e-04	3.790932e-02	-3.727965e-02
112           	7.126765e-01	3.545987e-01	3.580778e-01	3.576225e-02	1.774816e-02	1.801410e-02	-1.329694e-04	-1.739551e-03	4.995300e-02	3.543889e-04	5.013019e-02	-4.977580e-02
113           	7.112382e-01	4.265224e-01	2.847158e-01	-2.651983e-03	-1.291834e-03	-1.360149e-03	3.415731e-05	7.090333e-02	5.746649e-02	9.903977e-05	5.751601e-02	-5.741697e-02
114           	7.101948e-01	4.986411e-01	2.115536e-01	-3.707886e-02	-1.832677e-02	-1.875209e-02	2.126625e-04	1.435437e-01	6.000751e-02	-6.323545e-05	5.997589e-02	-6.003913e-02
115           	7.096493e-01	5.580274e-01	1.516219e-01	-5.951425e-02	-2.939929e-02	-3.011496e-02	3.578354e-04	2.032027e-01	5.821792e-02	-8.753090e-05	5.817415e-02	-5.826169e-02
116           	7.100719e-01	5.948335e-01	1.152384e-01	-6.389248e-02	-3.151417e-02	-3.237831e-02	4.320706e-04	2.397975e-01	5.494288e-02	1.379970e-06	5.494357e-02	-5.494219e-02
117           	7.107098e-01	6.039511e-01	1.067587e-01	-4.988851e-02	-2.452314e-02	-2.536537e-02	4.211133e-04	2.485962e-01	5.076698e-02	1.752060e-04	5.085459e-02	-5.067938e-02
118           	7.114090e-01	5.866749e-01	1.247341e-01	-2.089013e-02	-1.011148e-02	-1.077865e-02	3.335892e-04	2.309704e-01	4.610831e-02	4.558019e-04	4.633621e-02	-4.588041e-02
119           	7.115555e-01	5.439058e-01	1.676497e-01	1.804044e-02	9.204799e-03	8.835641e-03	1.845790e-04	1.881281e-01	4.139465e-02	7.847030e-04	4.178700e-02	-4.100230e-02
120           	7.110726e-01	4.830450e-01	2.280276e-01	5.850323e-02	2.925778e-02	2.924545e-02	6.163809e-06	1.275087e-01	3.742202e-02	1.119147e-03	3.798159e-02	-3.686245e-02
121           	7.110506e-01	4.155907e-01	2.954599e-01	9.200487e-02	4.583427e-02	4.617060e-02	-1.681634e-04	6.006540e-02	3.565387e-02	1.427558e-03	3.636764e-02	-3.494009e-02
122           	7.116377e-01	3.548154e-01	3.568223e-01	1.099706e-01	5.469157e-02	5.527901e-02	-2.937233e-04	-1.003465e-03	3.607152e-02	1.679640e-03	3.691134e-02	-3.523170e-02
123           	7.132769e-01	3.130834e-01	4.001936e-01	1.073579e-01	5.333812e-02	5.401978e-02	-3.408345e-04	-4.355508e-02	3.950559e-02	1.890383e-03	4.045078e-02	-3.856040e-02
124           	7.156536e-01	2.948788e-01	4.207747e-01	8.598744e-02	4.268746e-02	4.329998e-02	-3.062608e-04	-6.294796e-02	4.487967e-02	2.028606e-03	4.589398e-02	-4.386537e-02
125           	7.174685e-01	3.051088e-01	4.123597e-01	4.842129e-02	2.401337e-02	2.440792e-02	-1.972792e-04	-5.362547e-02	4.940080e-02	2.080687e-03	5.044114e-02	-4.836046e-02
126           	7.177220e-01	3.441877e-01	3.735342e-01	1.324795e-03	6.300425e-04	6.947520e-04	-3.235474e-05	-1.467324e-02	5.167547e-02	2.050615e-03	5.270078e-02	-5.065016e-02
127           	7.166823e-01	4.044370e-01	3.122453e-01	-4.503501e-02	-2.236269e-02	-2.267232e-02	1.548141e-04	4.609585e-02	5.276084e-02	1.951340e-03	5.373651e-02	-5.178517e-02
128           	7.151627e-01	4.729424e-01	2.422203e-01	-8.043094e-02	-3.989063e-02	-4.054031e-02	3.248366e-04	1.153610e-01	5.429547e-02	1.797521e-03	5.519423e-02	-5.339671e-02
129           	7.140492e-01	5.341268e-01	1.799224e-01	-9.603930e-02	-4.759303e-02	-4.844627e-02	4.266188e-04	1.771022e-01	5.722190e-02	1.611038e-03	5.802742e-02	-5.641638e-02
130           	7.144813e-01	5.771777e-01	1.373036e-01	-8.981465e-02	-4.446458e-02	-4.535007e-02	4.427440e-04	2.199371e-01	6.200795e-02	1.441089e-03	6.272849e-02	-6.128740e-02
131           	7.158134e-01	5.962832e-01	1.195302e-01	-6.418927e-02	-3.171698e-02	-3.247229e-02	3.776542e-04	2.383765e-01	6.615713e-02	1.316878e-03	6.681557e-02	-6.549869e-02
132           	7.172314e-01	5.866908e-01	1.305406e-01	-2.358032e-02	-1.154861e-02	-1.203172e-02	2.415537e-04	2.280751e-01	6.665569e-02	1.253291e-03	6.728234e-02	-6.602905e-02
133           	7.185670e-01	5.502955e-01	1.682715e-01	2.291016e-02	1.151387e-02	1.139629e-02	5.878652e-05	1.910120e-01	6.221255e-02	1.247622e-03	6.283636e-02	-6.158874e-02
134           	7.200618e-01	4.959157e-01	2.241461e-01	6.400742e-02	3.186636e-02	3.214106e-02	-1.373516e-04	1.358848e-01	5.393095e-02	1.282913e-03	5.457241e-02	-5.328949e-02
135           	7.218789e-01	4.349374e-01	2.869415e-01	9.009733e-02	4.476329e-02	4.533404e-02	-2.853715e-04	7.399794e-02	4.448661e-02	1.341448e-03	4.515734e-02	-4.381589e-02
136           	7.244135e-01	3.777853e-01	3.466282e-01	9.637859e-02	4.783239e-02	4.854619e-02	-3.568989e-04	1.557856e-02	3.731589e-02	1.416508e-03	3.802415e-02	-3.660764e-02
137           	7.272906e-01	3.326504e-01	3.946402e-01	8.249614e-02	4.090409e-02	4.159205e-02	-3.439837e-04	-3.099487e-02	3.384254e-02	1.496446e-03	3.459076e-02	-3.309431e-02
138           	7.291080e-01	3.058012e-01	4.233068e-01	5.150776e-02	2.550148e-02	2.600629e-02	-2.524058e-04	-5.875283e-02	3.295626e-02	1.584885e-03	3.374871e-02	-3.216382e-02
139           	7.294108e-01	3.005797e-01	4.288311e-01	1.022718e-02	5.013931e-03	5.213252e-03	-9.966012e-05	-6.412567e-02	3.315698e-02	1.671130e-03	3.399255e-02	-3.232142e-02
140           	7.288896e-01	3.159086e-01	4.129810e-01	-3.125288e-02	-1.554641e-02	-1.570647e-02	8.002842e-05	-4.853618e-02	3.284926e-02	1.741626e-03	3.372007e-02	-3.197845e-02
141           	7.275383e-01	3.461618e-01	3.813765e-01	-6.254074e-02	-3.103684e-02	-3.150390e-02	2.335329e-04	-1.760731e-02	3.061313e-02	1.771063e-03	3.149866e-02	-2.972759e-02
142           	7.275591e-01	3.871573e-01	3.404019e-01	-7.901007e-02	-3.918177e-02	-3.982830e-02	3.232642e-04	2.337770e-02	2.818946e-02	1.761224e-03	2.907007e-02	-2.730884e-02
143           	7.286581e-01	4.314212e-01	2.972369e-01	-7.822507e-02	-3.877144e-02	-3.945363e-02	3.410988e-04	6.709212e-02	2.769869e-02	1.702364e-03	2.854987e-02	-2.684751e-02
144           	7.296737e-01	4.691681e-01	2.605056e-01	-6.169862e-02	-3.056447e-02	-3.113415e-02	2.848446e-04	1.043312e-01	2.958485e-02	1.603365e-03	3.038653e-02	-2.878317e-02
145           	7.302161e-01	4.924890e-01	2.377270e-01	-3.443364e-02	-1.704918e-02	-1.738446e-02	1.676386e-04	1.273810e-01	3.351917e-02	1.482504e-03	3.426042e-02	-3.277792e-02
146           	7.303704e-01	4.978704e-01	2.325000e-01	-4.064683e-03	-2.014871e-03	-2.049812e-03	1.747020e-05	1.326852e-01	3.766998e-02	1.358898e-03	3.834943e-02	-3.699053e-02
147           	7.305017e-01	4.850903e-01	2.454113e-01	2.173129e-02	1.074421e-02	1.098708e-02	-1.214312e-04	1.198395e-01	3.954696e-02	1.238243e-03	4.016608e-02	-3.892783e-02
148           	7.308354e-01	4.548231e-01	2.760123e-01	3.784047e-02	1.870475e-02	1.913572e-02	-2.154833e-04	8.940543e-02	3.800854e-02	1.128478e-03	3.857278e-02	-3.744431e-02
149           	7.317522e-01	4.096974e-01	3.220548e-01	4.173362e-02	2.061188e-02	2.112173e-02	-2.549252e-04	4.382128e-02	3.360068e-02	1.034543e-03	3.411796e-02	-3.308341e-02
150           	7.324462e-01	3.558690e-01	3.765772e-01	3.327537e-02	1.640665e-02	1.686872e-02	-2.310366e-04	-1.035411e-02	2.749673e-02	9.599340e-04	2.797669e-02	-2.701676e-02
151           	7.325856e-01	3.015182e-01	4.310674e-01	1.544700e-02	7.576715e-03	7.870288e-03	-1.467863e-04	-6.477462e-02	2.214781e-02	9.075691e-04	2.260160e-02	-2.169403e-02
152           	7.321297e-01	2.540987e-01	4.780310e-01	-5.908784e-03	-2.982971e-03	-2.925813e-03	-2.857910e-05	-1.119662e-01	1.926459e-02	8.859874e-04	1.970758e-02	-1.882160e-02
153           	7.314368e-01	2.187154e-01	5.127214e-01	-2.503383e-02	-1.243764e-02	-1.259619e-02	7.927460e-05	-1.470030e-01	1.823455e-02	8.944048e-04	1.868175e-02	-1.778735e-02
154           	7.310545e-01	1.994079e-01	5.316466e-01	-3.794558e-02	-1.881941e-02	-1.912618e-02	1.533862e-04	-1.661194e-01	1.751608e-02	9.281674e-04	1.798016e-02	-1.705200e-02
155           	7.311645e-01	1.981455e-01	5.330189e-01	-4.201094e-02	-2.081628e-02	-2.119466e-02	1.891876e-04	-1.674367e-01	1.635138e-02	9.734611e-04	1.683811e-02	-1.586465e-02
156           	7.312118e-01	2.140450e-01	5.171668e-01	-3.622768e-02	-1.793937e-02	-1.828831e-02	1.744699e-04	-1.515609e-01	1.407044e-02	1.010776e-03	1.457583e-02	-1.356505e-02
157           	7.311212e-01	2.437423e-01	4.873789e-01	-2.301092e-02	-1.140073e-02	-1.161018e-02	1.047249e-04	-1.218183e-01	1.149035e-02	1.020724e-03	1.200071e-02	-1.097999e-02
158           	7.308426e-01	2.821039e-01	4.487387e-01	-7.866748e-03	-3.937323e-03	-3.929425e-03	-3.948810e-06	-8.331738e-02	1.027869e-02	9.966554e-04	1.077701e-02	-9.780359e-03
159           	7.304334e-01	3.230301e-01	4.074033e-01	3.821452e-03	1.807645e-03	2.013807e-03	-1.030808e-04	-4.218660e-02	1.120386e-02	9.356500e-04	1.167168e-02	-1.073603e-02
160           	7.305010e-01	3.606858e-01	3.698152e-01	9.568608e-03	4.619806e-03	4.948802e-03	-1.644979e-04	-4.564723e-03	1.372584e-02	8.470883e-04	1.414939e-02	-1.330230e-02
161           	7.311258e-01	3.886390e-01	3.424868e-01	8.126932e-03	3.874451e-03	4.252481e-03	-1.890147e-04	2.307612e-02	1.689757e-02	7.551489e-04	1.727514e-02	-1.651999e-02
162           	7.312982e-01	4.014955e-01	3.298026e-01	-9.850533e-04	-6.650183e-04	-3.200350e-04	-1.724916e-04	3.584644e-02	1.915169e-02	6.774267e-04	1.949040e-02	-1.881298e-02
163           	7.310436e-01	3.961829e-01	3.348607e-01	-1.545772e-02	-7.841342e-03	-7.616376e-03	-1.124829e-04	3.066108e-02	1.931837e-02	6.199279e-04	1.962833e-02	-1.900840e-02
164           	7.305696e-01	3.726948e-01	3.578748e-01	-2.959461e-02	-1.481295e-02	-1.478165e-02	-1.564971e-05	7.409971e-03	1.749526e-02	5.865278e-04	1.778852e-02	-1.720199e-02
165           	7.295169e-01	3.335724e-01	3.959445e-01	-3.729806e-02	-1.857270e-02	-1.872537e-02	7.633287e-05	-3.118606e-02	1.469912e-02	5.637920e-04	1.498102e-02	-1.441722e-02
166           	7.280677e-01	2.842463e-01	4.438214e-01	-3.588724e-02	-1.781757e-02	-1.806967e-02	1.260524e-04	-7.978756e-02	1.203113e-02	5.530001e-04	1.230763e-02	-1.175463e-02
167           	7.271702e-01	2.323769e-01	4.947933e-01	-2.568119e-02	-1.270898e-02	-1.297221e-02	1.316134e-04	-1.312082e-01	1.034631e-02	5.598461e-04	1.062623e-02	-1.006639e-02
168           	7.261950e-01	1.861057e-01	5.400893e-01	-7.901611e-03	-3.858566e-03	-4.043044e-03	9.223894e-05	-1.769918e-01	1.000884e-02	5.974244e-04	1.030755e-02	-9.710124e-03
169           	7.253448e-01	1.534285e-01	5.719162e-01	1.399315e-02	7.007376e-03	6.985772e-03	1.080173e-05	-2.092439e-01	1.024889e-02	6.650193e-04	1.058140e-02	-9.916379e-03
170           	7.250753e-01	1.405432e-01	5.845321e-01	3.378510e-02	1.679372e-02	1.699138e-02	-9.883019e-05	-2.219945e-01	9.935195e-03	7.484745e-04	1.030943e-02	-9.560958e-03
171           	7.251353e-01	1.496774e-01	5.754579e-01	4.534120e-02	2.247166e-02	2.286954e-02	-1.989375e-04	-2.128902e-01	8.677708e-03	8.370802e-04	9.096248e-03	-8.259168e-03
172           	7.250722e-01	1.804631e-01	5.446091e-01	4.561383e-02	2.255604e-02	2.305778e-02	-2.508696e-04	-1.820730e-01	7.017604e-03	9.173289e-04	7.476269e-03	-6.558940e-03
173           	7.250826e-01	2.303191e-01	4.947634e-01	3.440818e-02	1.695122e-02	1.745696e-02	-2.528729e-04	-1.322222e-01	5.792491e-03	9.650530e-04	6.275017e-03	-5.309964e-03
174           	7.242281e-01	2.926465e-01	4.315816e-01	1.365850e-02	6.627730e-03	7.030765e-03	-2.015176e-04	-6.946753e-02	5.909455e-03	9.700713e-04	6.394491e-03	-5.424419e-03
175           	7.225843e-01	3.578217e-01	3.647626e-01	-1.232519e-02	-6.264646e-03	-6.060541e-03	-1.020524e-04	-3.470479e-03	7.627144e-03	9.389761e-04	8.096632e-03	-7.157656e-03
176           	7.210525e-01	4.153884e-01	3.056641e-01	-3.643491e-02	-1.819198e-02	-1.824293e-02	2.547471e-05	5.486214e-02	1.034617e-02	8.819965e-04	1.078717e-02	-9.905169e-03
177           	7.201505e-01	4.559755e-01	2.641750e-01	-5.170109e-02	-2.571103e-02	-2.599006e-02	1.395128e-04	9.590024e-02	1.313379e-02	8.145405e-04	1.354106e-02	-1.272652e-02
178           	7.198770e-01	4.736497e-01	2.462273e-01	-5.433044e-02	-2.695959e-02	-2.737084e-02	2.056250e-04	1.137112e-01	1.532631e-02	7.539208e-04	1.570327e-02	-1.494935e-02
179           	7.201819e-01	4.659761e-01	2.542058e-01	-4.350349e-02	-2.153451e-02	-2.196898e-02	2.172369e-04	1.058852e-01	1.662731e-02	7.061992e-04	1.698041e-02	-1.627421e-02
180           	7.201667e-01	4.344613e-01	2.857054e-01	-2.041029e-02	-1.003439e-02	-1.037589e-02	1.707487e-04	7.437794e-02	1.727686e-02	6.837993e-04	1.761876e-02	-1.693496e-02
181           	7.195353e-01	3.852949e-01	3.342404e-01	1.041800e-02	5.277307e-03	5.140692e-03	6.830776e-05	2.552724e-02	1.718553e-02	6.844895e-04	1.752778e-02	-1.684329e-02
182           	7.186768e-01	3.289618e-01	3.897151e-01	4.132009e-02	2.059371e-02	2.072638e-02	-6.633235e-05	-3.037665e-02	1.622737e-02	7.101182e-04	1.658243e-02	-1.587231e-02
183           	7.182215e-01	2.766063e-01	4.416151e-01	6.493387e-02	3.228314e-02	3.265073e-02	-1.837990e-04	-8.250439e-02	1.480627e-02	7.607266e-04	1.518663e-02	-1.442590e-02
184           	7.189632e-01	2.387780e-01	4.801852e-01	7.669620e-02	3.808866e-02	3.860754e-02	-2.594433e-04	-1.207036e-01	1.358894e-02	8.244893e-04	1.400119e-02	-1.317670e-02
185           	7.208474e-01	2.236545e-01	4.971929e-01	7.433261e-02	3.688398e-02	3.744864e-02	-2.823294e-04	-1.367692e-01	1.304211e-02	8.875194e-04	1.348587e-02	-1.259835e-02
186           	7.228161e-01	2.353498e-01	4.874663e-01	5.801885e-02	2.876614e-02	2.925271e-02	-2.432869e-04	-1.260583e-01	1.344784e-02	9.367349e-04	1.391620e-02	-1.297947e-02
187           	7.243880e-01	2.735375e-01	4.508505e-01	3.146303e-02	1.558921e-02	1.587382e-02	-1.423042e-04	-8.865650e-02	1.487383e-02	9.602393e-04	1.535395e-02	-1.439371e-02
188           	7.251445e-01	3.331427e-01	3.920018e-01	1.983575e-03	9.912607e-04	9.923147e-04	-5.269645e-07	-2.942957e-02	1.622131e-02	9.470348e-04	1.669482e-02	-1.574779e-02
189           	7.249724e-01	4.051797e-01	3.197927e-01	-2.269683e-02	-1.121939e-02	-1.147744e-02	1.290257e-04	4.269351e-02	1.646066e-02	8.992942e-04	1.691031e-02	-1.601101e-02
190           	7.245943e-01	4.794987e-01	2.450956e-01	-3.734395e-02	-1.845411e-02	-1.888985e-02	2.178700e-04	1.172016e-01	1.583150e-02	8.333340e-04	1.624817e-02	-1.541484e-02
191           	7.242036e-01	5.436038e-01	1.805998e-01	-3.899977e-02	-1.923938e-02	-1.976040e-02	2.605098e-04	1.815020e-01	1.500490e-02	7.661664e-04	1.538799e-02	-1.462182e-02
192           	7.239409e-01	5.898871e-01	1.340539e-01	-2.752885e-02	-1.351646e-02	-1.401239e-02	2.479653e-04	2.279166e-01	1.475791e-02	7.206876e-04	1.511825e-02	-1.439756e-02
193           	7.243225e-01	6.131058e-01	1.112167e-01	-5.000915e-03	-2.323774e-03	-2.677141e-03	1.766839e-04	2.509445e-01	1.550571e-02	7.165135e-04	1.586396e-02	-1.514745e-02
194           	7.245493e-01	6.095474e-01	1.150019e-01	2.204986e-02	1.107837e-02	1.097150e-02	5.343342e-05	2.472727e-01	1.597525e-02	7.521675e-04	1.635133e-02	-1.559916e-02
195           	7.242266e-01	5.827261e-01	1.415005e-01	4.590851e-02	2.288057e-02	2.302794e-02	-7.368636e-05	2.206128e-01	1.529456e-02	8.151080e-04	1.570212e-02	-1.488701e-02
196           	7.237558e-01	5.392554e-01	1.845003e-01	6.132661e-02	3.050126e-02	3.082535e-02	-1.620472e-04	1.773775e-01	1.350913e-02	8.905834e-04	1.395442e-02	-1.306383e-02
197           	7.239695e-01	4.874793e-01	2.364902e-01	6.532975e-02	3.246214e-02	3.286762e-02	-2.027409e-04	1.254946e-01	1.207150e-02	9.637803e-04	1.255339e-02	-1.158961e-02
198           	7.244149e-01	4.371590e-01	2.872559e-01	5.687720e-02	2.824971e-02	2.862749e-02	-1.888943e-04	7.495155e-02	1.198294e-02	1.033707e-03	1.249980e-02	-1.146609e-02
199           	7.250879e-01	3.981871e-01	3.269008e-01	3.817478e-02	1.897045e-02	1.920433e-02	-1.169372e-04	3.564318e-02	1.370560e-02	1.091969e-03	1.425159e-02	-1.315962e-02
200           	7.260513e-01	3.787848e-01	3.472665e-01	1.525424e-02	7.628407e-03	7.625830e-03	1.288614e-06	1.575915e-02	1.732565e-02	1.141568e-03	1.789643e-02	-1.675487e-02
201           	7.268332e-01	3.825880e-01	3.442452e-01	-4.739913e-03	-2.247376e-03	-2.492537e-03	1.225806e-04	1.917138e-02	2.169537e-02	1.160576e-03	2.227565e-02	-2.111508e-02
202           	7.271725e-01	4.098351e-01	3.173374e-01	-1.677476e-02	-8.178501e-03	-8.596256e-03	2.088772e-04	4.624883e-02	2.534351e-02	1.140328e-03	2.591368e-02	-2.477335e-02
203           	7.275547e-01	4.584906e-01	2.690641e-01	-1.859579e-02	-9.047493e-03	-9.548298e-03	2.504022e-04	9.471322e-02	2.732915e-02	1.088705e-03	2.787350e-02	-2.678480e-02
204           	7.274610e-01	5.228778e-01	2.045832e-01	-9.833796e-03	-4.678706e-03	-5.155091e-03	2.381926e-04	1.591473e-01	2.740271e-02	1.024077e-03	2.791475e-02	-2.689067e-02
205           	7.267052e-01	5.919558e-01	1.347494e-01	6.253874e-03	3.295165e-03	2.958709e-03	1.682279e-04	2.286032e-01	2.586962e-02	9.717272e-04	2.635548e-02	-2.538375e-02
206           	7.265213e-01	6.582523e-01	6.826900e-02	2.458454e-02	1.234932e-02	1.223522e-02	5.705236e-05	2.949916e-01	2.436921e-02	9.404262e-04	2.483943e-02	-2.389900e-02
207           	7.264623e-01	7.094093e-01	1.705302e-02	3.847347e-02	1.918533e-02	1.928814e-02	-5.140602e-05	3.461781e-01	2.366184e-02	9.357878e-04	2.412974e-02	-2.319395e-02
208           	7.268688e-01	7.341800e-01	-7.311205e-03	4.444145e-02	2.209979e-02	2.234166e-02	-1.209378e-04	3.707456e-01	2.398082e-02	9.575552e-04	2.445959e-02	-2.350204e-02
209           	7.278168e-01	7.288505e-01	-1.033699e-03	4.123864e-02	2.047271e-02	2.076593e-02	-1.466077e-04	3.649421e-01	2.428014e-02	1.013720e-03	2.478700e-02	-2.377328e-02
210           	7.286465e-01	6.929703e-01	3.567616e-02	2.828360e-02	1.401588e-02	1.426771e-02	-1.259161e-04	3.286471e-01	2.365721e-02	1.099283e-03	2.420685e-02	-2.310757e-02
211           	7.291051e-01	6.304856e-01	9.861951e-02	7.594711e-03	3.741131e-03	3.853580e-03	-5.622475e-05	2.659330e-01	2.287531e-02	1.192832e-03	2.347173e-02	-2.227890e-02
212           	7.290790e-01	5.511807e-01	1.778982e-01	-1.514131e-02	-7.518178e-03	-7.623131e-03	5.247614e-05	1.866412e-01	2.250487e-02	1.271698e-03	2.314072e-02	-2.186902e-02
213           	7.285212e-01	4.694334e-01	2.590878e-01	-3.324060e-02	-1.645703e-02	-1.678357e-02	1.632693e-04	1.051728e-01	2.307954e-02	1.300826e-03	2.372995e-02	-2.242913e-02
214           	7.278086e-01	4.012423e-01	3.265664e-01	-4.215416e-02	-2.083816e-02	-2.131600e-02	2.389207e-04	3.733794e-02	2.479954e-02	1.270619e-03	2.543485e-02	-2.416423e-02
215           	7.271291e-01	3.587785e-01	3.683507e-01	-4.001958e-02	-1.974900e-02	-2.027058e-02	2.607939e-04	-4.786097e-03	2.734017e-02	1.181422e-03	2.793088e-02	-2.674946e-02
216           	7.266541e-01	3.488660e-01	3.777881e-01	-2.694883e-02	-1.324420e-02	-1.370462e-02	2.302081e-04	-1.446104e-02	2.931089e-02	1.059709e-03	2.984074e-02	-2.878103e-02
217           	7.261989e-01	3.736503e-01	3.525487e-01	-4.719490e-03	-2.206615e-03	-2.512875e-03	1.531301e-04	1.055080e-02	3.017393e-02	9.436137e-04	3.064574e-02	-2.970213e-02
218           	7.255257e-01	4.301440e-01	2.953817e-01	2.221853e-02	1.114711e-02	1.107142e-02	3.784711e-05	6.738111e-02	3.015178e-02	8.590342e-04	3.058130e-02	-2.972226e-02
219           	7.248547e-01	5.075980e-01	2.172567e-01	4.655704e-02	2.318329e-02	2.337375e-02	-9.523050e-05	1.451707e-01	2.906101e-02	8.146580e-04	2.946834e-02	-2.865368e-02
220           	7.243593e-01	5.899760e-01	1.343833e-01	6.116607e-02	3.036607e-02	3.080000e-02	-2.169685e-04	2.277963e-01	2.665424e-02	8.202647e-04	2.706437e-02	-2.624410e-02
221           	7.243401e-01	6.601872e-01	6.415295e-02	6.135871e-02	3.039117e-02	3.096754e-02	-2.881811e-04	2.980171e-01	2.315528e-02	8.818342e-04	2.359619e-02	-2.271436e-02
222           	7.250526e-01	7.049149e-01	2.013772e-02	4.634720e-02	2.288689e-02	2.346030e-02	-2.867051e-04	3.423886e-01	1.860884e-02	9.936194e-04	1.910565e-02	-1.811203e-02
223           	7.268131e-01	7.148391e-01	1.197396e-02	1.824911e-02	8.904824e-03	9.344286e-03	-2.197312e-04	3.514326e-01	1.293370e-02	1.139747e-03	1.350357e-02	-1.236382e-02
224           	7.285083e-01	6.834598e-01	4.504844e-02	-1.899522e-02	-9.599822e-03	-9.395396e-03	-1.022135e-04	3.192057e-01	8.570089e-03	1.299830e-03	9.220004e-03	-7.920174e-03
225           	7.294244e-01	6.114350e-01	1.179893e-01	-5.880599e-02	-2.935907e-02	-2.944692e-02	4.392526e-05	2.467229e-01	7.512179e-03	1.433795e-03	8.229077e-03	-6.795281e-03
226           	7.298714e-01	5.105148e-01	2.193566e-01	-9.237716e-02	-4.599386e-02	-4.638330e-02	1.947181e-04	1.455791e-01	8.944648e-03	1.492981e-03	9.691138e-03	-8.198157e-03
227           	7.300697e-01	3.993265e-01	3.307432e-01	-1.110657e-01	-5.520803e-02	-5.585762e-02	3.247939e-04	3.429167e-02	1.114863e-02	1.461023e-03	1.187915e-02	-1.041812e-02
228           	7.297874e-01	2.984721e-01	4.313153e-01	-1.091875e-01	-5.420689e-02	-5.498064e-02	3.868715e-04	-6.642160e-02	1.252149e-02	1.356029e-03	1.319950e-02	-1.184347e-02
229           	7.291809e-01	2.246364e-01	5.045445e-01	-8.646002e-02	-4.287230e-02	-4.358772e-02	3.577114e-04	-1.399540e-01	1.202281e-02	1.213047e-03	1.262933e-02	-1.141629e-02
230           	7.288758e-01	1.891239e-01	5.397519e-01	-4.708000e-02	-2.329293e-02	-2.378708e-02	2.470771e-04	-1.753140e-01	9.019945e-03	1.069139e-03	9.554515e-03	-8.485375e-03
231           	7.281546e-01	1.979323e-01	5.302223e-01	1.955160e-03	1.059383e-03	8.957766e-04	8.180341e-05	-1.661450e-01	5.605065e-03	9.603358e-04	6.085233e-03	-5.124897e-03
232           	7.271086e-01	2.510542e-01	4.760543e-01	5.133104e-02	2.555955e-02	2.577149e-02	-1.059670e-04	-1.125001e-01	3.577254e-03	9.126786e-04	4.033593e-03	-3.120915e-03
233           	7.269944e-01	3.373127e-01	3.896817e-01	9.024343e-02	4.483774e-02	4.540568e-02	-2.839716e-04	-2.618453e-02	1.057682e-03	9.342864e-04	1.524825e-03	-5.905385e-04
234           	7.286071e-01	4.364274e-01	2.921797e-01	1.090391e-01	5.410050e-02	5.493862e-02	-4.190633e-04	7.212385e-02	-3.922135e-03	1.023200e-03	-3.410535e-03	4.433735e-03
235           	7.315772e-01	5.261165e-01	2.054607e-01	1.028565e-01	5.096703e-02	5.188947e-02	-4.612198e-04	1.603279e-01	-1.208239e-02	1.155056e-03	-1.150486e-02	1.265992e-02
236           	7.355376e-01	5.888384e-01	1.466992e-01	7.301328e-02	3.610630e-02	3.690698e-02	-4.003428e-04	2.210696e-01	-2.363547e-02	1.290551e-03	-2.299019e-02	2.428074e-02
237           	7.398918e-01	6.117076e-01	1.281842e-01	2.545700e-02	1.246844e-02	1.298856e-02	-2.600606e-04	2.417617e-01	-3.677275e-02	1.398952e-03	-3.607327e-02	3.747223e-02
238           	7.431835e-01	5.862310e-01	1.569525e-01	-3.129301e-02	-1.571247e-02	-1.558054e-02	-6.596690e-05	2.146392e-01	-4.519306e-02	1.452141e-03	-4.446699e-02	4.591913e-02
239           	7.453631e-01	5.129711e-01	2.323920e-01	-8.662922e-02	-4.316486e-02	-4.346436e-02	1.497461e-04	1.402896e-01	-4.452696e-02	1.416464e-03	-4.381872e-02	4.523519e-02
240           	7.477240e-01	4.047535e-01	3.429704e-01	-1.287096e-01	-6.400877e-02	-6.470085e-02	3.460380e-04	3.089156e-02	-3.731451e-02	1.274844e-03	-3.667709e-02	3.795193e-02
241           	7.508049e-01	2.834704e-01	4.673345e-01	-1.469699e-01	-7.299990e-02	-7.397004e-02	4.850692e-04	-9.193204e-02	-2.856177e-02	1.052429e-03	-2.803556e-02	2.908799e-02
242           	7.539672e-01	1.729477e-01	5.810195e-01	-1.359579e-01	-6.745631e-02	-6.850157e-02	5.226333e-04	-2.040359e-01	-2.257956e-02	7.951005e-04	-2.218201e-02	2.297711e-02
243           	7.565544e-01	9.306559e-02	6.634888e-01	-9.724702e-02	-4.817701e-02	-4.907002e-02	4.465055e-04	-2.852116e-01	-2.212468e-02	5.507329e-04	-2.184932e-02	2.240005e-02
244           	7.575450e-01	5.697980e-02	7.005652e-01	-3.840804e-02	-1.892141e-02	-1.948662e-02	2.826068e-04	-3.217927e-01	-2.597209e-02	3.695611e-04	-2.578731e-02	2.615687e-02
245           	7.573438e-01	7.107639e-02	6.862674e-01	2.936980e-02	1.474234e-02	1.462746e-02	5.744259e-05	-3.075955e-01	-3.120741e-02	2.759503e-04	-3.106944e-02	3.134539e-02
246           	7.568512e-01	1.341053e-01	6.227459e-01	9.268306e-02	4.615126e-02	4.653180e-02	-1.902684e-04	-2.443203e-01	-3.437322e-02	2.713261e-04	-3.423756e-02	3.450889e-02
247           	7.570871e-01	2.339525e-01	5.231346e-01	1.374359e-01	6.831149e-02	6.912437e-02	-4.064351e-04	-1.445910e-01	-3.575836e-02	3.407800e-04	-3.558797e-02	3.592875e-02
248           	7.586986e-01	3.489341e-01	4.097644e-01	1.532869e-01	7.610922e-02	7.717768e-02	-5.342285e-04	-3.041515e-02	-3.837343e-02	4.360603e-04	-3.815540e-02	3.859146e-02
249           	7.619200e-01	4.539079e-01	3.080121e-01	1.370875e-01	6.799976e-02	6.908776e-02	-5.439997e-04	7.294793e-02	-4.423172e-02	5.105921e-04	-4.397642e-02	4.448701e-02
250           	7.652332e-01	5.270961e-01	2.381371e-01	9.343942e-02	4.628998e-02	4.714943e-02	-4.297265e-04	1.444795e-01	-5.209605e-02	5.290956e-04	-5.183150e-02	5.236059e-02
251           	7.674726e-01	5.562616e-01	2.112111e-01	3.177159e-02	1.565672e-02	1.611487e-02	-2.290761e-04	1.725253e-01	-5.991121e-02	4.660002e-04	-5.967821e-02	6.014421e-02
252           	7.699762e-01	5.350963e-01	2.348799e-01	-3.519838e-02	-1.758240e-02	-1.761598e-02	1.678618e-05	1.501082e-01	-6.387567e-02	3.225204e-04	-6.371441e-02	6.403693e-02
253           	7.717146e-01	4.669340e-01	3.047806e-01	-9.420950e-02	-4.683094e-02	-4.737855e-02	2.738046e-04	8.107673e-02	-5.901750e-02	1.216984e-04	-5.895665e-02	5.907835e-02
254           	7.725029e-01	3.632316e-01	4.092713e-01	-1.327782e-01	-6.590262e-02	-6.687559e-02	4.864821e-04	-2.301988e-02	-4.783597e-02	-8.952462e-05	-4.788073e-02	4.779121e-02
255           	7.734892e-01	2.436824e-01	5.298068e-01	-1.436549e-01	-7.121500e-02	-7.243987e-02	6.124331e-04	-1.430622e-01	-3.686222e-02	-2.793056e-04	-3.700188e-02	3.672257e-02
256           	7.749469e-01	1.330390e-01	6.419080e-01	-1.259880e-01	-6.237848e-02	-6.360954e-02	6.155304e-04	-2.544345e-01	-3.208318e-02	-4.315864e-04	-3.229897e-02	3.186738e-02
257           	7.762767e-01	5.307532e-02	7.232013e-01	-8.507305e-02	-4.203061e-02	-4.304244e-02	5.059157e-04	-3.350630e-01	-3.572829e-02	-5.333135e-04	-3.599494e-02	3.546163e-02
258           	7.772325e-01	1.590576e-02	7.613267e-01	-2.870875e-02	-1.402587e-02	-1.468287e-02	3.284993e-04	-3.727105e-01	-4.740397e-02	-5.738934e-04	-4.769091e-02	4.711702e-02
259           	7.792642e-01	3.051488e-02	7.487493e-01	3.437251e-02	1.730008e-02	1.707243e-02	1.138208e-04	-3.591172e-01	-6.050669e-02	-5.657976e-04	-6.078959e-02	6.022379e-02
260           	7.801555e-01	9.444912e-02	6.857064e-01	9.428837e-02	4.703430e-02	4.725408e-02	-1.098884e-04	-2.956286e-01	-6.955075e-02	-5.001894e-04	-6.980084e-02	6.930065e-02
261           	7.797097e-01	1.977265e-01	5.819831e-01	1.407088e-01	7.004608e-02	7.066276e-02	-3.083394e-04	-1.921283e-01	-7.081574e-02	-3.936983e-04	-7.101259e-02	7.061889e-02
262           	7.782334e-01	3.224747e-01	4.557587e-01	1.664842e-01	8.281134e-02	8.367284e-02	-4.307506e-04	-6.664201e-02	-6.523548e-02	-3.119914e-04	-6.539147e-02	6.507948e-02
263           	7.762927e-01	4.464751e-01	3.298176e-01	1.685263e-01	8.379605e-02	8.473028e-02	-4.671146e-04	5.832879e-02	-5.768152e-02	-3.249029e-04	-5.784397e-02	5.751907e-02
264           	7.747733e-01	5.514785e-01	2.232948e-01	1.468364e-01	7.298427e-02	7.385210e-02	-4.339165e-04	1.640918e-01	-5.216146e-02	-4.552760e-04	-5.238909e-02	5.193382e-02
265           	7.751390e-01	6.207489e-01	1.543901e-01	1.020561e-01	5.071128e-02	5.134485e-02	-3.167880e-04	2.331794e-01	-5.049490e-02	-6.921215e-04	-5.084096e-02	5.014884e-02
266           	7.753199e-01	6.471610e-01	1.281589e-01	4.078132e-02	2.026052e-02	2.052080e-02	-1.301403e-04	2.595010e-01	-5.120150e-02	-1.001660e-03	-5.170233e-02	5.070067e-02
267           	7.746400e-01	6.293971e-01	1.452429e-01	-2.607535e-02	-1.294278e-02	-1.313257e-02	9.489822e-05	2.420771e-01	-5.215440e-02	-1.301119e-03	-5.280496e-02	5.150384e-02
268           	7.727819e-01	5.732694e-01	1.995125e-01	-8.588395e-02	-4.261879e-02	-4.326516e-02	3.231835e-04	1.868785e-01	-5.106489e-02	-1.507757e-03	-5.181877e-02	5.031101e-02
269           	7.699607e-01	4.897906e-01	2.801701e-01	-1.277334e-01	-6.335043e-02	-6.438295e-02	5.162614e-04	1.048103e-01	-4.829801e-02	-1.557623e-03	-4.907682e-02	4.751920e-02
270           	7.670061e-01	3.936149e-01	3.733912e-01	-1.450851e-01	-7.191664e-02	-7.316845e-02	6.259073e-04	1.011184e-02	-4.808464e-02	-1.454011e-03	-4.881165e-02	4.735764e-02
271           	7.649896e-01	3.013583e-01	4.636312e-01	-1.361794e-01	-6.745203e-02	-6.872736e-02	6.376669e-04	-8.113644e-02	-5.507841e-02	-1.255164e-03	-5.570599e-02	5.445083e-02
272           	7.644588e-01	2.303755e-01	5.340833e-01	-1.022491e-01	-5.057247e-02	-5.167658e-02	5.520521e-04	-1.518539e-01	-6.885263e-02	-1.023425e-03	-6.936434e-02	6.834091e-02
273           	7.652447e-01	1.932156e-01	5.720290e-01	-4.797349e-02	-2.360214e-02	-2.437136e-02	3.846104e-04	-1.894067e-01	-8.514907e-02	-8.405515e-04	-8.556934e-02	8.472879e-02
274           	7.666031e-01	1.951628e-01	5.714403e-01	1.802049e-02	9.179010e-03	8.841483e-03	1.687637e-04	-1.881388e-01	-9.833193e-02	-7.393586e-04	-9.870161e-02	9.796225e-02
275           	7.677328e-01	2.344248e-01	5.333080e-01	8.415075e-02	4.200469e-02	4.214605e-02	-7.067923e-05	-1.494416e-01	-1.034595e-01	-6.969402e-04	-1.038079e-01	1.031110e-01
276           	7.675813e-01	3.039249e-01	4.636564e-01	1.382907e-01	6.885212e-02	6.943858e-02	-2.932311e-04	-7.986572e-02	-9.767265e-02	-6.974181e-04	-9.802135e-02	9.732394e-02
277           	7.664578e-01	3.932233e-01	3.732344e-01	1.709447e-01	8.501301e-02	8.593169e-02	-4.593356e-04	9.994448e-03	-8.383686e-02	-7.508313e-04	-8.421228e-02	8.346144e-02
278           	7.649477e-01	4.905720e-01	2.743757e-01	1.775035e-01	8.821332e-02	8.929014e-02	-5.384103e-04	1.080981e-01	-6.798488e-02	-8.635742e-04	-6.841666e-02	6.755309e-02
279           	7.639678e-01	5.830326e-01	1.809352e-01	1.576153e-01	7.829251e-02	7.932279e-02	-5.151400e-04	2.010487e-01	-5.573659e-02	-1.029497e-03	-5.625134e-02	5.522185e-02
280           	7.643650e-01	6.590819e-01	1.052831e-01	1.144341e-01	5.682026e-02	5.761387e-02	-3.968058e-04	2.768994e-01	-4.946694e-02	-1.249545e-03	-5.009172e-02	4.884217e-02
281           	7.657841e-01	7.096402e-01	5.614388e-02	5.490747e-02	2.724505e-02	2.766242e-02	-2.086821e-04	3.267482e-01	-4.957097e-02	-1.481264e-03	-5.031160e-02	4.883033e-02
282           	7.672012e-01	7.297235e-01	3.747774e-02	-1.083748e-02	-5.408384e-03	-5.429092e-03	1.035412e-05	3.461229e-01	-5.373323e-02	-1.635747e-03	-5.455111e-02	5.291536e-02
283           	7.679648e-01	7.169499e-01	5.101494e-02	-7.202849e-02	-3.577858e-02	-3.624991e-02	2.356628e-04	3.329675e-01	-5.872844e-02	-1.634410e-03	-5.954564e-02	5.791123e-02
284           	7.675966e-01	6.721036e-01	9.549308e-02	-1.193962e-01	-5.927049e-02	-6.012574e-02	4.276255e-04	2.883052e-01	-6.152410e-02	-1.466229e-03	-6.225721e-02	6.079098e-02
285           	7.659039e-01	6.001824e-01	1.657215e-01	-1.463539e-01	-7.263014e-02	-7.372380e-02	5.468321e-04	2.172305e-01	-6.201279e-02	-1.189135e-03	-6.260736e-02	6.141822e-02
286           	7.631204e-01	5.109883e-01	2.521321e-01	-1.498602e-01	-7.435981e-02	-7.550043e-02	5.703097e-04	1.294281e-01	-6.255488e-02	-8.880654e-04	-6.299891e-02	6.211085e-02
287           	7.602620e-01	4.186772e-01	3.415847e-01	-1.298830e-01	-6.443145e-02	-6.545151e-02	5.100282e-04	3.854625e-02	-6.510148e-02	-6.584412e-04	-6.543070e-02	6.477226e-02
288           	7.587848e-01	3.383725e-01	4.204123e-01	-8.892179e-02	-4.408044e-02	-4.484134e-02	3.804520e-04	-4.101992e-02	-6.859206e-02	-5.826304e-04	-6.888337e-02	6.830074e-02
289           	7.587791e-01	2.808561e-01	4.779230e-01	-3.295605e-02	-1.627456e-02	-1.668149e-02	2.034687e-04	-9.853344e-02	-7.026315e-02	-6.696891e-04	-7.059799e-02	6.992830e-02
290           	7.595170e-01	2.525652e-01	5.069517e-01	2.832101e-02	1.415087e-02	1.417014e-02	-9.634402e-06	-1.271932e-01	-6.751958e-02	-8.727277e-04	-6.795595e-02	6.708322e-02
291           	7.605017e-01	2.557918e-01	5.047099e-01	8.311711e-02	4.133061e-02	4.178650e-02	-2.279487e-04	-1.244591e-01	-5.873657e-02	-1.136641e-03	-5.930489e-02	5.816825e-02
292           	7.610557e-01	2.902902e-01	4.707655e-01	1.214633e-01	6.032070e-02	6.114256e-02	-4.109314e-04	-9.023764e-02	-4.513360e-02	-1.396260e-03	-4.583173e-02	4.443547e-02
293           	7.605205e-01	3.521365e-01	4.083840e-01	1.371701e-01	6.806602e-02	6.910410e-02	-5.190370e-04	-2.812371e-02	-3.120472e-02	-1.606926e-03	-3.200819e-02	3.040126e-02
294           	7.590241e-01	4.333976e-01	3.256266e-01	1.287335e-01	6.383955e-02	6.489394e-02	-5.271943e-04	5.388550e-02	-2.222275e-02	-1.758795e-03	-2.310215e-02	2.134335e-02
295           	7.578381e-01	5.229988e-01	2.348392e-01	9.836806e-02	4.873863e-02	4.962943e-02	-4.454026e-04	1.440798e-01	-2.114030e-02	-1.862164e-03	-2.207138e-02	2.020922e-02
296           	7.579849e-01	6.083848e-01	1.496001e-01	5.121643e-02	2.531835e-02	2.589808e-02	-2.898632e-04	2.293923e-01	-2.861555e-02	-1.914143e-03	-2.957262e-02	2.765848e-02
297           	7.595346e-01	6.761204e-01	8.341423e-02	-4.696707e-03	-2.440733e-03	-2.255975e-03	-9.237919e-05	2.963531e-01	-4.168893e-02	-1.904513e-03	-4.264119e-02	4.073668e-02
298           	7.620793e-01	7.140103e-01	4.806906e-02	-5.975891e-02	-2.976441e-02	-2.999450e-02	1.150487e-04	3.329706e-01	-5.488072e-02	-1.808788e-03	-5.578512e-02	5.397633e-02
299           	7.648208e-01	7.129413e-01	5.187952e-02	-1.042663e-01	-5.183210e-02	-5.243415e-02	3.010246e-04	3.305309e-01	-6.320044e-02	-1.643094e-03	-6.402199e-02	6.237889e-02
300           	7.665624e-01	6.692404e-01	9.732195e-02	-1.310216e-01	-6.508314e-02	-6.593844e-02	4.276507e-04	2.859592e-01	-6.434944e-02	-1.453369e-03	-6.507612e-02	6.362275e-02
301           	7.666021e-01	5.864386e-01	1.801634e-01	-1.366805e-01	-6.787237e-02	-6.880817e-02	4.679027e-04	2.031376e-01	-5.881756e-02	-1.304309e-03	-5.946971e-02	5.816540e-02
302           	7.651448e-01	4.747760e-01	2.903688e-01	-1.217891e-01	-6.047643e-02	-6.131267e-02	4.181210e-04	9.220364e-02	-4.961022e-02	-1.245858e-03	-5.023315e-02	4.898729e-02
303           	7.636122e-01	3.485145e-01	4.150978e-01	-8.927366e-02	-4.433560e-02	-4.493806e-02	3.012293e-04	-3.329165e-02	-4.020211e-02	-1.321633e-03	-4.086293e-02	3.954129e-02
304           	7.629991e-01	2.249832e-01	5.380159e-01	-4.418406e-02	-2.194846e-02	-2.223561e-02	1.435744e-04	-1.565163e-01	-3.412756e-02	-1.530663e-03	-3.489289e-02	3.336222e-02
305           	7.632488e-01	1.220839e-01	6.411649e-01	5.769845e-03	2.854974e-03	2.914872e-03	-2.994919e-05	-2.595405e-01	-3.194063e-02	-1.783679e-03	-3.283247e-02	3.104879e-02
306           	7.637256e-01	5.482656e-02	7.088990e-01	5.143535e-02	2.551227e-02	2.592308e-02	-2.054038e-04	-3.270362e-01	-3.202621e-02	-1.979314e-03	-3.301587e-02	3.103655e-02
307           	7.639096e-01	3.260233e-02	7.313073e-01	8.461558e-02	4.195568e-02	4.265990e-02	-3.521140e-04	-3.493525e-01	-3.289336e-02	-2.065472e-03	-3.392609e-02	3.186062e-02
308           	7.630673e-01	5.883451e-02	7.042328e-01	1.003621e-01	4.974499e-02	5.061716e-02	-4.360885e-04	-3.226991e-01	-3.460129e-02	-2.030358e-03	-3.561647e-02	3.358611e-02
309           	7.608822e-01	1.295738e-01	6.313083e-01	9.762801e-02	4.837912e-02	4.924890e-02	-4.348883e-04	-2.508673e-01	-3.772589e-02	-1.902164e-03	-3.867697e-02	3.677481e-02
310           	7.581425e-01	2.335475e-01	5.245950e-01	7.871210e-02	3.899870e-02	3.971340e-02	-3.573475e-04	-1.455237e-01	-4.280086e-02	-1.714318e-03	-4.365802e-02	4.194371e-02
311           	7.568449e-01	3.541867e-01	4.026582e-01	4.760783e-02	2.357225e-02	2.403558e-02	-2.316663e-04	-2.423577e-02	-4.940780e-02	-1.523829e-03	-5.016972e-02	4.864589e-02
312           	7.578061e-01	4.722751e-01	2.855309e-01	9.403670e-03	4.618536e-03	4.785134e-03	-8.329923e-05	9.337210e-02	-5.693811e-02	-1.384096e-03	-5.763016e-02	5.624606e-02
313           	7.605857e-01	5.683378e-01	1.922479e-01	-2.968481e-02	-1.477907e-02	-1.490574e-02	6.333706e-05	1.880449e-01	-6.268031e-02	-1.313037e-03	-6.333683e-02	6.202379e-02
314           	7.641290e-01	6.263729e-01	1.377562e-01	-6.329456e-02	-3.145750e-02	-3.183706e-02	1.897773e-04	2.443083e-01	-6.250220e-02	-1.306899e-03	-6.315565e-02	6.184876e-02
315           	7.674893e-01	6.361729e-01	1.313164e-01	-8.606757e-02	-4.275512e-02	-4.331246e-02	2.786707e-04	2.524283e-01	-5.448117e-02	-1.364053e-03	-5.516320e-02	5.379914e-02
316           	7.695742e-01	5.954419e-01	1.741323e-01	-9.501031e-02	-4.719423e-02	-4.781608e-02	3.109290e-04	2.106548e-01	-4.004685e-02	-1.469671e-03	-4.078169e-02	3.931202e-02
317           	7.695542e-01	5.097403e-01	2.598139e-01	-8.989934e-02	-4.466701e-02	-4.523232e-02	2.826553e-04	1.249632e-01	-2.312238e-02	-1.600164e-03	-2.392246e-02	2.232230e-02
318           	7.683400e-01	3.915708e-01	3.767692e-01	-7.208456e-02	-3.582787e-02	-3.625669e-02	2.144132e-04	7.400828e-03	-7.805188e-03	-1.744579e-03	-8.677478e-03	6.932898e-03
319           	7.671603e-01	2.572431e-01	5.099172e-01	-4.418668e-02	-2.197720e-02	-2.220948e-02	1.161408e-04	-1.263370e-01	1.403543e-03	-1.875282e-03	4.659020e-04	-2.341184e-03
320           	7.666624e-01	1.269906e-01	6.396718e-01	-1.068697e-02	-5.345993e-03	-5.340978e-03	-2.507521e-06	-2.563406e-01	1.876706e-03	-1.967183e-03	8.931142e-04	-2.860297e-03
321           	7.673827e-01	2.131865e-02	7.460641e-01	2.301048e-02	1.138719e-02	1.162329e-02	-1.180516e-04	-3.623727e-01	-4.501506e-03	-2.004448e-03	-5.503730e-03	3.499283e-03
322           	7.690586e-01	-4.256512e-02	8.116238e-01	5.171655e-02	2.564059e-02	2.607596e-02	-2.176841e-04	-4.270944e-01	-1.358343e-02	-1.972944e-03	-1.456990e-02	1.259696e-02
323           	7.707422e-01	-5.433374e-02	8.250759e-01	7.071865e-02	3.507846e-02	3.564019e-02	-2.808682e-04	-4.397048e-01	-2.167798e-02	-1.881382e-03	-2.261868e-02	2.073729e-02
324           	7.714373e-01	-1.186091e-02	7.832982e-01	7.737457e-02	3.839336e-02	3.898121e-02	-2.939281e-04	-3.975795e-01	-2.740125e-02	-1.756660e-03	-2.827958e-02	2.652292e-02
325           	7.707522e-01	7.855337e-02	6.921989e-01	7.129790e-02	3.538949e-02	3.590841e-02	-2.594574e-04	-3.068228e-01	-3.030875e-02	-1.618225e-03	-3.111786e-02	2.949964e-02
326           	7.694160e-01	2.050445e-01	5.643715e-01	5.387452e-02	2.675006e-02	2.712446e-02	-1.872013e-04	-1.796635e-01	-3.016911e-02	-1.502877e-03	-3.092055e-02	2.941767e-02
327           	7.681309e-01	3.514353e-01	4.166956e-01	2.803941e-02	1.393036e-02	1.410905e-02	-8.934313e-05	-3.263017e-02	-2.806007e-02	-1.433958e-03	-2.877705e-02	2.734309e-02
328           	7.675862e-01	4.977404e-01	2.698459e-01	-1.885629e-03	-9.231288e-04	-9.625006e-04	1.968593e-05	1.139472e-01	-2.606340e-02	-1.433851e-03	-2.678032e-02	2.534647e-02
329           	7.682321e-01	6.219915e-01	1.462406e-01	-3.093442e-02	-1.534233e-02	-1.559208e-02	1.248746e-04	2.378754e-01	-2.421802e-02	-1.510450e-03	-2.497324e-02	2.346279e-02
330           	7.696960e-01	7.038264e-01	6.586959e-02	-5.387656e-02	-2.672605e-02	-2.715051e-02	2.122312e-04	3.189784e-01	-2.122978e-02	-1.630935e-03	-2.204524e-02	2.041431e-02
331           	7.705224e-01	7.290224e-01	4.150003e-02	-6.613939e-02	-3.280219e-02	-3.333720e-02	2.675029e-04	3.437612e-01	-1.690280e-02	-1.752926e-03	-1.777926e-02	1.602634e-02
332           	7.696549e-01	6.948969e-01	7.475799e-02	-6.551890e-02	-3.248432e-02	-3.303458e-02	2.751304e-04	3.100695e-01	-1.261422e-02	-1.848930e-03	-1.353868e-02	1.168975e-02
333           	7.670161e-01	6.093465e-01	1.576696e-01	-5.289158e-02	-2.621500e-02	-2.667658e-02	2.307886e-04	2.258384e-01	-1.023458e-02	-1.902785e-03	-1.118597e-02	9.283188e-03
334           	7.633942e-01	4.874685e-01	2.759256e-01	-3.158971e-02	-1.564731e-02	-1.594240e-02	1.475427e-04	1.057714e-01	-1.120061e-02	-1.895011e-03	-1.214811e-02	1.025310e-02
335           	7.600015e-01	3.487346e-01	4.112669e-01	-6.116314e-03	-3.017540e-03	-3.098774e-03	4.061697e-05	-3.126613e-02	-1.597686e-02	-1.836144e-03	-1.689493e-02	1.505879e-02
336           	7.583164e-01	2.158174e-01	5.424989e-01	1.884985e-02	9.357669e-03	9.492186e-03	-6.725866e-05	-1.633408e-01	-2.343285e-02	-1.745250e-03	-2.430548e-02	2.256023e-02
337           	7.592855e-01	1.102438e-01	6.490417e-01	3.933802e-02	1.951474e-02	1.982327e-02	-1.542671e-04	-2.693990e-01	-3.147951e-02	-1.645719e-03	-3.230237e-02	3.065665e-02
338           	7.622446e-01	4.912618e-02	7.131184e-01	5.270631e-02	2.614648e-02	2.655982e-02	-2.066701e-04	-3.319961e-01	-3.764811e-02	-1.560583e-03	-3.842841e-02	3.686782e-02
339           	7.657002e-01	4.145890e-02	7.242413e-01	5.774535e-02	2.865239e-02	2.909296e-02	-2.202873e-04	-3.413912e-01	-4.006441e-02	-1.512141e-03	-4.082048e-02	3.930834e-02
340           	7.680038e-01	8.743622e-02	6.805675e-01	5.456510e-02	2.708608e-02	2.747902e-02	-1.964692e-04	-2.965657e-01	-3.854835e-02	-1.505961e-03	-3.930133e-02	3.779537e-02
341           	7.688164e-01	1.804297e-01	5.883867e-01	4.455806e-02	2.213469e-02	2.242337e-02	-1.443384e-04	-2.039785e-01	-3.422251e-02	-1.536224e-03	-3.499063e-02	3.345440e-02
342           	7.684301e-01	3.090265e-01	4.594035e-01	2.969889e-02	1.477113e-02	1.492777e-02	-7.832081e-05	-7.518851e-02	-2.820021e-02	-1.584703e-03	-2.899257e-02	2.740786e-02
343           	7.671254e-01	4.568875e-01	3.102379e-01	1.243488e-02	6.211150e-03	6.223730e-03	-6.289884e-06	7.332483e-02	-2.299933e-02	-1.654516e-03	-2.382658e-02	2.217207e-02
344           	7.653883e-01	6.051638e-01	1.602245e-01	-4.602729e-03	-2.242299e-03	-2.360430e-03	5.906508e-05	2.224696e-01	-2.076957e-02	-1.735366e-03	-2.163726e-02	1.990189e-02
345           	7.643778e-01	7.343357e-01	3.004210e-02	-1.915896e-02	-9.467310e-03	-9.691650e-03	1.121701e-04	3.521468e-01	-2.196872e-02	-1.814982e-03	-2.287621e-02	2.106123e-02
346           	7.646165e-01	8.264036e-01	-6.178711e-02	-2.952717e-02	-1.461966e-02	-1.490750e-02	1.439210e-04	4.440954e-01	-2.582497e-02	-1.866780e-03	-2.675836e-02	2.489158e-02
347           	7.652539e-01	8.674662e-01	-1.022123e-01	-3.459351e-02	-1.714599e-02	-1.744752e-02	1.507687e-04	4.848392e-01	-3.143337e-02	-1.869765e-03	-3.236826e-02	3.049849e-02
348           	7.650096e-01	8.522456e-01	-8.723597e-02	-3.398953e-02	-1.686623e-02	-1.712330e-02	1.285319e-04	4.697408e-01	-3.788584e-02	-1.821618e-03	-3.879665e-02	3.697503e-02
349           	7.635121e-01	7.847937e-01	-2.128158e-02	-2.854173e-02	-1.418538e-02	-1.435635e-02	8.548577e-05	4.030376e-01	-4.410138e-02	-1.734231e-03	-4.496849e-02	4.323426e-02
350           	7.616364e-01	6.760224e-01	8.561393e-02	-1.965067e-02	-9.792231e-03	-9.858434e-03	3.310124e-05	2.952043e-01	-4.880528e-02	-1.628805e-03	-4.961968e-02	4.799088e-02
351           	7.601216e-01	5.403404e-01	2.197812e-01	-9.026128e-03	-4.531597e-03	-4.494531e-03	-1.853287e-05	1.602796e-01	-5.076259e-02	-1.531195e-03	-5.152819e-02	4.999699e-02
352           	7.594807e-01	3.960656e-01	3.634152e-01	1.718976e-03	7.980734e-04	9.209029e-04	-6.141477e-05	1.632520e-02	-4.997927e-02	-1.470435e-03	-5.071448e-02	4.924405e-02
353           	7.602072e-01	2.641915e-01	4.960157e-01	1.117376e-02	5.498038e-03	5.675718e-03	-8.883988e-05	-1.159121e-01	-4.681076e-02	-1.461847e-03	-4.754168e-02	4.607984e-02
354           	7.622769e-01	1.659803e-01	5.962966e-01	1.838516e-02	9.092565e-03	9.292596e-03	-1.000158e-04	-2.151581e-01	-4.231166e-02	-1.507211e-03	-4.306527e-02	4.155806e-02
355           	7.644486e-01	1.172401e-01	6.472085e-01	2.273559e-02	1.127282e-02	1.146277e-02	-9.497231e-05	-2.649842e-01	-3.835039e-02	-1.591683e-03	-3.914623e-02	3.755454e-02
356           	7.652460e-01	1.247843e-01	6.404617e-01	2.411532e-02	1.197932e-02	1.213600e-02	-7.834308e-05	-2.578387e-01	-3.630143e-02	-1.682499e-03	-3.714268e-02	3.546018e-02
357           	7.638996e-01	1.850698e-01	5.788298e-01	2.255427e-02	1.122087e-02	1.133339e-02	-5.626099e-05	-1.968800e-01	-3.594116e-02	-1.758936e-03	-3.682062e-02	3.506169e-02
358           	7.609390e-01	2.875634e-01	4.733756e-01	1.836585e-02	9.149290e-03	9.216563e-03	-3.363636e-05	-9.290608e-02	-3.671269e-02	-1.814359e-03	-3.761987e-02	3.580551e-02
359           	7.573143e-01	4.169728e-01	3.403415e-01	1.206554e-02	6.023812e-03	6.041726e-03	-8.956841e-06	3.831564e-02	-3.845786e-02	-1.845708e-03	-3.938071e-02	3.753500e-02
360           	7.541642e-01	5.556395e-01	1.985247e-01	4.612800e-03	2.321410e-03	2.291390e-03	1.500992e-05	1.785574e-01	-4.052475e-02	-1.862105e-03	-4.145580e-02	3.959370e-02
361           	7.525143e-01	6.848402e-01	6.767411e-02	-2.983665e-03	-1.453805e-03	-1.529860e-03	3.802770e-05	3.085831e-01	-4.210988e-02	-1.879001e-03	-4.304938e-02	4.117038e-02
362           	7.530340e-01	7.866638e-01	-3.362978e-02	-9.667760e-03	-4.780187e-03	-4.887573e-03	5.369321e-05	4.101468e-01	-4.319957e-02	-1.898616e-03	-4.414888e-02	4.225026e-02
363           	7.555283e-01	8.459091e-01	-9.038084e-02	-1.477214e-02	-7.327172e-03	-7.444972e-03	5.889970e-05	4.681450e-01	-4.466555e-02	-1.917264e-03	-4.562418e-02	4.370692e-02
364           	7.588224e-01	8.532685e-01	-9.444611e-02	-1.781478e-02	-8.853922e-03	-8.960854e-03	5.346581e-05	4.738573e-01	-4.716651e-02	-1.924462e-03	-4.812874e-02	4.620428e-02
365           	7.614904e-01	8.063750e-01	-4.488460e-02	-1.830989e-02	-9.112683e-03	-9.197205e-03	4.226133e-05	4.256298e-01	-5.052330e-02	-1.916654e-03	-5.148163e-02	4.956498e-02
366           	7.629230e-01	7.099965e-01	5.292652e-02	-1.611370e-02	-8.027873e-03	-8.085828e-03	2.897736e-05	3.285350e-01	-5.381723e-02	-1.897135e-03	-5.476580e-02	5.286866e-02
367           	7.630999e-01	5.748366e-01	1.882632e-01	-1.162479e-02	-5.799394e-03	-5.825396e-03	1.300105e-05	1.932867e-01	-5.648929e-02	-1.871234e-03	-5.742491e-02	5.555367e-02
368           	7.621885e-01	4.178243e-01	3.443642e-01	-5.769004e-03	-2.888311e-03	-2.880694e-03	-3.808378e-06	3.673007e-02	-5.751824e-02	-1.840860e-03	-5.843867e-02	5.659781e-02
369           	7.607836e-01	2.597859e-01	5.009978e-01	9.824767e-05	2.863851e-05	6.960916e-05	-2.048533e-05	-1.206059e-01	-5.681556e-02	-1.817655e-03	-5.772439e-02	5.590674e-02
370           	7.594328e-01	1.230197e-01	6.364131e-01	4.939014e-03	2.435640e-03	2.503373e-03	-3.386667e-05	-2.566967e-01	-5.558951e-02	-1.807314e-03	-5.649316e-02	5.468585e-02
371           	7.585896e-01	2.744116e-02	7.311484e-01	8.360441e-03	4.142816e-03	4.217625e-03	-3.740487e-05	-3.518536e-01	-5.552500e-02	-1.812976e-03	-5.643149e-02	5.461852e-02
372           	7.578055e-01	-1.349516e-02	7.713007e-01	1.040918e-02	5.173806e-03	5.235374e-03	-3.078415e-05	-3.923979e-01	-5.754405e-02	-1.819851e-03	-5.845397e-02	5.663412e-02
373           	7.563878e-01	3.768354e-03	7.526195e-01	1.136904e-02	5.665954e-03	5.703087e-03	-1.856664e-05	-3.744256e-01	-6.113167e-02	-1.810111e-03	-6.203673e-02	6.022662e-02
374           	7.540741e-01	7.332983e-02	6.807443e-01	1.124835e-02	5.617913e-03	5.630434e-03	-6.260176e-06	-3.037072e-01	-6.458206e-02	-1.795087e-03	-6.547961e-02	6.368452e-02
375           	7.517370e-01	1.833401e-01	5.683969e-01	1.017041e-02	5.093028e-03	5.077382e-03	7.823010e-06	-1.925284e-01	-6.647123e-02	-1.794401e-03	-6.736843e-02	6.557403e-02
376           	7.504292e-01	3.187157e-01	4.317135e-01	8.530355e-03	4.286867e-03	4.243488e-03	2.168975e-05	-5.649886e-02	-6.579718e-02	-1.813671e-03	-6.670402e-02	6.489035e-02
377           	7.507988e-01	4.604281e-01	2.903707e-01	7.034062e-03	3.552942e-03	3.481120e-03	3.591126e-05	8.502869e-02	-6.201268e-02	-1.858420e-03	-6.294189e-02	6.108347e-02
378           	7.530531e-01	5.875458e-01	1.655072e-01	6.234711e-03	3.164082e-03	3.070629e-03	4.672685e-05	2.110193e-01	-5.608473e-02	-1.925093e-03	-5.704727e-02	5.512218e-02
379           	7.567372e-01	6.793685e-01	7.736871e-02	6.207091e-03	3.152466e-03	3.054624e-03	4.892099e-05	3.009999e-01	-5.074988e-02	-2.004805e-03	-5.175228e-02	4.974748e-02
380           	7.607759e-01	7.198093e-01	4.096655e-02	6.437420e-03	3.257189e-03	3.180231e-03	3.847910e-05	3.394214e-01	-4.836523e-02	-2.077732e-03	-4.940410e-02	4.732636e-02
381           	7.637101e-01	7.009848e-01	6.272531e-02	6.435687e-03	3.240199e-03	3.195488e-03	2.235568e-05	3.191297e-01	-4.985024e-02	-2.125234e-03	-5.091286e-02	4.878762e-02
382           	7.646254e-01	6.251883e-01	1.394371e-01	6.187761e-03	3.099143e-03	3.088618e-03	5.262808e-06	2.428756e-01	-5.373479e-02	-2.142665e-03	-5.480612e-02	5.266346e-02
383           	7.634706e-01	5.033892e-01	2.600814e-01	5.477740e-03	2.733756e-03	2.743984e-03	-5.113733e-06	1.216539e-01	-5.859806e-02	-2.129260e-03	-5.966269e-02	5.753343e-02
384           	7.611210e-01	3.534817e-01	4.076394e-01	3.915426e-03	1.950363e-03	1.965062e-03	-7.349399e-06	-2.707885e-02	-6.188071e-02	-2.078261e-03	-6.291984e-02	6.084158e-02
385           	7.589265e-01	1.977092e-01	5.612173e-01	1.133582e-03	5.637947e-04	5.697877e-04	-2.996495e-06	-1.817541e-01	-6.158960e-02	-2.007809e-03	-6.259350e-02	6.058569e-02
386           	7.579282e-01	5.904914e-02	6.988791e-01	-2.744091e-03	-1.362896e-03	-1.381195e-03	9.149809e-06	-3.199150e-01	-5.858124e-02	-1.942563e-03	-5.955252e-02	5.760996e-02
387           	7.582795e-01	-4.270403e-02	8.009835e-01	-6.775859e-03	-3.358802e-03	-3.417057e-03	2.912705e-05	-4.218438e-01	-5.595930e-02	-1.904242e-03	-5.691142e-02	5.500718e-02
388           	7.596773e-01	-9.324050e-02	8.529178e-01	-9.303662e-03	-4.596102e-03	-4.707560e-03	5.572894e-05	-4.730792e-01	-5.643592e-02	-1.905019e-03	-5.738842e-02	5.548341e-02
389           	7.611797e-01	-8.649120e-02	8.476709e-01	-8.984718e-03	-4.411967e-03	-4.572751e-03	8.039235e-05	-4.670811e-01	-6.072820e-02	-1.940806e-03	-6.169861e-02	5.975780e-02
390           	7.620570e-01	-2.451988e-02	7.865769e-01	-5.593572e-03	-2.705398e-03	-2.888173e-03	9.138747e-05	-4.055484e-01	-6.737280e-02	-2.003663e-03	-6.837464e-02	6.637097e-02
391           	7.620566e-01	8.313292e-02	6.789237e-01	-1.216549e-04	2.468828e-05	-1.463432e-04	8.551572e-05	-2.978954e-01	-7.358084e-02	-2.088655e-03	-7.462516e-02	7.253651e-02
392           	7.616255e-01	2.215112e-01	5.401143e-01	6.388855e-03	3.260952e-03	3.127903e-03	6.652431e-05	-1.593015e-01	-7.717405e-02	-2.170364e-03	-7.825923e-02	7.608886e-02
393           	7.612526e-01	3.706270e-01	3.906256e-01	1.289003e-02	6.489085e-03	6.400946e-03	4.406972e-05	-9.999295e-03	-7.644348e-02	-2.228916e-03	-7.755794e-02	7.532902e-02
394           	7.612211e-01	5.088365e-01	2.523846e-01	1.850578e-02	9.273044e-03	9.232732e-03	2.015585e-05	1.282259e-01	-7.218992e-02	-2.257167e-03	-7.331850e-02	7.106134e-02
395           	7.613680e-01	6.161664e-01	1.452016e-01	2.233367e-02	1.116400e-02	1.116967e-02	-2.833578e-06	2.354824e-01	-6.753994e-02	-2.254471e-03	-6.866718e-02	6.641271e-02
396           	7.615343e-01	6.775392e-01	8.399511e-02	2.336584e-02	1.165792e-02	1.170791e-02	-2.499616e-05	2.967720e-01	-6.616938e-02	-2.238615e-03	-6.728868e-02	6.505007e-02
397           	7.614063e-01	6.848513e-01	7.655503e-02	2.081409e-02	1.036561e-02	1.044849e-02	-4.144210e-05	3.041481e-01	-6.953763e-02	-2.216910e-03	-7.064608e-02	6.842918e-02
398           	7.603787e-01	6.385685e-01	1.218102e-01	1.499977e-02	7.452547e-03	7.547224e-03	-4.733809e-05	2.583792e-01	-7.626329e-02	-2.194803e-03	-7.736069e-02	7.516589e-02
399           	7.580795e-01	5.475700e-01	2.105095e-01	7.470811e-03	3.701154e-03	3.769657e-03	-3.425174e-05	1.685302e-01	-8.302733e-02	-2.182717e-03	-8.411869e-02	8.193597e-02
400           	7.552570e-01	4.279904e-01	3.272667e-01	-1.832673e-05	-1.624024e-05	-2.086487e-06	-7.076877e-06	5.036187e-02	-8.625240e-02	-2.178456e-03	-8.734163e-02	8.516318e-02
401           	7.531660e-01	2.990733e-01	4.540927e-01	-6.490871e-03	-3.221726e-03	-3.269145e-03	2.370968e-05	-7.750966e-02	-8.395820e-02	-2.175475e-03	-8.504593e-02	8.287046e-02
402           	7.526546e-01	1.804565e-01	5.721981e-01	-1.155312e-02	-5.731782e-03	-5.821334e-03	4.477602e-05	-1.958708e-01	-7.677188e-02	-2.189698e-03	-7.786673e-02	7.567703e-02
403           	7.538083e-01	8.881489e-02	6.649934e-01	-1.505331e-02	-7.472140e-03	-7.581166e-03	5.451311e-05	-2.880892e-01	-6.826527e-02	-2.234799e-03	-6.938267e-02	6.714787e-02
404           	7.561171e-01	3.708563e-02	7.190314e-01	-1.659756e-02	-8.243455e-03	-8.354104e-03	5.532460e-05	-3.409729e-01	-6.259929e-02	-2.327317e-03	-6.376294e-02	6.143563e-02
405           	7.588703e-01	3.330223e-02	7.255680e-01	-1.584952e-02	-7.867790e-03	-7.981733e-03	5.697123e-05	-3.461329e-01	-6.202620e-02	-2.464004e-03	-6.325821e-02	6.079420e-02
406           	7.610294e-01	7.914026e-02	6.818891e-01	-1.323503e-02	-6.566744e-03	-6.668288e-03	5.077208e-05	-3.013744e-01	-6.620407e-02	-2.608870e-03	-6.750850e-02	6.489963e-02
407           	7.615847e-01	1.683488e-01	5.932359e-01	-1.015220e-02	-5.044864e-03	-5.107335e-03	3.123536e-05	-2.124435e-01	-7.347919e-02	-2.722076e-03	-7.484023e-02	7.211815e-02
408           	7.607054e-01	2.880595e-01	4.726459e-01	-7.756572e-03	-3.874222e-03	-3.882350e-03	4.063711e-06	-9.229319e-02	-8.061388e-02	-2.770571e-03	-8.199917e-02	7.922860e-02
409           	7.592898e-01	4.208710e-01	3.384188e-01	-6.215357e-03	-3.126524e-03	-3.088833e-03	-1.884533e-05	4.122610e-02	-8.476990e-02	-2.745962e-03	-8.614288e-02	8.339692e-02
410           	7.578800e-01	5.481950e-01	2.096850e-01	-5.050373e-03	-2.554560e-03	-2.495813e-03	-2.937346e-05	1.692550e-01	-8.457861e-02	-2.659542e-03	-8.590838e-02	8.324884e-02
411           	7.567836e-01	6.529023e-01	1.038812e-01	-3.590714e-03	-1.824737e-03	-1.765977e-03	-2.937987e-05	2.745105e-01	-8.155309e-02	-2.542122e-03	-8.282415e-02	8.028203e-02
412           	7.558622e-01	7.218857e-01	3.397646e-02	-1.589599e-03	-8.229868e-04	-7.666119e-04	-2.818742e-05	3.439546e-01	-7.901959e-02	-2.435688e-03	-8.023744e-02	7.780175e-02
413           	7.552008e-01	7.472444e-01	7.956361e-03	6.332601e-04	2.846469e-04	3.486133e-04	-3.198319e-05	3.696440e-01	-7.982009e-02	-2.377256e-03	-8.100872e-02	7.863146e-02
414           	7.546206e-01	7.269423e-01	2.767836e-02	2.658724e-03	1.289724e-03	1.369001e-03	-3.963842e-05	3.496320e-01	-8.380244e-02	-2.376505e-03	-8.499069e-02	8.261419e-02
415           	7.536976e-01	6.649952e-01	8.870237e-02	4.524273e-03	2.218275e-03	2.305998e-03	-4.386176e-05	2.881464e-01	-8.868626e-02	-2.429277e-03	-8.990090e-02	8.747162e-02
416           	7.526583e-01	5.728536e-01	1.798046e-01	5.993789e-03	2.951322e-03	3.042467e-03	-4.557223e-05	1.965245e-01	-9.120118e-02	-2.526617e-03	-9.246448e-02	8.993787e-02
417           	7.523303e-01	4.668885e-01	2.854419e-01	6.064246e-03	2.982826e-03	3.081420e-03	-4.929684e-05	9.072328e-02	-8.903101e-02	-2.653080e-03	-9.035755e-02	8.770447e-02
418           	7.529968e-01	3.639472e-01	3.890497e-01	3.342593e-03	1.612415e-03	1.730178e-03	-5.888171e-05	-1.255124e-02	-8.254787e-02	-2.775197e-03	-8.393547e-02	8.116028e-02
419           	7.542878e-01	2.781685e-01	4.761194e-01	-3.036262e-03	-1.585842e-03	-1.450420e-03	-6.771131e-05	-9.897545e-02	-7.445257e-02	-2.873426e-03	-7.588929e-02	7.301586e-02
420           	7.555009e-01	2.201270e-01	5.353739e-01	-1.245264e-02	-6.289559e-03	-6.163082e-03	-6.323837e-05	-1.576235e-01	-6.898916e-02	-2.935061e-03	-7.045669e-02	6.752163e-02
421           	7.563154e-01	1.963884e-01	5.599270e-01	-2.298779e-02	-1.153332e-02	-1.145447e-02	-3.942601e-05	-1.817693e-01	-6.922054e-02	-2.963415e-03	-7.070225e-02	6.773884e-02
422           	7.564153e-01	2.097288e-01	5.466864e-01	-3.242917e-02	-1.621928e-02	-1.620988e-02	-4.698715e-06	-1.684788e-01	-7.559375e-02	-2.967158e-03	-7.707733e-02	7.411017e-02
423           	7.555444e-01	2.575343e-01	4.980101e-01	-3.906205e-02	-1.950552e-02	-1.955653e-02	2.550656e-05	-1.202379e-01	-8.552416e-02	-2.949369e-03	-8.699884e-02	8.404947e-02
424           	7.541183e-01	3.316914e-01	4.224269e-01	-4.171766e-02	-2.081558e-02	-2.090209e-02	4.325368e-05	-4.536779e-02	-9.407080e-02	-2.916675e-03	-9.552914e-02	9.261247e-02
425           	7.530978e-01	4.195071e-01	3.335907e-01	-3.976252e-02	-1.983384e-02	-1.992868e-02	4.742226e-05	4.295817e-02	-9.716549e-02	-2.891622e-03	-9.861130e-02	9.571968e-02
426           	7.529544e-01	5.071018e-01	2.458525e-01	-3.305212e-02	-1.648697e-02	-1.656515e-02	3.908782e-05	1.306246e-01	-9.383848e-02	-2.885463e-03	-9.528121e-02	9.239575e-02
427           	7.534032e-01	5.819906e-01	1.714126e-01	-2.211214e-02	-1.103544e-02	-1.107671e-02	2.063564e-05	2.052890e-01	-8.606360e-02	-2.914829e-03	-8.752101e-02	8.460618e-02
428           	7.538671e-01	6.346513e-01	1.192159e-01	-8.281858e-03	-4.148481e-03	-4.133377e-03	-7.552401e-06	2.577177e-01	-7.772441e-02	-2.995373e-03	-7.922210e-02	7.622672e-02
429           	7.539572e-01	6.583629e-01	9.559429e-02	6.539128e-03	3.225497e-03	3.313632e-03	-4.406766e-05	2.813843e-01	-7.301976e-02	-3.119032e-03	-7.457928e-02	7.146024e-02
430           	7.538193e-01	6.502436e-01	1.035757e-01	2.020168e-02	1.001757e-02	1.018411e-02	-8.327337e-05	2.733339e-01	-7.447772e-02	-3.266504e-03	-7.611097e-02	7.284447e-02
431           	7.534498e-01	6.113923e-01	1.420575e-01	3.052484e-02	1.514432e-02	1.538052e-02	-1.180975e-04	2.346674e-01	-8.164927e-02	-3.402894e-03	-8.335072e-02	7.994783e-02
432           	7.529699e-01	5.481040e-01	2.048659e-01	3.581848e-02	1.776678e-02	1.805170e-02	-1.424590e-04	1.716190e-01	-9.135054e-02	-3.493397e-03	-9.309724e-02	8.960384e-02
433           	7.525335e-01	4.706804e-01	2.818531e-01	3.490790e-02	1.730633e-02	1.760156e-02	-1.476128e-04	9.441367e-02	-9.964444e-02	-3.512591e-03	-1.014007e-01	9.788815e-02
434           	7.524980e-01	3.904696e-01	3.620284e-01	2.757297e-02	1.365313e-02	1.391984e-02	-1.333521e-04	1.422056e-02	-1.046361e-01	-3.452346e-03	-1.063623e-01	1.029099e-01
435           	7.525556e-01	3.161939e-01	4.363617e-01	1.457314e-02	7.186318e-03	7.386821e-03	-1.002516e-04	-6.008392e-02	-1.063677e-01	-3.320122e-03	-1.080278e-01	1.047077e-01
436           	7.522026e-01	2.541680e-01	4.980346e-01	-2.160085e-03	-1.133359e-03	-1.026726e-03	-5.331627e-05	-1.219333e-01	-1.063039e-01	-3.151878e-03	-1.078799e-01	1.047280e-01
437           	7.510442e-01	2.089250e-01	5.421192e-01	-1.970462e-02	-9.848994e-03	-9.855623e-03	3.314664e-06	-1.665971e-01	-1.066206e-01	-2.991416e-03	-1.081163e-01	1.051249e-01
438           	7.495489e-01	1.843943e-01	5.651546e-01	-3.481545e-02	-1.734858e-02	-1.746687e-02	5.914575e-05	-1.903801e-01	-1.087085e-01	-2.878265e-03	-1.101476e-01	1.072694e-01
439           	7.484598e-01	1.825507e-01	5.659091e-01	-4.461026e-02	-2.219903e-02	-2.241123e-02	1.061036e-04	-1.916792e-01	-1.118651e-01	-2.844154e-03	-1.132872e-01	1.104430e-01
440           	7.482460e-01	2.025990e-01	5.456469e-01	-4.707942e-02	-2.340750e-02	-2.367192e-02	1.322125e-04	-1.715239e-01	-1.134409e-01	-2.895652e-03	-1.148888e-01	1.119931e-01
441           	7.488994e-01	2.394793e-01	5.094201e-01	-4.162875e-02	-2.068380e-02	-2.094495e-02	1.305740e-04	-1.349704e-01	-1.107892e-01	-3.025472e-03	-1.123019e-01	1.092765e-01
442           	7.502157e-01	2.856315e-01	4.645841e-01	-2.902874e-02	-1.441239e-02	-1.461635e-02	1.019805e-04	-8.947630e-02	-1.033179e-01	-3.207470e-03	-1.049216e-01	1.017142e-01
443           	7.518400e-01	3.332895e-01	4.185505e-01	-1.113282e-02	-5.512260e-03	-5.620564e-03	5.415159e-05	-4.263049e-02	-9.296666e-02	-3.404367e-03	-9.466885e-02	9.126448e-02
444           	7.530583e-01	3.764461e-01	3.766123e-01	9.689153e-03	4.842817e-03	4.846336e-03	-1.759624e-06	-8.308641e-05	-8.280358e-02	-3.575009e-03	-8.459108e-02	8.101607e-02
445           	7.531914e-01	4.104054e-01	3.427859e-01	3.053821e-02	1.521099e-02	1.532723e-02	-5.811899e-05	3.380974e-02	-7.632529e-02	-3.695699e-03	-7.817314e-02	7.447744e-02
446           	7.522090e-01	4.323977e-01	3.198113e-01	4.817786e-02	2.397820e-02	2.419966e-02	-1.107266e-04	5.629319e-02	-7.602888e-02	-3.740256e-03	-7.789901e-02	7.415875e-02
447           	7.511241e-01	4.407558e-01	3.103684e-01	5.945764e-02	2.957614e-02	2.988150e-02	-1.526758e-04	6.519372e-02	-8.169490e-02	-3.708570e-03	-8.354919e-02	7.984062e-02
448           	7.506504e-01	4.349675e-01	3.156828e-01	6.213812e-02	3.089338e-02	3.124475e-02	-1.756869e-04	5.964234e-02	-9.084899e-02	-3.616287e-03	-9.265713e-02	8.904085e-02
449           	7.508238e-01	4.156729e-01	3.351508e-01	5.550114e-02	2.758163e-02	2.791951e-02	-1.689404e-04	4.026104e-02	-1.000268e-01	-3.483185e-03	-1.017684e-01	9.828524e-02
450           	7.511570e-01	3.854678e-01	3.656892e-01	4.055253e-02	2.014745e-02	2.040509e-02	-1.288186e-04	9.889277e-03	-1.063285e-01	-3.333552e-03	-1.079952e-01	1.046617e-01
451           	7.515406e-01	3.477182e-01	4.038224e-01	1.961547e-02	9.744323e-03	9.871145e-03	-6.341098e-05	-2.805212e-02	-1.085089e-01	-3.200675e-03	-1.101092e-01	1.069086e-01
452           	7.516232e-01	3.058283e-01	4.457949e-01	-4.265980e-03	-2.119354e-03	-2.146626e-03	1.363572e-05	-6.998332e-02	-1.068037e-01	-3.101973e-03	-1.083546e-01	1.052527e-01
453           	7.509726e-01	2.625650e-01	4.884076e-01	-2.762909e-02	-1.372621e-02	-1.390288e-02	8.833616e-05	-1.129213e-01	-1.028531e-01	-3.057920e-03	-1.043821e-01	1.013241e-01
454           	7.496578e-01	2.211305e-01	5.285273e-01	-4.683546e-02	-2.326402e-02	-2.357145e-02	1.537153e-04	-1.536984e-01	-9.919624e-02	-3.072283e-03	-1.007324e-01	9.766010e-02
455           	7.485340e-01	1.851042e-01	5.634298e-01	-5.850851e-02	-2.905231e-02	-2.945620e-02	2.019480e-04	-1.891628e-01	-9.758332e-02	-3.127073e-03	-9.914685e-02	9.601978e-02
456           	7.483327e-01	1.586484e-01	5.896843e-01	-6.009242e-02	-2.982153e-02	-3.027089e-02	2.246819e-04	-2.155180e-01	-9.868048e-02	-3.196688e-03	-1.002788e-01	9.708214e-02
457           	7.490622e-01	1.451632e-01	6.038989e-01	-5.065973e-02	-2.511684e-02	-2.554290e-02	2.130289e-04	-2.293679e-01	-1.017480e-01	-3.256241e-03	-1.033762e-01	1.001199e-01
458           	7.501754e-01	1.462958e-01	6.038796e-01	-3.130978e-02	-1.549090e-02	-1.581888e-02	1.639879e-04	-2.287919e-01	-1.050422e-01	-3.287864e-03	-1.066862e-01	1.033983e-01
459           	7.511655e-01	1.620265e-01	5.891390e-01	-5.257502e-03	-2.543011e-03	-2.714491e-03	8.573974e-05	-2.135562e-01	-1.068893e-01	-3.285992e-03	-1.085323e-01	1.052463e-01
460           	7.518927e-01	1.927723e-01	5.591204e-01	2.291504e-02	1.145185e-02	1.146319e-02	-5.667252e-06	-1.831740e-01	-1.070002e-01	-3.252076e-03	-1.086262e-01	1.053742e-01
461           	7.519036e-01	2.377866e-01	5.141170e-01	4.836560e-02	2.409114e-02	2.427446e-02	-9.165670e-05	-1.381652e-01	-1.057568e-01	-3.184090e-03	-1.073488e-01	1.041647e-01
462           	7.510790e-01	2.943944e-01	4.566846e-01	6.708012e-02	3.338294e-02	3.369718e-02	-1.571213e-04	-8.114507e-02	-1.042615e-01	-3.106538e-03	-1.058148e-01	1.027082e-01
463           	7.497294e-01	3.569018e-01	3.928276e-01	7.610507e-02	3.785776e-02	3.824731e-02	-1.947745e-04	-1.796293e-02	-1.039474e-01	-3.035455e-03	-1.054652e-01	1.024297e-01
464           	7.487908e-01	4.178232e-01	3.309676e-01	7.381802e-02	3.670868e-02	3.710935e-02	-2.003355e-04	4.342779e-02	-1.053311e-01	-3.002616e-03	-1.068324e-01	1.038298e-01
465           	7.487783e-01	4.687911e-01	2.799872e-01	6.024114e-02	2.994889e-02	3.029225e-02	-1.716830e-04	9.440193e-02	-1.076363e-01	-3.041259e-03	-1.091569e-01	1.061157e-01
466           	7.493748e-01	5.028560e-01	2.465188e-01	3.735385e-02	1.856716e-02	1.878669e-02	-1.097670e-04	1.281686e-01	-1.092573e-01	-3.151955e-03	-1.108333e-01	1.076813e-01
467           	7.496927e-01	5.147248e-01	2.349679e-01	9.155193e-03	4.556976e-03	4.598218e-03	-2.062114e-05	1.398784e-01	-1.089242e-01	-3.306219e-03	-1.105773e-01	1.072711e-01
468           	7.493323e-01	5.018334e-01	2.474989e-01	-1.925745e-02	-9.551459e-03	-9.705994e-03	7.726778e-05	1.271672e-01	-1.067612e-01	-3.459393e-03	-1.084909e-01	1.050315e-01
469           	7.482512e-01	4.640446e-01	2.842066e-01	-4.328443e-02	-2.148124e-02	-2.180318e-02	1.609684e-04	8.991897e-02	-1.039928e-01	-3.560875e-03	-1.057732e-01	1.022123e-01
470           	7.464513e-01	4.055791e-01	3.408722e-01	-5.966331e-02	-2.962153e-02	-3.004178e-02	2.101252e-04	3.235344e-02	-1.026033e-01	-3.575447e-03	-1.043910e-01	1.008156e-01
471           	7.444040e-01	3.351445e-01	4.092594e-01	-6.679891e-02	-3.317662e-02	-3.362229e-02	2.228360e-04	-3.705745e-02	-1.043421e-01	-3.511052e-03	-1.060976e-01	1.025866e-01
472           	7.429988e-01	2.644963e-01	4.785024e-01	-6.403908e-02	-3.181580e-02	-3.222328e-02	2.037401e-04	-1.070031e-01	-1.097242e-01	-3.392220e-03	-1.114203e-01	1.080281e-01
473           	7.429966e-01	2.059678e-01	5.370288e-01	-5.182963e-02	-2.575516e-02	-2.607447e-02	1.596550e-04	-1.655305e-01	-1.176916e-01	-3.264346e-03	-1.193237e-01	1.160594e-01
474           	7.443803e-01	1.707199e-01	5.736604e-01	-3.208059e-02	-1.594777e-02	-1.613282e-02	9.252704e-05	-2.014703e-01	-1.256234e-01	-3.163859e-03	-1.272053e-01	1.240414e-01
475           	7.463586e-01	1.662726e-01	5.800860e-01	-8.491129e-03	-4.238184e-03	-4.252945e-03	7.380609e-06	-2.069067e-01	-1.307317e-01	-3.105820e-03	-1.322847e-01	1.291788e-01
476           	7.479824e-01	1.956703e-01	5.523121e-01	1.444794e-02	7.143807e-03	7.304131e-03	-8.016208e-05	-1.783209e-01	-1.313545e-01	-3.100017e-03	-1.329045e-01	1.298044e-01
477           	7.490157e-01	2.570432e-01	4.919725e-01	3.270044e-02	1.620164e-02	1.649880e-02	-1.485819e-04	-1.174647e-01	-1.275967e-01	-3.145678e-03	-1.291695e-01	1.260239e-01
478           	7.493330e-01	3.435518e-01	4.057813e-01	4.359530e-02	2.161384e-02	2.198146e-02	-1.838093e-04	-3.111473e-02	-1.203025e-01	-3.217941e-03	-1.219115e-01	1.186936e-01
479           	7.490160e-01	4.446238e-01	3.043922e-01	4.590118e-02	2.276865e-02	2.313253e-02	-1.819396e-04	7.011579e-02	-1.115912e-01	-3.312571e-03	-1.132474e-01	1.099349e-01
480           	7.481679e-01	5.471659e-01	2.010019e-01	3.962410e-02	1.966296e-02	1.996114e-02	-1.490897e-04	1.730820e-01	-1.046550e-01	-3.409297e-03	-1.063596e-01	1.029503e-01
481           	7.476513e-01	6.360487e-01	1.116026e-01	2.613034e-02	1.297367e-02	1.315667e-02	-9.149735e-05	2.622231e-01	-1.012014e-01	-3.504631e-03	-1.029537e-01	9.944910e-02
482           	7.478891e-01	6.967261e-01	5.116302e-02	8.124366e-03	4.043590e-03	4.080776e-03	-1.859304e-05	3.227816e-01	-1.009995e-01	-3.587198e-03	-1.027931e-01	9.920592e-02
483           	7.484044e-01	7.179968e-01	3.040762e-02	-1.064645e-02	-5.266237e-03	-5.380216e-03	5.698953e-05	3.437946e-01	-1.029444e-01	-3.638218e-03	-1.047635e-01	1.011252e-01
484           	7.482580e-01	6.958782e-01	5.237985e-02	-2.632811e-02	-1.304617e-02	-1.328194e-02	1.178855e-04	3.217492e-01	-1.058237e-01	-3.647262e-03	-1.076474e-01	1.040001e-01
485           	7.472557e-01	6.346388e-01	1.126169e-01	-3.651547e-02	-1.810878e-02	-1.840669e-02	1.489530e-04	2.610109e-01	-1.088175e-01	-3.624742e-03	-1.106299e-01	1.070052e-01
486           	7.458799e-01	5.445021e-01	2.013778e-01	-4.044469e-02	-2.007662e-02	-2.036807e-02	1.457253e-04	1.715622e-01	-1.111948e-01	-3.581213e-03	-1.129855e-01	1.094042e-01
487           	7.445494e-01	4.384064e-01	3.061429e-01	-3.859146e-02	-1.918193e-02	-1.940953e-02	1.137989e-04	6.613176e-02	-1.124037e-01	-3.540019e-03	-1.141738e-01	1.106337e-01
488           	7.436452e-01	3.324340e-01	4.112112e-01	-3.234728e-02	-1.610969e-02	-1.623759e-02	6.394753e-05	-3.938862e-02	-1.130012e-01	-3.515809e-03	-1.147591e-01	1.112433e-01
489           	7.437550e-01	2.440612e-01	4.996938e-01	-2.347774e-02	-1.172982e-02	-1.174792e-02	9.051370e-06	-1.278163e-01	-1.137238e-01	-3.513821e-03	-1.154807e-01	1.119669e-01
490           	7.450830e-01	1.890219e-01	5.560611e-01	-1.362477e-02	-6.852333e-03	-6.772440e-03	-3.994639e-05	-1.835196e-01	-1.150179e-01	-3.523910e-03	-1.167798e-01	1.132559e-01
491           	7.468027e-01	1.767845e-01	5.700182e-01	-4.332743e-03	-2.241744e-03	-2.090999e-03	-7.537253e-05	-1.966169e-01	-1.167536e-01	-3.539502e-03	-1.185234e-01	1.149839e-01
492           	7.478218e-01	2.087022e-01	5.391196e-01	3.041697e-03	1.424190e-03	1.617507e-03	-9.665842e-05	-1.652087e-01	-1.181552e-01	-3.550709e-03	-1.199305e-01	1.163798e-01
493           	7.476494e-01	2.785840e-01	4.690654e-01	7.359473e-03	3.578164e-03	3.781308e-03	-1.015720e-04	-9.524073e-02	-1.180407e-01	-3.553314e-03	-1.198174e-01	1.162641e-01
494           	7.465665e-01	3.752027e-01	3.713638e-01	8.129320e-03	3.976504e-03	4.152816e-03	-8.815579e-05	1.919431e-03	-1.164656e-01	-3.547371e-03	-1.182392e-01	1.146919e-01
495           	7.452027e-01	4.830777e-01	2.621250e-01	5.975325e-03	2.930321e-03	3.045004e-03	-5.734186e-05	1.104764e-01	-1.135229e-01	-3.530642e-03	-1.152882e-01	1.117576e-01
496           	7.440716e-01	5.853144e-01	1.587572e-01	2.604698e-03	1.286277e-03	1.318420e-03	-1.607160e-05	2.132786e-01	-1.098645e-01	-3.524518e-03	-1.116268e-01	1.081023e-01
497           	7.434903e-01	6.657131e-01	7.777719e-02	-2.986072e-04	-1.272754e-04	-1.713319e-04	2.202826e-05	2.939680e-01	-1.068909e-01	-3.541058e-03	-1.086615e-01	1.051204e-01
498           	7.438320e-01	7.121002e-01	3.173180e-02	-1.592446e-03	-7.508481e-04	-8.415978e-04	4.537486e-05	3.401842e-01	-1.063173e-01	-3.590123e-03	-1.081123e-01	1.045222e-01
499           	7.448952e-01	7.176678e-01	2.722741e-02	-1.054628e-03	-4.785277e-04	-5.761003e-04	4.878630e-05	3.452202e-01	-1.084606e-01	-3.680236e-03	-1.103007e-01	1.066204e-01
500           	7.460739e-01	6.820897e-01	6.398422e-02	1.218954e-03	6.431102e-04	5.758441e-04	3.363307e-05	3.090527e-01	-1.122810e-01	-3.799295e-03	-1.141807e-01	1.103814e-01
