# Force and moment coefficients
# dragDir     : (1.000000e+00 0.000000e+00 0.000000e+00)
# sideDir     : (0.000000e+00 0.000000e+00 -1.000000e+00)
# liftDir     : (0.000000e+00 1.000000e+00 0.000000e+00)
# rollAxis    : (1.000000e+00 0.000000e+00 0.000000e+00)
# pitchAxis   : (0.000000e+00 0.000000e+00 -1.000000e+00)
# yawAxis     : (0.000000e+00 1.000000e+00 0.000000e+00)
# magUInf     : 1.250000e+01
# lRef        : 2.380000e-02
# Aref        : 7.140000e-03
# CofR        : (0.000000e+00 0.000000e+00 0.000000e+00)
#
# Time        	Cd            	Cd(f)         	Cd(r)         	Cl            	Cl(f)         	Cl(r)         	CmPitch       	CmRoll        	CmYaw         	Cs            	Cs(f)         	Cs(r)         
1             	2.007156e+02	1.008155e+02	9.990019e+01	2.626412e+00	1.145163e+00	1.481249e+00	-1.680430e-01	4.576328e-01	5.789029e-01	1.500097e-04	5.789779e-01	-5.788279e-01
2             	8.091982e+01	4.048284e+01	4.043698e+01	9.862113e-01	2.446787e-01	7.415327e-01	-2.484270e-01	2.293238e-02	-6.747639e-01	2.331364e-02	-6.631070e-01	6.864207e-01
3             	-8.658184e+01	-5.078796e+01	-3.579387e+01	-3.932756e+00	-3.450600e+00	-4.821556e-01	-1.484222e+00	-7.497046e+00	-4.618824e-01	-4.627232e-03	-4.641960e-01	4.595687e-01
4             	-9.515123e+01	-5.421009e+01	-4.094114e+01	-5.364849e+00	-3.806696e+00	-1.558154e+00	-1.124271e+00	-6.634475e+00	-1.297183e+01	7.200529e-02	-1.293583e+01	1.300783e+01
5             	-4.879915e+01	-2.687550e+01	-2.192365e+01	-4.209510e+00	-2.795094e+00	-1.414416e+00	-6.903390e-01	-2.475922e+00	-4.803759e+00	-9.676686e-03	-4.808598e+00	4.798921e+00
6             	-1.186717e+01	-8.007259e+00	-3.859910e+00	-2.224318e+00	-1.561393e+00	-6.629250e-01	-4.492340e-01	-2.073675e+00	8.197827e-01	-2.971142e-02	8.049270e-01	-8.346384e-01
7             	8.995064e+00	3.752214e+00	5.242850e+00	-1.982021e-01	-6.972591e-01	4.990569e-01	-5.981580e-01	-7.453182e-01	3.510155e+00	-5.549581e-02	3.482407e+00	-3.537903e+00
8             	1.490708e+01	7.557482e+00	7.349594e+00	2.969254e-01	-6.653296e-01	9.622550e-01	-8.137923e-01	1.039440e-01	4.306459e+00	-4.898971e-02	4.281964e+00	-4.330954e+00
9             	1.440800e+01	7.873680e+00	6.534320e+00	-4.166060e-01	-1.132128e+00	7.155225e-01	-9.238255e-01	6.696800e-01	3.977479e+00	-3.287423e-02	3.961042e+00	-3.993916e+00
10            	1.147794e+01	5.985568e+00	5.492370e+00	-1.204283e+00	-1.483016e+00	2.787332e-01	-8.808746e-01	2.465989e-01	3.748828e+00	-1.707146e-02	3.740293e+00	-3.757364e+00
11            	8.311475e+00	4.017601e+00	4.293874e+00	-1.921427e+00	-1.722091e+00	-1.993359e-01	-7.613774e-01	-1.381362e-01	2.519631e+00	-1.373407e-02	2.512764e+00	-2.526498e+00
12            	5.763802e+00	3.064023e+00	2.699778e+00	-2.705468e+00	-2.018017e+00	-6.874509e-01	-6.652831e-01	1.821225e-01	2.282588e+00	-1.269578e-02	2.276240e+00	-2.288935e+00
13            	3.446840e+00	2.398612e+00	1.048227e+00	-3.837985e+00	-2.526580e+00	-1.311405e+00	-6.075872e-01	6.751924e-01	1.834949e+00	-1.269547e-02	1.828601e+00	-1.841296e+00
14            	1.849598e+00	2.491346e+00	-6.417473e-01	-4.511901e+00	-2.821072e+00	-1.690830e+00	-5.651210e-01	1.566547e+00	1.929322e+00	-4.756446e-03	1.926943e+00	-1.931700e+00
15            	7.974881e-01	2.353398e+00	-1.555910e+00	-4.480851e+00	-2.723303e+00	-1.757548e+00	-4.828777e-01	1.954654e+00	1.803219e+00	1.152447e-02	1.808981e+00	-1.797457e+00
16            	1.197795e-01	2.161998e+00	-2.042219e+00	-3.899644e+00	-2.326069e+00	-1.573575e+00	-3.762470e-01	2.102109e+00	1.663194e+00	2.919125e-02	1.677790e+00	-1.648598e+00
17            	-2.562032e-01	1.725132e+00	-1.981335e+00	-3.080191e+00	-1.803237e+00	-1.276954e+00	-2.631417e-01	1.853234e+00	1.582068e+00	4.203519e-02	1.603086e+00	-1.561051e+00
18            	-4.894074e-01	1.478610e+00	-1.968018e+00	-2.221054e+00	-1.274309e+00	-9.467444e-01	-1.637825e-01	1.723314e+00	1.411574e+00	5.126512e-02	1.437206e+00	-1.385941e+00
19            	-5.238575e-01	1.230712e+00	-1.754569e+00	-1.504672e+00	-8.381929e-01	-6.664794e-01	-8.585675e-02	1.492640e+00	1.279935e+00	5.326915e-02	1.306569e+00	-1.253300e+00
20            	-5.436231e-01	1.029648e+00	-1.573271e+00	-1.010025e+00	-5.404414e-01	-4.695835e-01	-3.542894e-02	1.301460e+00	1.297398e+00	5.334881e-02	1.324072e+00	-1.270723e+00
21            	-4.736825e-01	8.396524e-01	-1.313335e+00	-6.203996e-01	-3.197887e-01	-3.006110e-01	-9.588857e-03	1.076494e+00	1.327973e+00	5.111350e-02	1.353530e+00	-1.302416e+00
22            	-4.081730e-01	8.300126e-01	-1.238186e+00	-3.547270e-01	-1.769254e-01	-1.778017e-01	4.381478e-04	1.034099e+00	1.109188e+00	4.610355e-02	1.132240e+00	-1.086137e+00
23            	-2.054787e-01	9.416083e-01	-1.147087e+00	-1.441912e-01	-7.390986e-02	-7.028133e-02	-1.814268e-03	1.044348e+00	7.481014e-01	3.652330e-02	7.663630e-01	-7.298397e-01
24            	1.045844e-02	1.174850e+00	-1.164391e+00	-1.952641e-02	-1.375099e-02	-5.775419e-03	-3.987787e-03	1.169620e+00	4.469847e-01	2.798070e-02	4.609751e-01	-4.329944e-01
25            	3.247995e-01	1.521738e+00	-1.196939e+00	7.762401e-02	3.011912e-02	4.750489e-02	-8.692884e-03	1.359339e+00	6.509260e-02	1.964105e-02	7.491313e-02	-5.527208e-02
26            	6.836874e-01	1.731315e+00	-1.047627e+00	1.406752e-01	5.973591e-02	8.093928e-02	-1.060168e-02	1.389471e+00	-2.521637e-01	1.374338e-02	-2.452920e-01	2.590354e-01
27            	1.063385e+00	1.745388e+00	-6.820029e-01	1.774743e-01	7.644902e-02	1.010253e-01	-1.228813e-02	1.213695e+00	-6.131750e-01	7.967203e-03	-6.091914e-01	6.171586e-01
28            	1.372704e+00	1.436754e+00	-6.404950e-02	1.485483e-01	6.407321e-02	8.447506e-02	-1.020093e-02	7.504016e-01	-9.487295e-01	2.406356e-03	-9.475263e-01	9.499327e-01
29            	1.667348e+00	9.054866e-01	7.618616e-01	5.018132e-02	1.754935e-02	3.263197e-02	-7.541309e-03	7.181249e-02	-1.223124e+00	-2.347609e-03	-1.224298e+00	1.221950e+00
30            	1.921221e+00	2.770006e-01	1.644221e+00	-7.648900e-02	-4.270412e-02	-3.378488e-02	-4.459622e-03	-6.836100e-01	-1.203516e+00	-7.175178e-03	-1.207104e+00	1.199928e+00
31            	2.165872e+00	-2.407254e-01	2.406597e+00	-1.768873e-01	-9.024959e-02	-8.663772e-02	-1.805936e-03	-1.323661e+00	-9.674239e-01	-1.298181e-02	-9.739148e-01	9.609330e-01
32            	2.374966e+00	-7.798849e-01	3.154851e+00	-1.827367e-01	-8.948706e-02	-9.324960e-02	1.881269e-03	-1.967368e+00	-6.485511e-01	-2.109385e-02	-6.590981e-01	6.380042e-01
33            	2.511778e+00	-1.342550e+00	3.854327e+00	-9.623400e-02	-4.418951e-02	-5.204449e-02	3.927493e-03	-2.598438e+00	-4.040503e-01	-2.886282e-02	-4.184817e-01	3.896189e-01
34            	2.567997e+00	-1.802387e+00	4.370384e+00	5.676351e-02	3.254444e-02	2.421908e-02	4.162679e-03	-3.086385e+00	-2.274254e-01	-3.262256e-02	-2.437367e-01	2.111142e-01
35            	2.556879e+00	-2.093202e+00	4.650081e+00	1.974126e-01	1.020593e-01	9.535324e-02	3.353046e-03	-3.371641e+00	-1.308885e-01	-3.268302e-02	-1.472300e-01	1.145469e-01
36            	2.497916e+00	-2.270876e+00	4.768792e+00	2.786657e-01	1.413648e-01	1.373009e-01	2.031969e-03	-3.519834e+00	-8.788220e-02	-2.940136e-02	-1.025829e-01	7.318152e-02
37            	2.410275e+00	-2.405151e+00	4.815426e+00	3.007077e-01	1.503287e-01	1.503790e-01	-2.518264e-05	-3.610288e+00	-7.747863e-02	-2.359334e-02	-8.927530e-02	6.568197e-02
38            	2.308130e+00	-2.481847e+00	4.789977e+00	2.820835e-01	1.393335e-01	1.427500e-01	-1.708227e-03	-3.635912e+00	-1.306297e-01	-1.745982e-02	-1.393596e-01	1.218997e-01
39            	2.199516e+00	-2.394739e+00	4.594255e+00	2.453296e-01	1.202649e-01	1.250647e-01	-2.399907e-03	-3.494497e+00	-2.022854e-01	-1.154995e-02	-2.080603e-01	1.965104e-01
40            	2.081385e+00	-2.049590e+00	4.130975e+00	2.141867e-01	1.053236e-01	1.088631e-01	-1.769783e-03	-3.090282e+00	-2.454134e-01	-7.242708e-03	-2.490347e-01	2.417920e-01
41            	1.967672e+00	-1.522201e+00	3.489873e+00	1.756742e-01	8.693254e-02	8.874169e-02	-9.045726e-04	-2.506037e+00	-2.369362e-01	-3.847497e-03	-2.388600e-01	2.350125e-01
42            	1.862901e+00	-9.775146e-01	2.840416e+00	1.213301e-01	6.065858e-02	6.067148e-02	-6.450489e-06	-1.908965e+00	-1.768124e-01	-1.140623e-03	-1.773827e-01	1.762421e-01
43            	1.765334e+00	-5.415305e-01	2.306864e+00	5.223215e-02	2.698392e-02	2.524823e-02	8.678430e-04	-1.424197e+00	-6.943714e-02	1.577905e-03	-6.864819e-02	7.022609e-02
44            	1.676934e+00	-2.418919e-01	1.918826e+00	-1.442362e-02	-5.303902e-03	-9.119713e-03	1.907906e-03	-1.080359e+00	5.357762e-02	3.650419e-03	5.540283e-02	-5.175241e-02
45            	1.602391e+00	-5.154896e-02	1.653940e+00	-5.749314e-02	-2.557852e-02	-3.191461e-02	3.168045e-03	-8.527447e-01	1.673724e-01	5.297622e-03	1.700212e-01	-1.647236e-01
46            	1.544425e+00	5.656234e-02	1.487863e+00	-6.804087e-02	-2.937734e-02	-3.866353e-02	4.643095e-03	-7.156502e-01	2.532042e-01	6.448834e-03	2.564286e-01	-2.499798e-01
47            	1.499423e+00	1.153432e-01	1.384079e+00	-4.382896e-02	-1.619420e-02	-2.763477e-02	5.720285e-03	-6.343681e-01	2.923782e-01	6.878593e-03	2.958175e-01	-2.889389e-01
48            	1.461513e+00	1.427966e-01	1.318717e+00	1.116804e-02	1.168988e-02	-5.218380e-04	6.105858e-03	-5.879599e-01	2.819313e-01	6.928493e-03	2.853955e-01	-2.784670e-01
49            	1.429565e+00	1.658300e-01	1.263735e+00	8.803264e-02	4.973857e-02	3.829407e-02	5.722252e-03	-5.489526e-01	2.314698e-01	6.433401e-03	2.346865e-01	-2.282531e-01
50            	1.397825e+00	2.039538e-01	1.193871e+00	1.692404e-01	8.937391e-02	7.986645e-02	4.753729e-03	-4.949585e-01	1.565962e-01	5.873658e-03	1.595330e-01	-1.536594e-01
51            	1.364953e+00	2.840229e-01	1.080930e+00	2.384281e-01	1.223631e-01	1.160650e-01	3.149049e-03	-3.984535e-01	6.936343e-02	5.314135e-03	7.202050e-02	-6.670637e-02
52            	1.333029e+00	4.147615e-01	9.182678e-01	2.832864e-01	1.424260e-01	1.408604e-01	7.828154e-04	-2.517532e-01	-1.865093e-02	4.743989e-03	-1.627894e-02	2.102292e-02
53            	1.304297e+00	5.933344e-01	7.109625e-01	2.972095e-01	1.463193e-01	1.508902e-01	-2.285455e-03	-5.881406e-02	-8.823879e-02	4.180132e-03	-8.614873e-02	9.032886e-02
54            	1.275786e+00	7.986159e-01	4.771703e-01	2.778153e-01	1.332017e-01	1.446136e-01	-5.705983e-03	1.607228e-01	-1.309507e-01	3.546024e-03	-1.291777e-01	1.327237e-01
55            	1.249189e+00	1.008332e+00	2.408575e-01	2.275439e-01	1.047967e-01	1.227472e-01	-8.975238e-03	3.837371e-01	-1.566973e-01	2.565888e-03	-1.554144e-01	1.579803e-01
56            	1.223699e+00	1.193445e+00	3.025379e-02	1.522996e-01	6.470880e-02	8.759078e-02	-1.144099e-02	5.815956e-01	-1.688541e-01	1.112212e-03	-1.682979e-01	1.694102e-01
57            	1.198854e+00	1.317063e+00	-1.182081e-01	6.200350e-02	1.838105e-02	4.362245e-02	-1.262070e-02	7.176353e-01	-1.773442e-01	-8.766260e-04	-1.777825e-01	1.769059e-01
58            	1.174307e+00	1.349662e+00	-1.753551e-01	-3.407822e-02	-2.906754e-02	-5.010679e-03	-1.202843e-02	7.625087e-01	-1.809961e-01	-3.149687e-03	-1.825710e-01	1.794213e-01
59            	1.152019e+00	1.295032e+00	-1.430133e-01	-1.259992e-01	-7.245543e-02	-5.354379e-02	-9.455824e-03	7.190229e-01	-1.827163e-01	-5.418220e-03	-1.854254e-01	1.800072e-01
60            	1.132659e+00	1.159366e+00	-2.670633e-02	-2.019721e-01	-1.064059e-01	-9.556620e-02	-5.419848e-03	5.930361e-01	-1.811872e-01	-7.578608e-03	-1.849765e-01	1.773979e-01
61            	1.118453e+00	9.726737e-01	1.457795e-01	-2.449505e-01	-1.231934e-01	-1.217571e-01	-7.181340e-04	4.134471e-01	-1.709066e-01	-9.244406e-03	-1.755288e-01	1.662844e-01
62            	1.111671e+00	7.692333e-01	3.424376e-01	-2.445208e-01	-1.185473e-01	-1.259734e-01	3.713059e-03	2.133979e-01	-1.732334e-01	-1.050618e-02	-1.784865e-01	1.679803e-01
63            	1.114612e+00	5.868083e-01	5.278042e-01	-1.973526e-01	-9.110692e-02	-1.062457e-01	7.569371e-03	2.950206e-02	-1.948239e-01	-1.121126e-02	-2.004295e-01	1.892183e-01
64            	1.122541e+00	4.606131e-01	6.619277e-01	-1.096552e-01	-4.466828e-02	-6.498688e-02	1.015930e-02	-1.006573e-01	-2.325905e-01	-1.150144e-02	-2.383412e-01	2.268398e-01
65            	1.125722e+00	4.195494e-01	7.061727e-01	7.253453e-03	1.463835e-02	-7.384902e-03	1.101163e-02	-1.433117e-01	-2.683297e-01	-1.160714e-02	-2.741332e-01	2.625261e-01
66            	1.124325e+00	4.829007e-01	6.414245e-01	1.371917e-01	7.864086e-02	5.855084e-02	1.004501e-02	-7.926193e-02	-2.954534e-01	-1.149886e-02	-3.012029e-01	2.897040e-01
67            	1.121733e+00	6.450740e-01	4.766591e-01	2.623203e-01	1.388467e-01	1.234735e-01	7.686600e-03	8.420744e-02	-3.082424e-01	-1.110790e-02	-3.137963e-01	3.026884e-01
68            	1.119722e+00	8.807987e-01	2.389235e-01	3.645549e-01	1.868145e-01	1.777404e-01	4.537025e-03	3.209376e-01	-3.027468e-01	-1.036187e-02	-3.079277e-01	2.975659e-01
69            	1.115616e+00	1.146578e+00	-3.096232e-02	4.272759e-01	2.149848e-01	2.122910e-01	1.346913e-03	5.887703e-01	-2.845692e-01	-9.281004e-03	-2.892097e-01	2.799287e-01
70            	1.110452e+00	1.389622e+00	-2.791697e-01	4.393078e-01	2.182754e-01	2.210324e-01	-1.378504e-03	8.343958e-01	-2.601333e-01	-7.944336e-03	-2.641055e-01	2.561612e-01
71            	1.109125e+00	1.572160e+00	-4.630348e-01	3.984413e-01	1.956356e-01	2.028057e-01	-3.585054e-03	1.017597e+00	-2.439760e-01	-6.462178e-03	-2.472071e-01	2.407450e-01
72            	1.112380e+00	1.670812e+00	-5.584318e-01	3.190143e-01	1.536417e-01	1.653726e-01	-5.865484e-03	1.114622e+00	-2.481561e-01	-4.946720e-03	-2.506295e-01	2.456827e-01
73            	1.116114e+00	1.660775e+00	-5.446614e-01	2.130565e-01	9.868935e-02	1.143671e-01	-7.838877e-03	1.102718e+00	-2.635845e-01	-3.710478e-03	-2.654397e-01	2.617292e-01
74            	1.123053e+00	1.532186e+00	-4.091328e-01	9.668884e-02	3.921188e-02	5.747696e-02	-9.132543e-03	9.706593e-01	-2.779431e-01	-2.889200e-03	-2.793877e-01	2.764985e-01
75            	1.139203e+00	1.300400e+00	-1.611964e-01	-2.171611e-02	-1.995807e-02	-1.758034e-03	-9.100019e-03	7.307980e-01	-2.699219e-01	-2.516812e-03	-2.711803e-01	2.686635e-01
76            	1.151448e+00	9.794814e-01	1.719663e-01	-1.282651e-01	-7.168041e-02	-5.658469e-02	-7.547858e-03	4.037575e-01	-2.424266e-01	-2.416595e-03	-2.436349e-01	2.412183e-01
77            	1.152643e+00	5.977761e-01	5.548668e-01	-2.057015e-01	-1.076675e-01	-9.803397e-02	-4.816773e-03	2.145465e-02	-2.053050e-01	-2.356254e-03	-2.064832e-01	2.041269e-01
78            	1.146108e+00	2.003514e-01	9.457567e-01	-2.397218e-01	-1.211562e-01	-1.185656e-01	-1.295295e-03	-3.727026e-01	-1.673822e-01	-2.173819e-03	-1.684692e-01	1.662953e-01
79            	1.140813e+00	-1.474157e-01	1.288229e+00	-2.251827e-01	-1.100122e-01	-1.151704e-01	2.579078e-03	-7.178221e-01	-1.411983e-01	-1.830156e-03	-1.421134e-01	1.402833e-01
80            	1.134916e+00	-3.794445e-01	1.514360e+00	-1.644642e-01	-7.632593e-02	-8.813824e-02	5.906157e-03	-9.469025e-01	-1.288568e-01	-1.361080e-03	-1.295374e-01	1.281763e-01
81            	1.131691e+00	-4.428529e-01	1.574544e+00	-6.851675e-02	-2.600985e-02	-4.250691e-02	8.248530e-03	-1.008699e+00	-1.366889e-01	-8.593967e-04	-1.371186e-01	1.362592e-01
82            	1.137737e+00	-3.347632e-01	1.472501e+00	4.568842e-02	3.212720e-02	1.356122e-02	9.282991e-03	-9.036319e-01	-1.640950e-01	-4.583897e-04	-1.643241e-01	1.638658e-01
83            	1.145809e+00	-7.851398e-02	1.224323e+00	1.603560e-01	8.903722e-02	7.131879e-02	8.859214e-03	-6.514183e-01	-1.916318e-01	-3.700289e-04	-1.918168e-01	1.914468e-01
84            	1.145622e+00	2.928794e-01	8.527429e-01	2.591483e-01	1.368613e-01	1.222871e-01	7.287115e-03	-2.799317e-01	-2.015372e-01	-6.845449e-04	-2.018794e-01	2.011949e-01
85            	1.135032e+00	7.406559e-01	3.943762e-01	3.341986e-01	1.722029e-01	1.619957e-01	5.103570e-03	1.731399e-01	-1.946755e-01	-1.343115e-03	-1.953470e-01	1.940039e-01
86            	1.117943e+00	1.212281e+00	-9.433771e-02	3.757914e-01	1.907074e-01	1.850840e-01	2.811733e-03	6.533093e-01	-1.756216e-01	-2.201605e-03	-1.767224e-01	1.745208e-01
87            	1.098957e+00	1.626877e+00	-5.279204e-01	3.768041e-01	1.890241e-01	1.877800e-01	6.220621e-04	1.077399e+00	-1.514985e-01	-2.957159e-03	-1.529770e-01	1.500199e-01
88            	1.084129e+00	1.904730e+00	-8.206018e-01	3.348650e-01	1.661316e-01	1.687334e-01	-1.300885e-03	1.362666e+00	-1.273947e-01	-3.391990e-03	-1.290907e-01	1.256987e-01
89            	1.084470e+00	2.001774e+00	-9.173043e-01	2.603017e-01	1.268657e-01	1.334360e-01	-3.285162e-03	1.459539e+00	-1.216499e-01	-3.434659e-03	-1.233673e-01	1.199326e-01
90            	1.103699e+00	1.917758e+00	-8.140590e-01	1.635720e-01	7.664223e-02	8.692977e-02	-5.143772e-03	1.365908e+00	-1.369802e-01	-3.142109e-03	-1.385512e-01	1.354091e-01
91            	1.132015e+00	1.657903e+00	-5.258876e-01	5.408827e-02	2.112258e-02	3.296569e-02	-5.921556e-03	1.091895e+00	-1.548879e-01	-2.633822e-03	-1.562048e-01	1.535710e-01
92            	1.157880e+00	1.249216e+00	-9.133649e-02	-5.647891e-02	-3.358279e-02	-2.289612e-02	-5.343339e-03	6.702764e-01	-1.666985e-01	-2.144622e-03	-1.677708e-01	1.656262e-01
93            	1.173926e+00	7.303422e-01	4.435839e-01	-1.518284e-01	-7.951829e-02	-7.231011e-02	-3.604089e-03	1.433792e-01	-1.694303e-01	-1.927131e-03	-1.703939e-01	1.684667e-01
94            	1.178281e+00	1.698733e-01	1.008408e+00	-2.134053e-01	-1.079334e-01	-1.054719e-01	-1.230749e-03	-4.192673e-01	-1.691709e-01	-1.960899e-03	-1.701514e-01	1.681905e-01
95            	1.173319e+00	-3.548807e-01	1.528200e+00	-2.301910e-01	-1.140095e-01	-1.161814e-01	1.085945e-03	-9.415402e-01	-1.654550e-01	-2.053835e-03	-1.664819e-01	1.644280e-01
96            	1.163893e+00	-7.542968e-01	1.918190e+00	-2.004693e-01	-9.723078e-02	-1.032385e-01	3.003869e-03	-1.336243e+00	-1.583614e-01	-1.958578e-03	-1.593407e-01	1.573821e-01
97            	1.160912e+00	-9.628690e-01	2.123781e+00	-1.359762e-01	-6.342485e-02	-7.255139e-02	4.563268e-03	-1.543325e+00	-1.611632e-01	-1.631699e-03	-1.619791e-01	1.603474e-01
98            	1.164819e+00	-9.407335e-01	2.105552e+00	-4.694478e-02	-1.781496e-02	-2.912981e-02	5.657425e-03	-1.523143e+00	-1.770268e-01	-1.218318e-03	-1.776359e-01	1.764176e-01
99            	1.176861e+00	-6.879731e-01	1.864835e+00	5.555074e-02	3.393414e-02	2.161660e-02	6.158768e-03	-1.276404e+00	-2.158896e-01	-9.180740e-04	-2.163487e-01	2.154306e-01
100           	1.188232e+00	-2.421826e-01	1.430415e+00	1.658640e-01	8.856552e-02	7.729852e-02	5.633501e-03	-8.362988e-01	-2.518278e-01	-9.422754e-04	-2.522990e-01	2.513567e-01
101           	1.194119e+00	3.507273e-01	8.433913e-01	2.719373e-01	1.401399e-01	1.317974e-01	4.171257e-03	-2.463320e-01	-2.746087e-01	-1.445101e-03	-2.753312e-01	2.738861e-01
102           	1.188792e+00	1.014513e+00	1.742788e-01	3.520006e-01	1.783411e-01	1.736595e-01	2.340779e-03	4.201172e-01	-2.818518e-01	-2.277793e-03	-2.829907e-01	2.807129e-01
103           	1.172450e+00	1.648389e+00	-4.759390e-01	3.844163e-01	1.928016e-01	1.916147e-01	5.934099e-04	1.062164e+00	-2.721484e-01	-3.154203e-03	-2.737255e-01	2.705713e-01
104           	1.155311e+00	2.132961e+00	-9.776492e-01	3.607591e-01	1.788999e-01	1.818592e-01	-1.479661e-03	1.555305e+00	-2.460472e-01	-3.627229e-03	-2.478609e-01	2.442336e-01
105           	1.152116e+00	2.410066e+00	-1.257950e+00	2.840627e-01	1.382819e-01	1.457808e-01	-3.749467e-03	1.834008e+00	-2.295550e-01	-3.550761e-03	-2.313304e-01	2.277797e-01
106           	1.152427e+00	2.401338e+00	-1.248911e+00	1.693127e-01	7.895546e-02	9.035719e-02	-5.700864e-03	1.825125e+00	-2.187576e-01	-2.942699e-03	-2.202289e-01	2.172862e-01
107           	1.170779e+00	2.146116e+00	-9.753372e-01	3.787741e-02	1.171934e-02	2.615807e-02	-7.219368e-03	1.560726e+00	-2.470423e-01	-2.214735e-03	-2.481496e-01	2.459349e-01
108           	1.195553e+00	1.684078e+00	-4.885256e-01	-8.823511e-02	-5.173539e-02	-3.649972e-02	-7.617834e-03	1.086302e+00	-2.667787e-01	-1.716125e-03	-2.676367e-01	2.659206e-01
109           	1.215233e+00	1.061893e+00	1.533399e-01	-1.951420e-01	-1.042797e-01	-9.086224e-02	-6.708748e-03	4.542767e-01	-2.728786e-01	-1.509910e-03	-2.736335e-01	2.721236e-01
110           	1.221846e+00	3.376323e-01	8.842141e-01	-2.671467e-01	-1.382884e-01	-1.288582e-01	-4.715099e-03	-2.732909e-01	-2.698339e-01	-1.511050e-03	-2.705894e-01	2.690784e-01
111           	1.214187e+00	-3.884809e-01	1.602668e+00	-2.918028e-01	-1.483106e-01	-1.434922e-01	-2.409153e-03	-9.955746e-01	-2.590440e-01	-1.493267e-03	-2.597906e-01	2.582973e-01
112           	1.198771e+00	-1.007593e+00	2.206364e+00	-2.690871e-01	-1.349770e-01	-1.341100e-01	-4.335058e-04	-1.606979e+00	-2.346949e-01	-1.287616e-03	-2.353387e-01	2.340511e-01
113           	1.181195e+00	-1.408583e+00	2.589778e+00	-2.035211e-01	-1.010388e-01	-1.024823e-01	7.217326e-04	-1.999181e+00	-1.919386e-01	-9.148705e-04	-1.923961e-01	1.914812e-01
114           	1.168861e+00	-1.505429e+00	2.674290e+00	-1.008148e-01	-4.942734e-02	-5.138750e-02	9.800838e-04	-2.089860e+00	-1.435516e-01	-5.135679e-04	-1.438084e-01	1.432948e-01
115           	1.174826e+00	-1.280965e+00	2.455791e+00	1.484726e-02	8.525222e-03	6.322037e-03	1.101592e-03	-1.868378e+00	-1.461675e-01	-3.041974e-04	-1.463196e-01	1.460154e-01
116           	1.198284e+00	-8.154591e-01	2.013743e+00	1.236145e-01	6.305274e-02	6.056174e-02	1.245500e-03	-1.414601e+00	-1.738316e-01	-4.040370e-04	-1.740336e-01	1.736295e-01
117           	1.226212e+00	-1.532551e-01	1.379467e+00	2.153511e-01	1.086380e-01	1.067131e-01	9.624393e-04	-7.663609e-01	-2.027262e-01	-9.089150e-04	-2.031807e-01	2.022718e-01
118           	1.242692e+00	6.283853e-01	6.143067e-01	2.729700e-01	1.365942e-01	1.363758e-01	1.092254e-04	7.039318e-03	-2.346019e-01	-1.692081e-03	-2.354479e-01	2.337559e-01
119           	1.245857e+00	1.434150e+00	-1.882931e-01	2.933010e-01	1.457520e-01	1.475490e-01	-8.984872e-04	8.112218e-01	-2.620060e-01	-2.375620e-03	-2.631938e-01	2.608182e-01
120           	1.232859e+00	2.143355e+00	-9.104957e-01	2.774251e-01	1.369102e-01	1.405148e-01	-1.802298e-03	1.526925e+00	-2.659517e-01	-2.670968e-03	-2.672872e-01	2.646162e-01
121           	1.210612e+00	2.634484e+00	-1.423872e+00	2.255040e-01	1.100922e-01	1.154118e-01	-2.659836e-03	2.029178e+00	-2.317882e-01	-2.520202e-03	-2.330483e-01	2.305281e-01
122           	1.189661e+00	2.805074e+00	-1.615413e+00	1.404278e-01	6.704538e-02	7.338244e-02	-3.168529e-03	2.210243e+00	-1.855189e-01	-2.049784e-03	-1.865438e-01	1.844941e-01
123           	1.187413e+00	2.676845e+00	-1.489432e+00	5.096629e-02	2.129295e-02	2.967333e-02	-4.190189e-03	2.083139e+00	-1.797311e-01	-1.527432e-03	-1.804948e-01	1.789673e-01
124           	1.198507e+00	2.280640e+00	-1.082133e+00	-3.435612e-02	-2.200274e-02	-1.235338e-02	-4.824678e-03	1.681386e+00	-1.710400e-01	-1.159643e-03	-1.716198e-01	1.704602e-01
125           	1.216568e+00	1.664919e+00	-4.483501e-01	-1.073903e-01	-5.834893e-02	-4.904137e-02	-4.653782e-03	1.056634e+00	-1.682228e-01	-1.061468e-03	-1.687535e-01	1.676920e-01
126           	1.231400e+00	8.919358e-01	3.394645e-01	-1.595881e-01	-8.360332e-02	-7.598482e-02	-3.809250e-03	2.762357e-01	-1.689711e-01	-1.160077e-03	-1.695512e-01	1.683911e-01
127           	1.234383e+00	5.484717e-02	1.179536e+00	-1.856418e-01	-9.552320e-02	-9.011856e-02	-2.702322e-03	-5.623445e-01	-1.704814e-01	-1.236543e-03	-1.710997e-01	1.698632e-01
128           	1.222578e+00	-7.198788e-01	1.942457e+00	-1.827029e-01	-9.313210e-02	-8.957077e-02	-1.780662e-03	-1.331168e+00	-1.557806e-01	-1.109334e-03	-1.563353e-01	1.552260e-01
129           	1.202602e+00	-1.279915e+00	2.482516e+00	-1.455595e-01	-7.402470e-02	-7.153485e-02	-1.244926e-03	-1.881216e+00	-1.137109e-01	-6.224065e-04	-1.140221e-01	1.133996e-01
130           	1.186714e+00	-1.534370e+00	2.721084e+00	-7.654993e-02	-3.914227e-02	-3.740766e-02	-8.673020e-04	-2.127727e+00	-7.157474e-02	1.423359e-04	-7.150357e-02	7.164591e-02
131           	1.185904e+00	-1.466950e+00	2.652854e+00	6.189487e-03	3.066655e-03	3.122831e-03	-2.808803e-05	-2.059902e+00	-6.165961e-02	9.587162e-04	-6.118025e-02	6.213897e-02
132           	1.200018e+00	-1.126757e+00	2.326776e+00	9.183160e-02	4.681141e-02	4.502020e-02	8.956042e-04	-1.726767e+00	-7.312397e-02	1.723326e-03	-7.226230e-02	7.398563e-02
133           	1.219957e+00	-5.720230e-01	1.791980e+00	1.687224e-01	8.534774e-02	8.337462e-02	9.865590e-04	-1.182002e+00	-8.767920e-02	2.215269e-03	-8.657156e-02	8.878683e-02
134           	1.234968e+00	1.335600e-01	1.101408e+00	2.272990e-01	1.137583e-01	1.135406e-01	1.088507e-04	-4.839238e-01	-8.559875e-02	2.246435e-03	-8.447553e-02	8.672197e-02
135           	1.236821e+00	9.103851e-01	3.264358e-01	2.596078e-01	1.285052e-01	1.311026e-01	-1.298690e-03	2.919746e-01	-6.548139e-02	1.822501e-03	-6.457014e-02	6.639264e-02
136           	1.222592e+00	1.649617e+00	-4.270257e-01	2.623625e-01	1.285501e-01	1.338125e-01	-2.631211e-03	1.038322e+00	-3.218484e-02	1.187007e-03	-3.159134e-02	3.277834e-02
137           	1.199706e+00	2.245831e+00	-1.046125e+00	2.320251e-01	1.126276e-01	1.193974e-01	-3.384904e-03	1.645978e+00	1.276310e-02	6.473649e-04	1.308678e-02	-1.243942e-02
138           	1.178075e+00	2.608118e+00	-1.430043e+00	1.701569e-01	8.140039e-02	8.875648e-02	-3.678046e-03	2.019081e+00	4.868851e-02	4.381793e-04	4.890760e-02	-4.846942e-02
139           	1.167663e+00	2.695784e+00	-1.528122e+00	9.041393e-02	4.101776e-02	4.939616e-02	-4.189199e-03	2.111953e+00	4.867386e-02	5.048360e-04	4.892628e-02	-4.842144e-02
140           	1.166946e+00	2.506971e+00	-1.340025e+00	4.640597e-03	-2.368833e-03	7.009430e-03	-4.689131e-03	1.923498e+00	2.683131e-02	8.212878e-04	2.724195e-02	-2.642066e-02
141           	1.173263e+00	2.071650e+00	-8.983865e-01	-7.789011e-02	-4.341498e-02	-3.447513e-02	-4.469927e-03	1.485018e+00	4.356024e-03	1.111143e-03	4.911596e-03	-3.800453e-03
142           	1.182670e+00	1.457419e+00	-2.747493e-01	-1.467378e-01	-7.664881e-02	-7.008902e-02	-3.279894e-03	8.660843e-01	-6.313339e-03	1.157827e-03	-5.734426e-03	6.892253e-03
143           	1.188715e+00	7.380583e-01	4.506563e-01	-1.916557e-01	-9.714462e-02	-9.451105e-02	-1.316784e-03	1.437010e-01	1.027489e-04	9.353741e-04	5.704360e-04	3.649381e-04
144           	1.184411e+00	1.559447e-02	1.168816e+00	-1.983990e-01	-9.838671e-02	-1.000123e-01	8.127782e-04	-5.766109e-01	1.553045e-02	5.385650e-04	1.579973e-02	-1.526117e-02
145           	1.175685e+00	-5.980389e-01	1.773724e+00	-1.609194e-01	-7.772578e-02	-8.319361e-02	2.733911e-03	-1.185881e+00	2.637149e-02	2.939954e-04	2.651849e-02	-2.622450e-02
146           	1.171245e+00	-1.022041e+00	2.193286e+00	-7.920590e-02	-3.506403e-02	-4.414187e-02	4.538920e-03	-1.607663e+00	1.694224e-02	5.614998e-04	1.722299e-02	-1.666149e-02
147           	1.175511e+00	-1.198271e+00	2.373781e+00	3.490881e-02	2.376467e-02	1.114415e-02	6.310262e-03	-1.786026e+00	-1.968002e-02	1.396904e-03	-1.898157e-02	2.037847e-02
148           	1.187116e+00	-1.103615e+00	2.290731e+00	1.599350e-01	8.726423e-02	7.267078e-02	7.296723e-03	-1.697173e+00	-7.186955e-02	2.539353e-03	-7.059987e-02	7.313922e-02
149           	1.197662e+00	-7.705334e-01	1.968196e+00	2.787624e-01	1.460137e-01	1.327487e-01	6.632462e-03	-1.369365e+00	-1.074160e-01	3.638088e-03	-1.055970e-01	1.092351e-01
150           	1.203189e+00	-2.654193e-01	1.468608e+00	3.741672e-01	1.914247e-01	1.827424e-01	4.341152e-03	-8.670139e-01	-9.723662e-02	4.330151e-03	-9.507155e-02	9.940170e-02
151           	1.200840e+00	3.380226e-01	8.628169e-01	4.289752e-01	2.154638e-01	2.135115e-01	9.761413e-04	-2.623971e-01	-3.005352e-02	4.502611e-03	-2.780222e-02	3.230483e-02
152           	1.188196e+00	9.557821e-01	2.324144e-01	4.232179e-01	2.091087e-01	2.141092e-01	-2.500220e-03	3.616839e-01	5.810834e-02	4.241820e-03	6.022925e-02	-5.598743e-02
153           	1.173948e+00	1.525348e+00	-3.514001e-01	3.589237e-01	1.739831e-01	1.849406e-01	-5.478748e-03	9.383739e-01	1.215794e-01	3.838642e-03	1.234988e-01	-1.196601e-01
154           	1.165052e+00	1.978564e+00	-8.135117e-01	2.488974e-01	1.168264e-01	1.320710e-01	-7.622330e-03	1.396038e+00	1.499181e-01	3.543757e-03	1.516900e-01	-1.481462e-01
155           	1.166448e+00	2.253309e+00	-1.086860e+00	1.075587e-01	4.502988e-02	6.252885e-02	-8.749488e-03	1.670084e+00	1.376917e-01	3.586999e-03	1.394851e-01	-1.358982e-01
156           	1.173690e+00	2.298045e+00	-1.124355e+00	-4.224096e-02	-3.017419e-02	-1.206677e-02	-9.053712e-03	1.711200e+00	9.087744e-02	3.982497e-03	9.286869e-02	-8.888620e-02
157           	1.179902e+00	2.087319e+00	-9.074172e-01	-1.789776e-01	-9.766774e-02	-8.130986e-02	-8.178938e-03	1.497368e+00	4.254544e-02	4.467320e-03	4.477910e-02	-4.031178e-02
158           	1.184203e+00	1.670161e+00	-4.859579e-01	-2.849600e-01	-1.482961e-01	-1.366639e-01	-5.816108e-03	1.078059e+00	2.184368e-02	4.583113e-03	2.413523e-02	-1.955212e-02
159           	1.186611e+00	1.130602e+00	5.600901e-02	-3.435010e-01	-1.737335e-01	-1.697676e-01	-1.982954e-03	5.372963e-01	4.125974e-02	4.043444e-03	4.328146e-02	-3.923801e-02
160           	1.185895e+00	5.437958e-01	6.420987e-01	-3.373162e-01	-1.661483e-01	-1.711680e-01	2.509873e-03	-4.915144e-02	7.243235e-02	3.017988e-03	7.394135e-02	-7.092336e-02
161           	1.183292e+00	-2.457799e-02	1.207870e+00	-2.661513e-01	-1.260935e-01	-1.400577e-01	6.982107e-03	-6.162240e-01	8.789180e-02	2.031252e-03	8.890743e-02	-8.687618e-02
162           	1.181380e+00	-5.030320e-01	1.684412e+00	-1.378301e-01	-5.851172e-02	-7.931837e-02	1.040332e-02	-1.093722e+00	8.538752e-02	1.545539e-03	8.616029e-02	-8.461475e-02
163           	1.184311e+00	-8.318862e-01	2.016197e+00	2.992643e-02	2.731779e-02	2.608646e-03	1.235457e-02	-1.424042e+00	6.018122e-02	1.696817e-03	6.102962e-02	-5.933281e-02
164           	1.187551e+00	-9.605166e-01	2.148067e+00	2.086212e-01	1.168785e-01	9.174276e-02	1.256786e-02	-1.554292e+00	2.031784e-02	2.291448e-03	2.146356e-02	-1.917212e-02
165           	1.183496e+00	-8.694208e-01	2.052917e+00	3.688154e-01	1.955640e-01	1.732515e-01	1.115624e-02	-1.461169e+00	-1.970959e-02	3.054074e-03	-1.818255e-02	2.123663e-02
166           	1.171250e+00	-5.574772e-01	1.728728e+00	4.803874e-01	2.483513e-01	2.320360e-01	8.157664e-03	-1.143102e+00	-3.713905e-02	3.622921e-03	-3.532759e-02	3.895051e-02
167           	1.160620e+00	-9.520773e-02	1.255828e+00	5.287373e-01	2.678383e-01	2.608990e-01	3.469615e-03	-6.755178e-01	6.062346e-03	3.755450e-03	7.940070e-03	-4.184621e-03
168           	1.151244e+00	4.480650e-01	7.031790e-01	5.075060e-01	2.519836e-01	2.555223e-01	-1.769359e-03	-1.275570e-01	7.683704e-02	3.618326e-03	7.864620e-02	-7.502787e-02
169           	1.144786e+00	1.011005e+00	1.337809e-01	4.137524e-01	2.004331e-01	2.133193e-01	-6.443088e-03	4.386120e-01	1.398844e-01	3.472948e-03	1.416209e-01	-1.381479e-01
170           	1.141949e+00	1.509838e+00	-3.678890e-01	2.602088e-01	1.202187e-01	1.399900e-01	-9.885665e-03	9.388637e-01	1.839887e-01	3.423109e-03	1.857003e-01	-1.822772e-01
171           	1.147164e+00	1.858807e+00	-7.116423e-01	7.556496e-02	2.586716e-02	4.969780e-02	-1.191532e-02	1.285224e+00	1.909999e-01	3.430370e-03	1.927151e-01	-1.892847e-01
172           	1.156579e+00	1.997006e+00	-8.404265e-01	-1.093965e-01	-6.668690e-02	-4.270964e-02	-1.198863e-02	1.418716e+00	1.583316e-01	3.517305e-03	1.600902e-01	-1.565729e-01
173           	1.159612e+00	1.882400e+00	-7.227877e-01	-2.644346e-01	-1.423079e-01	-1.221268e-01	-1.009054e-02	1.302594e+00	1.041025e-01	3.632065e-03	1.059185e-01	-1.022865e-01
174           	1.157674e+00	1.545296e+00	-3.876218e-01	-3.623692e-01	-1.876059e-01	-1.747633e-01	-6.421283e-03	9.664588e-01	7.291797e-02	3.675410e-03	7.475568e-02	-7.108027e-02
175           	1.158600e+00	1.109132e+00	4.946797e-02	-3.975777e-01	-1.999534e-01	-1.976243e-01	-1.164544e-03	5.298319e-01	8.658363e-02	3.396377e-03	8.828182e-02	-8.488544e-02
176           	1.158287e+00	6.351415e-01	5.231454e-01	-3.625277e-01	-1.767085e-01	-1.858192e-01	4.555337e-03	5.599801e-02	1.060070e-01	2.753056e-03	1.073835e-01	-1.046305e-01
177           	1.157698e+00	1.811789e-01	9.765193e-01	-2.595115e-01	-1.201967e-01	-1.393148e-01	9.559012e-03	-3.976702e-01	1.160402e-01	1.995745e-03	1.170381e-01	-1.150424e-01
178           	1.156946e+00	-1.910510e-01	1.347997e+00	-1.058700e-01	-4.000178e-02	-6.586820e-02	1.293321e-02	-7.695240e-01	1.087978e-01	1.433003e-03	1.095143e-01	-1.080813e-01
179           	1.155348e+00	-4.377520e-01	1.593100e+00	7.932126e-02	5.364361e-02	2.567765e-02	1.398298e-02	-1.015426e+00	9.285973e-02	1.139387e-03	9.342942e-02	-9.229004e-02
180           	1.147655e+00	-5.391981e-01	1.686853e+00	2.685569e-01	1.470689e-01	1.214880e-01	1.279043e-02	-1.113025e+00	6.904199e-02	1.014008e-03	6.954900e-02	-6.853499e-02
181           	1.132775e+00	-4.729709e-01	1.605746e+00	4.290194e-01	2.242983e-01	2.047210e-01	9.788641e-03	-1.039358e+00	4.491441e-02	8.504536e-04	4.533963e-02	-4.448918e-02
182           	1.115303e+00	-2.418366e-01	1.357139e+00	5.316220e-01	2.714732e-01	2.601488e-01	5.662185e-03	-7.994879e-01	3.559805e-02	5.068180e-04	3.585146e-02	-3.534465e-02
183           	1.102639e+00	1.106969e-01	9.919420e-01	5.567080e-01	2.788858e-01	2.778223e-01	5.317496e-04	-4.406226e-01	5.423335e-02	1.133162e-04	5.429001e-02	-5.417669e-02
184           	1.102832e+00	5.286983e-01	5.741335e-01	5.008340e-01	2.452622e-01	2.555717e-01	-5.154755e-03	-2.271757e-02	7.353751e-02	-9.759142e-05	7.348871e-02	-7.358630e-02
185           	1.113424e+00	9.618946e-01	1.515289e-01	3.735223e-01	1.766389e-01	1.968834e-01	-1.012226e-02	4.051829e-01	8.197678e-02	1.035473e-04	8.202855e-02	-8.192501e-02
186           	1.127480e+00	1.347854e+00	-2.203741e-01	1.901671e-01	8.178191e-02	1.083852e-01	-1.330166e-02	7.841139e-01	7.863154e-02	6.531196e-04	7.895810e-02	-7.830498e-02
187           	1.138035e+00	1.612386e+00	-4.743504e-01	-1.664970e-02	-2.250846e-02	5.858762e-03	-1.418361e-02	1.043368e+00	6.518155e-02	1.290607e-03	6.582685e-02	-6.453624e-02
188           	1.141672e+00	1.719597e+00	-5.779256e-01	-2.110065e-01	-1.183224e-01	-9.268406e-02	-1.281918e-02	1.148761e+00	4.225374e-02	1.639823e-03	4.307365e-02	-4.143383e-02
189           	1.135912e+00	1.629025e+00	-4.931127e-01	-3.558837e-01	-1.875116e-01	-1.683721e-01	-9.569793e-03	1.061069e+00	1.068100e-02	1.532659e-03	1.144733e-02	-9.914672e-03
190           	1.137138e+00	1.365439e+00	-2.283011e-01	-4.264053e-01	-2.177105e-01	-2.086948e-01	-4.507878e-03	7.968701e-01	1.164271e-02	8.367667e-04	1.206109e-02	-1.122433e-02
191           	1.144535e+00	9.827476e-01	1.617874e-01	-4.237067e-01	-2.101178e-01	-2.135889e-01	1.735578e-03	4.104801e-01	3.437922e-02	-3.105205e-04	3.422396e-02	-3.453448e-02
192           	1.153175e+00	5.335858e-01	6.195888e-01	-3.494718e-01	-1.672159e-01	-1.822560e-01	7.520038e-03	-4.300149e-02	6.049084e-02	-1.441678e-03	5.977000e-02	-6.121168e-02
193           	1.155574e+00	8.591851e-02	1.069656e+00	-2.102879e-01	-9.366865e-02	-1.166193e-01	1.147531e-02	-4.918687e-01	7.000531e-02	-2.181524e-03	6.891455e-02	-7.109608e-02
194           	1.147828e+00	-2.738044e-01	1.421632e+00	-2.901770e-02	-1.465558e-03	-2.755214e-02	1.304329e-02	-8.477183e-01	5.117186e-02	-2.205979e-03	5.006887e-02	-5.227485e-02
195           	1.135986e+00	-4.812808e-01	1.617267e+00	1.565946e-01	9.076112e-02	6.583350e-02	1.246381e-02	-1.049274e+00	9.130854e-03	-1.620283e-03	8.320712e-03	-9.940995e-03
196           	1.124321e+00	-5.123980e-01	1.636719e+00	3.151128e-01	1.675265e-01	1.475863e-01	9.970113e-03	-1.074559e+00	-2.980377e-02	-8.119188e-04	-3.020973e-02	2.939781e-02
197           	1.117771e+00	-3.642691e-01	1.482040e+00	4.224249e-01	2.171981e-01	2.052269e-01	5.985597e-03	-9.231548e-01	-3.259651e-02	-2.743335e-04	-3.273367e-02	3.245934e-02
198           	1.117594e+00	-5.545296e-02	1.173047e+00	4.682858e-01	2.351951e-01	2.330907e-01	1.052190e-03	-6.142500e-01	-7.946134e-04	-1.947277e-04	-8.919773e-04	6.972496e-04
199           	1.121731e+00	3.661737e-01	7.555572e-01	4.505862e-01	2.212535e-01	2.293328e-01	-4.039656e-03	-1.946918e-01	4.545814e-02	-5.749120e-04	4.517068e-02	-4.574559e-02
200           	1.126981e+00	8.394907e-01	2.874903e-01	3.759478e-01	1.794111e-01	1.965367e-01	-8.562793e-03	2.760002e-01	7.767124e-02	-1.095884e-03	7.712330e-02	-7.821918e-02
201           	1.127579e+00	1.290204e+00	-1.626252e-01	2.515299e-01	1.142613e-01	1.372686e-01	-1.150361e-02	7.264147e-01	8.345966e-02	-1.499441e-03	8.270994e-02	-8.420938e-02
202           	1.124824e+00	1.640056e+00	-5.152314e-01	9.576505e-02	3.536081e-02	6.040425e-02	-1.252172e-02	1.077644e+00	7.201041e-02	-1.507594e-03	7.125661e-02	-7.276421e-02
203           	1.126700e+00	1.843965e+00	-7.172651e-01	-6.678663e-02	-4.507735e-02	-2.170927e-02	-1.168404e-02	1.280615e+00	5.681104e-02	-1.127542e-03	5.624727e-02	-5.737481e-02
204           	1.131781e+00	1.874196e+00	-7.424151e-01	-2.045444e-01	-1.119778e-01	-9.256662e-02	-9.705568e-03	1.308306e+00	3.609137e-02	-7.367119e-04	3.572302e-02	-3.645973e-02
205           	1.137165e+00	1.712985e+00	-5.758194e-01	-2.922936e-01	-1.529852e-01	-1.393084e-01	-6.838374e-03	1.144402e+00	2.238887e-02	-5.747691e-04	2.210148e-02	-2.267625e-02
206           	1.146129e+00	1.384368e+00	-2.382391e-01	-3.185940e-01	-1.622022e-01	-1.563918e-01	-2.905208e-03	8.113037e-01	4.038070e-02	-7.754618e-04	3.999297e-02	-4.076843e-02
207           	1.158900e+00	9.279430e-01	2.309569e-01	-2.892824e-01	-1.428377e-01	-1.464447e-01	1.803522e-03	3.484931e-01	7.755016e-02	-1.246442e-03	7.692694e-02	-7.817338e-02
208           	1.163049e+00	3.994583e-01	7.635905e-01	-2.056651e-01	-9.707073e-02	-1.085943e-01	5.761811e-03	-1.820661e-01	1.044043e-01	-1.786549e-03	1.035110e-01	-1.052976e-01
209           	1.157873e+00	-1.137793e-01	1.271652e+00	-8.238798e-02	-3.314511e-02	-4.924287e-02	8.048881e-03	-6.927158e-01	1.082702e-01	-2.073139e-03	1.072336e-01	-1.093068e-01
210           	1.149009e+00	-5.206909e-01	1.669700e+00	5.922047e-02	3.819844e-02	2.102203e-02	8.588202e-03	-1.095195e+00	9.784054e-02	-1.928515e-03	9.687628e-02	-9.880479e-02
211           	1.141033e+00	-7.525111e-01	1.893544e+00	1.933466e-01	1.043161e-01	8.903049e-02	7.642804e-03	-1.323028e+00	8.229817e-02	-1.485060e-03	8.155564e-02	-8.304070e-02
212           	1.136864e+00	-7.657275e-01	1.902592e+00	2.893227e-01	1.503657e-01	1.389570e-01	5.704322e-03	-1.334160e+00	6.437664e-02	-1.049522e-03	6.385188e-02	-6.490140e-02
213           	1.142757e+00	-5.767007e-01	1.719457e+00	3.361528e-01	1.709837e-01	1.651691e-01	2.907311e-03	-1.148079e+00	6.650415e-02	-9.457813e-04	6.603126e-02	-6.697704e-02
214           	1.157355e+00	-2.118118e-01	1.369167e+00	3.358029e-01	1.670809e-01	1.687220e-01	-8.205786e-04	-7.904894e-01	9.623536e-02	-1.275388e-03	9.559767e-02	-9.687306e-02
215           	1.166239e+00	2.891285e-01	8.771101e-01	2.919820e-01	1.414572e-01	1.505248e-01	-4.533806e-03	-2.939908e-01	1.258194e-01	-1.927864e-03	1.248555e-01	-1.267833e-01
216           	1.164927e+00	8.589064e-01	3.060206e-01	2.112316e-01	9.850663e-02	1.127249e-01	-7.109144e-03	2.764429e-01	1.390730e-01	-2.606282e-03	1.377698e-01	-1.403761e-01
217           	1.155684e+00	1.399476e+00	-2.437912e-01	1.132744e-01	4.860628e-02	6.466808e-02	-8.030898e-03	8.216335e-01	1.317916e-01	-3.022686e-03	1.302802e-01	-1.333029e-01
218           	1.144807e+00	1.808785e+00	-6.639778e-01	2.009084e-02	2.493501e-03	1.759734e-02	-7.551919e-03	1.236381e+00	1.151249e-01	-2.943296e-03	1.136532e-01	-1.165965e-01
219           	1.139198e+00	2.029223e+00	-8.900254e-01	-5.408832e-02	-3.323444e-02	-2.085388e-02	-6.190277e-03	1.459624e+00	1.052600e-01	-2.572551e-03	1.039737e-01	-1.065463e-01
220           	1.140122e+00	2.025122e+00	-8.849998e-01	-9.571472e-02	-5.239978e-02	-4.331494e-02	-4.542416e-03	1.455061e+00	9.373335e-02	-2.254142e-03	9.260628e-02	-9.486042e-02
221           	1.154584e+00	1.818105e+00	-6.635211e-01	-1.033477e-01	-5.439661e-02	-4.895108e-02	-2.722765e-03	1.240813e+00	8.926304e-02	-2.145832e-03	8.819012e-02	-9.033595e-02
222           	1.172264e+00	1.439495e+00	-2.672301e-01	-8.726482e-02	-4.445674e-02	-4.280808e-02	-8.243335e-04	8.533624e-01	8.842907e-02	-2.189430e-03	8.733436e-02	-8.952379e-02
223           	1.178386e+00	9.238962e-01	2.544895e-01	-5.320558e-02	-2.605875e-02	-2.714683e-02	5.440391e-04	3.347033e-01	8.628333e-02	-2.312232e-03	8.512721e-02	-8.743945e-02
224           	1.170701e+00	3.457698e-01	8.249308e-01	-1.001834e-02	-3.645589e-03	-6.372750e-03	1.363580e-03	-2.395805e-01	7.704298e-02	-2.390655e-03	7.584765e-02	-7.823831e-02
225           	1.153993e+00	-2.014803e-01	1.355473e+00	2.934551e-02	1.642010e-02	1.292541e-02	1.747345e-03	-7.784766e-01	5.689011e-02	-2.358423e-03	5.571090e-02	-5.806932e-02
226           	1.138573e+00	-6.228352e-01	1.761409e+00	5.835944e-02	3.098931e-02	2.737014e-02	1.809585e-03	-1.192122e+00	3.525187e-02	-2.046578e-03	3.422858e-02	-3.627516e-02
227           	1.130230e+00	-8.509981e-01	1.981228e+00	7.571031e-02	3.932947e-02	3.638083e-02	1.474320e-03	-1.416113e+00	1.987809e-02	-1.563450e-03	1.909637e-02	-2.065982e-02
228           	1.134164e+00	-8.468445e-01	1.981008e+00	8.287699e-02	4.198176e-02	4.089523e-02	5.432666e-04	-1.413926e+00	1.588282e-02	-1.114031e-03	1.532581e-02	-1.643984e-02
229           	1.152869e+00	-6.369026e-01	1.789772e+00	8.401955e-02	4.154549e-02	4.247405e-02	-4.642793e-04	-1.213337e+00	2.186468e-02	-9.706391e-04	2.137936e-02	-2.235000e-02
230           	1.177571e+00	-2.538300e-01	1.431401e+00	7.903678e-02	3.873601e-02	4.030077e-02	-7.823788e-04	-8.426152e-01	1.917160e-02	-1.275729e-03	1.853373e-02	-1.980946e-02
231           	1.193938e+00	2.602045e-01	9.337338e-01	7.166521e-02	3.534240e-02	3.632281e-02	-4.902042e-04	-3.367646e-01	1.691813e-02	-2.032481e-03	1.590189e-02	-1.793437e-02
232           	1.195700e+00	8.257451e-01	3.699547e-01	6.999499e-02	3.496866e-02	3.502633e-02	-2.883388e-05	2.278952e-01	1.574488e-02	-2.916598e-03	1.428658e-02	-1.720318e-02
233           	1.186698e+00	1.346097e+00	-1.593992e-01	8.297175e-02	4.191141e-02	4.106034e-02	4.255313e-04	7.527482e-01	1.667241e-02	-3.434433e-03	1.495519e-02	-1.838963e-02
234           	1.173330e+00	1.748395e+00	-5.750646e-01	1.099110e-01	5.579551e-02	5.411547e-02	8.400177e-04	1.161730e+00	1.713237e-02	-3.248821e-03	1.550796e-02	-1.875678e-02
235           	1.160191e+00	1.971062e+00	-8.108717e-01	1.405598e-01	7.131235e-02	6.924744e-02	1.032456e-03	1.390967e+00	1.193305e-02	-2.441257e-03	1.071242e-02	-1.315367e-02
236           	1.151615e+00	1.989379e+00	-8.377641e-01	1.592461e-01	8.029011e-02	7.895603e-02	6.670388e-04	1.413571e+00	1.472341e-03	-1.530130e-03	7.072755e-04	-2.237406e-03
237           	1.155356e+00	1.817177e+00	-6.618214e-01	1.604381e-01	7.947725e-02	8.096082e-02	-7.417810e-04	1.239499e+00	-2.158536e-02	-8.719464e-04	-2.202134e-02	2.114939e-02
238           	1.170859e+00	1.503828e+00	-3.329686e-01	1.428484e-01	6.818961e-02	7.465878e-02	-3.234581e-03	9.183982e-01	-6.505454e-02	-6.423662e-04	-6.537572e-02	6.473335e-02
239           	1.183136e+00	1.064291e+00	1.188445e-01	1.022723e-01	4.535792e-02	5.691433e-02	-5.778203e-03	4.727233e-01	-1.115365e-01	-7.148252e-04	-1.118940e-01	1.111791e-01
240           	1.187034e+00	5.428317e-01	6.442021e-01	3.961272e-02	1.230371e-02	2.730901e-02	-7.502651e-03	-5.068521e-02	-1.548751e-01	-8.777104e-04	-1.553139e-01	1.544362e-01
241           	1.181811e+00	1.244385e-02	1.169367e+00	-3.635130e-02	-2.606237e-02	-1.028893e-02	-7.886718e-03	-5.784618e-01	-1.810861e-01	-9.593917e-04	-1.815658e-01	1.806064e-01
242           	1.171019e+00	-4.535670e-01	1.624586e+00	-1.077675e-01	-6.075932e-02	-4.700821e-02	-6.875556e-03	-1.039077e+00	-1.836369e-01	-9.693810e-04	-1.841216e-01	1.831522e-01
243           	1.158579e+00	-7.687033e-01	1.927282e+00	-1.561066e-01	-8.321885e-02	-7.288772e-02	-5.165569e-03	-1.347993e+00	-1.647382e-01	-9.308851e-04	-1.652037e-01	1.642728e-01
244           	1.151065e+00	-8.714593e-01	2.022524e+00	-1.675254e-01	-8.697001e-02	-8.055539e-02	-3.207307e-03	-1.446992e+00	-1.345681e-01	-8.998199e-04	-1.350180e-01	1.341181e-01
245           	1.159087e+00	-7.489931e-01	1.908080e+00	-1.401823e-01	-7.095716e-02	-6.922515e-02	-8.660056e-04	-1.328536e+00	-1.197675e-01	-8.889101e-04	-1.202120e-01	1.193231e-01
246           	1.182765e+00	-4.453695e-01	1.628135e+00	-8.522635e-02	-4.035947e-02	-4.486688e-02	2.253703e-03	-1.036752e+00	-1.400060e-01	-9.500541e-04	-1.404810e-01	1.395309e-01
247           	1.204794e+00	1.901401e-03	1.202893e+00	-8.152768e-03	1.071508e-03	-9.224276e-03	5.147892e-03	-6.004957e-01	-1.731986e-01	-1.178986e-03	-1.737881e-01	1.726091e-01
248           	1.217956e+00	5.465242e-01	6.714316e-01	8.552104e-02	4.980373e-02	3.571731e-02	7.043210e-03	-6.245369e-02	-2.036381e-01	-1.501904e-03	-2.043890e-01	2.028871e-01
249           	1.219029e+00	1.108723e+00	1.103057e-01	1.850343e-01	1.001498e-01	8.488455e-02	7.632625e-03	4.992088e-01	-2.171728e-01	-1.673213e-03	-2.180094e-01	2.163362e-01
250           	1.208013e+00	1.604353e+00	-3.963392e-01	2.742254e-01	1.439431e-01	1.302823e-01	6.830425e-03	1.000346e+00	-2.059195e-01	-1.516569e-03	-2.066778e-01	2.051612e-01
251           	1.186480e+00	1.946851e+00	-7.603706e-01	3.371155e-01	1.738257e-01	1.632898e-01	5.267956e-03	1.353611e+00	-1.710059e-01	-1.093496e-03	-1.715527e-01	1.704592e-01
252           	1.161491e+00	2.081243e+00	-9.197516e-01	3.626589e-01	1.847780e-01	1.778809e-01	3.448578e-03	1.500497e+00	-1.223423e-01	-5.604298e-04	-1.226225e-01	1.220621e-01
253           	1.151075e+00	2.000956e+00	-8.498811e-01	3.451738e-01	1.738028e-01	1.713710e-01	1.215917e-03	1.425419e+00	-9.203577e-02	-8.295410e-05	-9.207725e-02	9.199429e-02
254           	1.156477e+00	1.764319e+00	-6.078415e-01	2.985217e-01	1.467720e-01	1.517497e-01	-2.488836e-03	1.186080e+00	-1.068467e-01	3.066421e-04	-1.066934e-01	1.070001e-01
255           	1.166450e+00	1.386423e+00	-2.199735e-01	2.225223e-01	1.046406e-01	1.178817e-01	-6.620560e-03	8.031985e-01	-1.579866e-01	7.326541e-04	-1.576203e-01	1.583530e-01
256           	1.174496e+00	8.973838e-01	2.771122e-01	1.193214e-01	4.980123e-02	6.952014e-02	-9.859457e-03	3.101358e-01	-2.274356e-01	1.294805e-03	-2.267882e-01	2.280830e-01
257           	1.175764e+00	3.506792e-01	8.250851e-01	-2.450916e-03	-1.268491e-02	1.023400e-02	-1.145946e-02	-2.372029e-01	-2.898243e-01	1.919493e-03	-2.888645e-01	2.907840e-01
258           	1.168875e+00	-1.735433e-01	1.342418e+00	-1.224956e-01	-7.244300e-02	-5.005260e-02	-1.119520e-02	-7.579807e-01	-3.146184e-01	2.397707e-03	-3.134196e-01	3.158173e-01
259           	1.153581e+00	-5.960892e-01	1.749670e+00	-2.157719e-01	-1.172752e-01	-9.849665e-02	-9.389275e-03	-1.172880e+00	-2.888852e-01	2.616242e-03	-2.875771e-01	2.901934e-01
260           	1.138472e+00	-8.326636e-01	1.971135e+00	-2.595137e-01	-1.368028e-01	-1.227109e-01	-7.045947e-03	-1.401899e+00	-2.268431e-01	2.633654e-03	-2.255263e-01	2.281600e-01
261           	1.137752e+00	-8.462204e-01	1.983972e+00	-2.540362e-01	-1.308209e-01	-1.232153e-01	-3.802787e-03	-1.415096e+00	-1.709540e-01	2.509255e-03	-1.696994e-01	1.722086e-01
262           	1.150139e+00	-6.679213e-01	1.818060e+00	-2.085470e-01	-1.041443e-01	-1.044027e-01	1.291734e-04	-1.242991e+00	-1.434568e-01	2.347025e-03	-1.422832e-01	1.446303e-01
263           	1.169679e+00	-3.160737e-01	1.485753e+00	-1.276866e-01	-6.000170e-02	-6.768494e-02	3.841623e-03	-9.009133e-01	-1.492326e-01	2.163377e-03	-1.481509e-01	1.503143e-01
264           	1.185923e+00	1.709515e-01	1.014972e+00	-2.092353e-02	-3.912428e-03	-1.701110e-02	6.549335e-03	-4.220101e-01	-1.809826e-01	1.941835e-03	-1.800117e-01	1.819535e-01
265           	1.188773e+00	7.318178e-01	4.569556e-01	9.729386e-02	5.663174e-02	4.066212e-02	7.984814e-03	1.374311e-01	-2.163898e-01	1.732050e-03	-2.155238e-01	2.172558e-01
266           	1.175565e+00	1.274662e+00	-9.909764e-02	2.068850e-01	1.116667e-01	9.521834e-02	8.224167e-03	6.868800e-01	-2.313477e-01	1.500404e-03	-2.305975e-01	2.320979e-01
267           	1.149821e+00	1.711349e+00	-5.615282e-01	2.876779e-01	1.513811e-01	1.362968e-01	7.542145e-03	1.136439e+00	-2.130580e-01	1.225648e-03	-2.124452e-01	2.136708e-01
268           	1.124546e+00	1.975844e+00	-8.512986e-01	3.309258e-01	1.717236e-01	1.592022e-01	6.260666e-03	1.413571e+00	-1.760795e-01	8.653255e-04	-1.756469e-01	1.765122e-01
269           	1.108167e+00	2.042981e+00	-9.348138e-01	3.392053e-01	1.734800e-01	1.657253e-01	3.877369e-03	1.488897e+00	-1.362923e-01	4.984374e-04	-1.360430e-01	1.365415e-01
270           	1.103312e+00	1.927143e+00	-8.238311e-01	3.123876e-01	1.568884e-01	1.554991e-01	6.946554e-04	1.375487e+00	-1.143419e-01	2.669878e-04	-1.142084e-01	1.144754e-01
271           	1.110927e+00	1.649907e+00	-5.389796e-01	2.533096e-01	1.238451e-01	1.294645e-01	-2.809722e-03	1.094443e+00	-1.272227e-01	2.827048e-04	-1.270813e-01	1.273640e-01
272           	1.123334e+00	1.235162e+00	-1.118283e-01	1.689426e-01	7.854329e-02	9.039936e-02	-5.928036e-03	6.734952e-01	-1.773973e-01	5.730015e-04	-1.771108e-01	1.776838e-01
273           	1.131944e+00	7.243615e-01	4.075828e-01	6.983481e-02	2.685963e-02	4.297518e-02	-8.057774e-03	1.583894e-01	-2.427839e-01	1.139976e-03	-2.422140e-01	2.433539e-01
274           	1.133516e+00	1.938737e-01	9.396420e-01	-2.429534e-02	-2.089797e-02	-3.397367e-03	-8.750303e-03	-3.728842e-01	-2.966123e-01	1.799692e-03	-2.957125e-01	2.975122e-01
275           	1.133249e+00	-2.880206e-01	1.421269e+00	-9.897810e-02	-5.706846e-02	-4.190965e-02	-7.579404e-03	-8.546449e-01	-3.207079e-01	2.428092e-03	-3.194939e-01	3.219220e-01
276           	1.134358e+00	-6.490632e-01	1.783421e+00	-1.454272e-01	-7.746157e-02	-6.796563e-02	-4.747971e-03	-1.216242e+00	-3.145094e-01	2.945493e-03	-3.130367e-01	3.159822e-01
277           	1.137787e+00	-8.381844e-01	1.975971e+00	-1.552323e-01	-7.936004e-02	-7.587226e-02	-1.743891e-03	-1.407078e+00	-2.881279e-01	3.268630e-03	-2.864936e-01	2.897622e-01
278           	1.146571e+00	-8.280160e-01	1.974587e+00	-1.273343e-01	-6.310234e-02	-6.423194e-02	5.648029e-04	-1.401301e+00	-2.539524e-01	3.365015e-03	-2.522698e-01	2.556349e-01
279           	1.157377e+00	-6.100158e-01	1.767393e+00	-6.676433e-02	-3.132233e-02	-3.544200e-02	2.059835e-03	-1.188704e+00	-2.226028e-01	3.227714e-03	-2.209889e-01	2.242166e-01
280           	1.165984e+00	-2.141733e-01	1.380158e+00	9.700445e-03	8.074327e-03	1.626118e-03	3.224105e-03	-7.971654e-01	-2.147626e-01	2.999838e-03	-2.132627e-01	2.162625e-01
281           	1.167450e+00	2.968921e-01	8.705581e-01	8.171657e-02	4.506737e-02	3.664920e-02	4.209087e-03	-2.868330e-01	-2.319502e-01	2.738049e-03	-2.305812e-01	2.333192e-01
282           	1.160584e+00	8.591491e-01	3.014348e-01	1.356641e-01	7.246089e-02	6.320322e-02	4.628835e-03	2.788571e-01	-2.520036e-01	2.356625e-03	-2.508253e-01	2.531819e-01
283           	1.151948e+00	1.392828e+00	-2.408798e-01	1.716387e-01	9.004517e-02	8.159356e-02	4.225806e-03	8.168537e-01	-2.583866e-01	1.835037e-03	-2.574691e-01	2.593041e-01
284           	1.141641e+00	1.828760e+00	-6.871187e-01	1.921194e-01	9.936638e-02	9.275299e-02	3.306695e-03	1.257939e+00	-2.485151e-01	1.153212e-03	-2.479385e-01	2.490917e-01
285           	1.132835e+00	2.110033e+00	-9.771981e-01	1.965049e-01	1.006295e-01	9.587542e-02	2.377051e-03	1.543616e+00	-2.238982e-01	3.502569e-04	-2.237231e-01	2.240734e-01
286           	1.127566e+00	2.203267e+00	-1.075701e+00	1.844579e-01	9.392148e-02	9.053646e-02	1.692511e-03	1.639484e+00	-1.861733e-01	-4.589124e-04	-1.864027e-01	1.859438e-01
287           	1.125168e+00	2.088759e+00	-9.635903e-01	1.597250e-01	8.096679e-02	7.875817e-02	1.104312e-03	1.526174e+00	-1.512626e-01	-1.104693e-03	-1.518150e-01	1.507103e-01
288           	1.127394e+00	1.775770e+00	-6.483764e-01	1.303998e-01	6.552044e-02	6.487935e-02	3.205422e-04	1.212073e+00	-1.445102e-01	-1.523472e-03	-1.452720e-01	1.437485e-01
289           	1.139795e+00	1.320822e+00	-1.810275e-01	1.057436e-01	5.191145e-02	5.383220e-02	-9.603775e-04	7.509249e-01	-1.926989e-01	-1.567423e-03	-1.934826e-01	1.919152e-01
290           	1.158123e+00	7.652783e-01	3.928450e-01	8.070830e-02	3.818449e-02	4.252381e-02	-2.169656e-03	1.862166e-01	-2.706155e-01	-1.164795e-03	-2.711979e-01	2.700331e-01
291           	1.176209e+00	1.756279e-01	1.000581e+00	5.122417e-02	2.264028e-02	2.858389e-02	-2.971807e-03	-4.124765e-01	-3.439859e-01	-4.073683e-04	-3.441896e-01	3.437822e-01
292           	1.190197e+00	-3.894782e-01	1.579676e+00	2.025779e-02	6.457336e-03	1.380045e-02	-3.671559e-03	-9.845769e-01	-3.969632e-01	5.061132e-04	-3.967101e-01	3.972162e-01
293           	1.197888e+00	-8.553756e-01	2.053263e+00	-1.027037e-02	-9.434355e-03	-8.360154e-04	-4.299170e-03	-1.454319e+00	-4.138189e-01	1.422708e-03	-4.131075e-01	4.145302e-01
294           	1.199126e+00	-1.142838e+00	2.341964e+00	-3.574641e-02	-2.252383e-02	-1.322258e-02	-4.650622e-03	-1.742401e+00	-3.842775e-01	2.209225e-03	-3.831729e-01	3.853821e-01
295           	1.195325e+00	-1.181300e+00	2.376625e+00	-5.312653e-02	-3.130152e-02	-2.182501e-02	-4.738257e-03	-1.778962e+00	-3.158855e-01	2.740209e-03	-3.145154e-01	3.172556e-01
296           	1.190813e+00	-9.401932e-01	2.131006e+00	-6.609543e-02	-3.727532e-02	-2.882011e-02	-4.227604e-03	-1.535600e+00	-2.549013e-01	3.067281e-03	-2.533677e-01	2.564349e-01
297           	1.198241e+00	-4.650652e-01	1.663306e+00	-7.814536e-02	-4.166225e-02	-3.648311e-02	-2.589569e-03	-1.064186e+00	-2.552043e-01	3.308555e-03	-2.535500e-01	2.568586e-01
298           	1.211296e+00	1.718839e-01	1.039412e+00	-8.207476e-02	-4.125039e-02	-4.082438e-02	-2.130057e-04	-4.337641e-01	-3.027888e-01	3.368748e-03	-3.011044e-01	3.044732e-01
299           	1.218846e+00	8.902671e-01	3.285788e-01	-7.034007e-02	-3.279521e-02	-3.754485e-02	2.374821e-03	2.808441e-01	-3.568091e-01	3.169634e-03	-3.552243e-01	3.583939e-01
300           	1.218331e+00	1.582880e+00	-3.645492e-01	-3.552212e-02	-1.313420e-02	-2.238792e-02	4.626856e-03	9.737145e-01	-3.910823e-01	2.661331e-03	-3.897517e-01	3.924130e-01
301           	1.211402e+00	2.156229e+00	-9.448264e-01	2.285142e-02	1.768832e-02	5.163108e-03	6.262604e-03	1.550528e+00	-3.880267e-01	1.923060e-03	-3.870652e-01	3.889882e-01
302           	1.200652e+00	2.534430e+00	-1.333778e+00	9.721974e-02	5.608455e-02	4.113519e-02	7.474683e-03	1.934104e+00	-3.351720e-01	1.029880e-03	-3.346571e-01	3.356870e-01
303           	1.187822e+00	2.654322e+00	-1.466499e+00	1.746684e-01	9.550531e-02	7.916306e-02	8.171127e-03	2.060411e+00	-2.483075e-01	3.112699e-04	-2.481518e-01	2.484631e-01
304           	1.174722e+00	2.481614e+00	-1.306892e+00	2.411790e-01	1.287496e-01	1.124294e-01	8.160100e-03	1.894253e+00	-1.569285e-01	-2.267952e-04	-1.570419e-01	1.568151e-01
305           	1.167170e+00	2.021826e+00	-8.546566e-01	2.814684e-01	1.478319e-01	1.336365e-01	7.097655e-03	1.438242e+00	-1.112897e-01	-4.786082e-04	-1.115290e-01	1.110504e-01
306           	1.173786e+00	1.387847e+00	-2.140607e-01	3.004064e-01	1.540148e-01	1.463916e-01	3.811609e-03	8.009536e-01	-1.555020e-01	-4.547223e-04	-1.557294e-01	1.552746e-01
307           	1.182254e+00	6.467233e-01	5.355311e-01	2.899963e-01	1.444836e-01	1.455127e-01	-5.145301e-04	5.559609e-02	-2.342011e-01	-1.619059e-04	-2.342821e-01	2.341202e-01
308           	1.193237e+00	-1.014819e-01	1.294719e+00	2.429476e-01	1.167883e-01	1.261593e-01	-4.685533e-03	-6.981005e-01	-3.218954e-01	2.719376e-04	-3.217594e-01	3.220314e-01
309           	1.206203e+00	-7.567673e-01	1.962971e+00	1.604303e-01	7.203589e-02	8.839442e-02	-8.179267e-03	-1.359869e+00	-3.839006e-01	7.948730e-04	-3.835032e-01	3.842981e-01
310           	1.215926e+00	-1.225381e+00	2.441308e+00	5.127322e-02	1.486429e-02	3.640894e-02	-1.077233e-02	-1.833345e+00	-3.887458e-01	1.399712e-03	-3.880459e-01	3.894456e-01
311           	1.218530e+00	-1.433605e+00	2.652135e+00	-6.757661e-02	-4.597632e-02	-2.160030e-02	-1.218801e-02	-2.042870e+00	-3.243254e-01	2.093930e-03	-3.232784e-01	3.253724e-01
312           	1.213240e+00	-1.308287e+00	2.521527e+00	-1.715313e-01	-9.821324e-02	-7.331805e-02	-1.244760e-02	-1.914907e+00	-2.174731e-01	2.803525e-03	-2.160713e-01	2.188748e-01
313           	1.213314e+00	-8.704938e-01	2.083808e+00	-2.482506e-01	-1.347861e-01	-1.134645e-01	-1.066080e-02	-1.477151e+00	-1.645728e-01	3.414158e-03	-1.628657e-01	1.662799e-01
314           	1.216725e+00	-2.297031e-01	1.446428e+00	-2.964210e-01	-1.542661e-01	-1.421549e-01	-6.055588e-03	-8.380658e-01	-1.729506e-01	3.770166e-03	-1.710655e-01	1.748357e-01
315           	1.221545e+00	5.268366e-01	6.947084e-01	-3.006935e-01	-1.503378e-01	-1.503557e-01	8.926481e-06	-8.393591e-02	-2.239257e-01	3.786463e-03	-2.220325e-01	2.258189e-01
316           	1.225821e+00	1.286712e+00	-6.089073e-02	-2.448575e-01	-1.166896e-01	-1.281679e-01	5.739185e-03	6.738014e-01	-2.820802e-01	3.367013e-03	-2.803967e-01	2.837637e-01
317           	1.225688e+00	1.936709e+00	-7.110211e-01	-1.294594e-01	-5.479815e-02	-7.466127e-02	9.931563e-03	1.323865e+00	-3.099058e-01	2.509550e-03	-3.086510e-01	3.111605e-01
318           	1.220010e+00	2.380577e+00	-1.160566e+00	2.984671e-02	2.745571e-02	2.390995e-03	1.253236e-02	1.770572e+00	-2.838109e-01	1.368970e-03	-2.831264e-01	2.844954e-01
319           	1.209629e+00	2.560048e+00	-1.350418e+00	1.979752e-01	1.126434e-01	8.533175e-02	1.365583e-02	1.955233e+00	-1.969793e-01	3.899300e-04	-1.967843e-01	1.971742e-01
320           	1.192480e+00	2.415322e+00	-1.222842e+00	3.364556e-01	1.815371e-01	1.549185e-01	1.330928e-02	1.819082e+00	-8.699567e-02	-3.113625e-04	-8.715135e-02	8.683999e-02
321           	1.179154e+00	1.980677e+00	-8.015233e-01	4.294880e-01	2.249299e-01	2.045582e-01	1.018583e-02	1.391100e+00	-3.539621e-02	-4.432984e-04	-3.561786e-02	3.517456e-02
322           	1.171136e+00	1.349843e+00	-1.787071e-01	4.673062e-01	2.381684e-01	2.291377e-01	4.515338e-03	7.642751e-01	-4.030241e-02	-4.229562e-05	-4.032355e-02	4.028126e-02
323           	1.172911e+00	6.240496e-01	5.488619e-01	4.427912e-01	2.194957e-01	2.232955e-01	-1.899924e-03	3.759386e-02	-9.388347e-02	5.564503e-04	-9.360524e-02	9.416169e-02
324           	1.179929e+00	-9.656349e-02	1.276493e+00	3.516310e-01	1.684894e-01	1.831416e-01	-7.326134e-03	-6.865280e-01	-1.651097e-01	1.039617e-03	-1.645899e-01	1.656295e-01
325           	1.183279e+00	-6.867677e-01	1.870047e+00	2.055049e-01	9.169755e-02	1.138074e-01	-1.105491e-02	-1.278407e+00	-2.143416e-01	1.236113e-03	-2.137236e-01	2.149597e-01
326           	1.181387e+00	-1.057470e+00	2.238857e+00	3.374816e-02	3.581719e-03	3.016644e-02	-1.329236e-02	-1.648164e+00	-2.020704e-01	1.149503e-03	-2.014956e-01	2.026451e-01
327           	1.175380e+00	-1.159348e+00	2.334728e+00	-1.248544e-01	-7.656920e-02	-4.828518e-02	-1.414201e-02	-1.747038e+00	-1.132685e-01	1.095549e-03	-1.127207e-01	1.138163e-01
328           	1.168116e+00	-9.545015e-01	2.122617e+00	-2.493869e-01	-1.378729e-01	-1.115139e-01	-1.317950e-02	-1.538559e+00	-2.449094e-02	1.334185e-03	-2.382385e-02	2.515803e-02
329           	1.165887e+00	-4.979248e-01	1.663812e+00	-3.306867e-01	-1.749203e-01	-1.557664e-01	-9.576947e-03	-1.080868e+00	2.498956e-02	1.775680e-03	2.587740e-02	-2.410172e-02
330           	1.170633e+00	1.181961e-01	1.052437e+00	-3.570927e-01	-1.827131e-01	-1.743796e-01	-4.166777e-03	-4.671204e-01	3.146987e-02	2.172794e-03	3.255627e-02	-3.038348e-02
331           	1.180596e+00	7.925917e-01	3.880044e-01	-3.205341e-01	-1.586720e-01	-1.618621e-01	1.595019e-03	2.022937e-01	3.270605e-03	2.387156e-03	4.464183e-03	-2.077027e-03
332           	1.187269e+00	1.401159e+00	-2.138895e-01	-2.231560e-01	-1.053351e-01	-1.178208e-01	6.242837e-03	8.075242e-01	-3.389070e-02	2.287324e-03	-3.274703e-02	3.503436e-02
333           	1.185438e+00	1.825427e+00	-6.399887e-01	-7.983324e-02	-3.064661e-02	-4.918663e-02	9.270007e-03	1.232708e+00	-5.134205e-02	1.847939e-03	-5.041808e-02	5.226602e-02
334           	1.179745e+00	2.014043e+00	-8.342977e-01	7.579443e-02	4.876706e-02	2.702736e-02	1.086985e-02	1.424170e+00	-1.916407e-02	1.025909e-03	-1.865111e-02	1.967702e-02
335           	1.172942e+00	1.969112e+00	-7.961700e-01	2.140260e-01	1.175221e-01	9.650391e-02	1.050908e-02	1.382641e+00	3.587751e-02	1.281955e-04	3.594161e-02	-3.581341e-02
336           	1.162923e+00	1.730041e+00	-5.671179e-01	3.256765e-01	1.707070e-01	1.549694e-01	7.868802e-03	1.148580e+00	6.618699e-02	-3.704498e-04	6.600177e-02	-6.637222e-02
337           	1.156405e+00	1.328567e+00	-1.721616e-01	3.977489e-01	2.023386e-01	1.954103e-01	3.464123e-03	7.503643e-01	6.418004e-02	-3.078892e-04	6.402609e-02	-6.433398e-02
338           	1.154015e+00	8.145915e-01	3.394231e-01	4.147973e-01	2.059435e-01	2.088538e-01	-1.455176e-03	2.375842e-01	2.881747e-02	3.112510e-04	2.897309e-02	-2.866184e-02
339           	1.152552e+00	2.610091e-01	8.915424e-01	3.742925e-01	1.813143e-01	1.929782e-01	-5.831977e-03	-3.152667e-01	-2.344442e-02	1.249862e-03	-2.281949e-02	2.406935e-02
340           	1.144503e+00	-2.576923e-01	1.402195e+00	2.800845e-01	1.311495e-01	1.489351e-01	-8.892804e-03	-8.299438e-01	-6.510744e-02	2.069503e-03	-6.407269e-02	6.614219e-02
341           	1.130041e+00	-6.373220e-01	1.767363e+00	1.466320e-01	6.300324e-02	8.362871e-02	-1.031274e-02	-1.202342e+00	-8.962974e-02	2.606959e-03	-8.832626e-02	9.093321e-02
342           	1.121560e+00	-8.095020e-01	1.931062e+00	6.373394e-03	-7.217551e-03	1.359094e-02	-1.040425e-02	-1.370282e+00	-6.671915e-02	2.800534e-03	-6.531888e-02	6.811941e-02
343           	1.121270e+00	-7.727828e-01	1.894053e+00	-1.149685e-01	-6.668609e-02	-4.828239e-02	-9.201854e-03	-1.333418e+00	-3.231384e-02	2.796809e-03	-3.091544e-02	3.371225e-02
344           	1.129383e+00	-5.289794e-01	1.658362e+00	-2.044146e-01	-1.085832e-01	-9.583145e-02	-6.375869e-03	-1.093671e+00	-1.013254e-02	2.908680e-03	-8.678196e-03	1.158688e-02
345           	1.146134e+00	-1.155999e-01	1.261734e+00	-2.506544e-01	-1.279523e-01	-1.227021e-01	-2.625135e-03	-6.886670e-01	-6.447616e-03	3.215801e-03	-4.839716e-03	8.055517e-03
346           	1.163343e+00	3.985234e-01	7.648198e-01	-2.438237e-01	-1.208392e-01	-1.229845e-01	1.072654e-03	-1.831482e-01	-2.523217e-02	3.590474e-03	-2.343694e-02	2.702741e-02
347           	1.171259e+00	9.251884e-01	2.460706e-01	-1.803067e-01	-8.592574e-02	-9.438098e-02	4.227621e-03	3.395589e-01	-6.159541e-02	3.840017e-03	-5.967540e-02	6.351542e-02
348           	1.168958e+00	1.356162e+00	-1.872046e-01	-7.092944e-02	-2.932484e-02	-4.160460e-02	6.139881e-03	7.716834e-01	-1.002653e-01	3.750285e-03	-9.839017e-02	1.021405e-01
349           	1.162150e+00	1.613189e+00	-4.510386e-01	5.671086e-02	3.531594e-02	2.139491e-02	6.960516e-03	1.032114e+00	-1.014208e-01	3.284356e-03	-9.977867e-02	1.030630e-01
350           	1.157625e+00	1.688341e+00	-5.307164e-01	1.705287e-01	9.195416e-02	7.857456e-02	6.689801e-03	1.109529e+00	-7.159727e-02	2.514470e-03	-7.034004e-02	7.285451e-02
351           	1.152206e+00	1.591673e+00	-4.394667e-01	2.537484e-01	1.319969e-01	1.217515e-01	5.122708e-03	1.015570e+00	-4.622854e-02	1.625355e-03	-4.541586e-02	4.704121e-02
352           	1.149715e+00	1.345610e+00	-1.958949e-01	2.983185e-01	1.515063e-01	1.468122e-01	2.347037e-03	7.707522e-01	-3.720799e-02	9.551742e-04	-3.673041e-02	3.768558e-02
353           	1.146355e+00	9.889845e-01	1.573709e-01	2.993509e-01	1.487617e-01	1.505892e-01	-9.137683e-04	4.158068e-01	-5.337406e-02	7.732375e-04	-5.298744e-02	5.376067e-02
354           	1.141225e+00	5.723931e-01	5.688318e-01	2.599931e-01	1.260005e-01	1.339926e-01	-3.996010e-03	1.780628e-03	-1.002938e-01	1.232288e-03	-9.967762e-02	1.009099e-01
355           	1.133024e+00	1.559147e-01	9.771089e-01	1.857071e-01	8.680352e-02	9.890361e-02	-6.050049e-03	-4.105971e-01	-1.564589e-01	2.203702e-03	-1.553571e-01	1.575608e-01
356           	1.124413e+00	-1.667185e-01	1.291132e+00	8.785464e-02	3.714977e-02	5.070487e-02	-6.777548e-03	-7.289250e-01	-1.950294e-01	3.358191e-03	-1.933503e-01	1.967085e-01
357           	1.123828e+00	-3.357082e-01	1.459537e+00	-1.002626e-02	-1.156824e-02	1.541983e-03	-6.555111e-03	-8.976224e-01	-1.921036e-01	4.248698e-03	-1.899793e-01	1.942280e-01
358           	1.132158e+00	-3.455325e-01	1.477691e+00	-9.036816e-02	-5.057286e-02	-3.979530e-02	-5.388778e-03	-9.116115e-01	-1.738441e-01	4.543368e-03	-1.715724e-01	1.761158e-01
359           	1.146126e+00	-2.003928e-01	1.346519e+00	-1.475276e-01	-7.673122e-02	-7.079634e-02	-2.967440e-03	-7.734557e-01	-1.539700e-01	4.229605e-03	-1.518552e-01	1.560848e-01
360           	1.158245e+00	7.898028e-02	1.079265e+00	-1.700283e-01	-8.523986e-02	-8.478844e-02	-2.257109e-04	-5.001421e-01	-1.248529e-01	3.509851e-03	-1.230980e-01	1.266078e-01
361           	1.162313e+00	4.348780e-01	7.274355e-01	-1.528578e-01	-7.439408e-02	-7.846370e-02	2.034810e-03	-1.462787e-01	-9.372806e-02	2.729134e-03	-9.236350e-02	9.509263e-02
362           	1.157810e+00	8.014959e-01	3.563140e-01	-1.001495e-01	-4.642911e-02	-5.372039e-02	3.645644e-03	2.225910e-01	-8.133101e-02	2.185497e-03	-8.023826e-02	8.242375e-02
363           	1.148773e+00	1.100389e+00	4.838408e-02	-2.082177e-02	-5.724511e-03	-1.509726e-02	4.686374e-03	5.260023e-01	-9.677577e-02	1.909693e-03	-9.582092e-02	9.773061e-02
364           	1.140690e+00	1.272690e+00	-1.319993e-01	7.320839e-02	4.171439e-02	3.149399e-02	5.110198e-03	7.023444e-01	-1.110471e-01	1.861794e-03	-1.101162e-01	1.119780e-01
365           	1.143142e+00	1.342145e+00	-1.990023e-01	1.608233e-01	8.559952e-02	7.522383e-02	5.187847e-03	7.705735e-01	-8.982925e-02	1.826943e-03	-8.891578e-02	9.074272e-02
366           	1.148559e+00	1.305455e+00	-1.568958e-01	2.343050e-01	1.211761e-01	1.131288e-01	4.023671e-03	7.311754e-01	-7.151043e-02	1.719201e-03	-7.065083e-02	7.237003e-02
367           	1.156596e+00	1.176173e+00	-1.957705e-02	2.875370e-01	1.453120e-01	1.422250e-01	1.543500e-03	5.978748e-01	-4.915320e-02	1.497099e-03	-4.840465e-02	4.990175e-02
368           	1.159812e+00	9.712159e-01	1.885959e-01	3.083744e-01	1.528038e-01	1.555705e-01	-1.383347e-03	3.913100e-01	-2.915726e-02	1.328126e-03	-2.849319e-02	2.982132e-02
369           	1.154154e+00	7.206804e-01	4.334739e-01	2.933715e-01	1.426560e-01	1.507155e-01	-4.029754e-03	1.436033e-01	-2.128140e-02	1.347450e-03	-2.060768e-02	2.195513e-02
370           	1.140464e+00	4.702832e-01	6.701812e-01	2.424435e-01	1.151821e-01	1.272614e-01	-6.039610e-03	-9.994902e-02	-3.193623e-02	1.533203e-03	-3.116962e-02	3.270283e-02
371           	1.126433e+00	2.741383e-01	8.522944e-01	1.635816e-01	7.439486e-02	8.918678e-02	-7.395957e-03	-2.890780e-01	-4.703164e-02	1.686275e-03	-4.618851e-02	4.787478e-02
372           	1.126490e+00	1.533465e-01	9.731436e-01	7.489097e-02	2.909930e-02	4.579167e-02	-8.346181e-03	-4.098985e-01	-3.186198e-02	1.731307e-03	-3.099633e-02	3.272763e-02
373           	1.133981e+00	1.074129e-01	1.026568e+00	-1.539029e-02	-1.594229e-02	5.519982e-04	-8.247142e-03	-4.595774e-01	-1.203588e-02	1.751502e-03	-1.116013e-02	1.291163e-02
374           	1.145861e+00	1.444594e-01	1.001402e+00	-9.925949e-02	-5.618117e-02	-4.307832e-02	-6.551422e-03	-4.284711e-01	3.144398e-03	1.800351e-03	4.044573e-03	-2.244222e-03
375           	1.156877e+00	2.623867e-01	8.944902e-01	-1.635856e-01	-8.553593e-02	-7.804968e-02	-3.743126e-03	-3.160517e-01	1.138720e-02	1.799948e-03	1.228718e-02	-1.048723e-02
376           	1.162607e+00	4.384732e-01	7.241335e-01	-1.951073e-01	-9.833381e-02	-9.677353e-02	-7.801391e-04	-1.428301e-01	1.155697e-02	1.650172e-03	1.238205e-02	-1.073188e-02
377           	1.159247e+00	6.401637e-01	5.190828e-01	-1.868776e-01	-9.179354e-02	-9.508408e-02	1.645273e-03	6.054044e-02	3.675053e-03	1.302422e-03	4.326264e-03	-3.023842e-03
378           	1.148264e+00	8.239325e-01	3.243318e-01	-1.377995e-01	-6.543197e-02	-7.236753e-02	3.467778e-03	2.498004e-01	-1.282500e-02	7.255235e-04	-1.246224e-02	1.318776e-02
379           	1.141382e+00	9.400403e-01	2.013418e-01	-5.913335e-02	-2.456539e-02	-3.456796e-02	5.001283e-03	3.693492e-01	-1.907294e-02	-5.841707e-05	-1.910215e-02	1.904373e-02
380           	1.140313e+00	9.862791e-01	1.540336e-01	2.619435e-02	1.940515e-02	6.789195e-03	6.307978e-03	4.161228e-01	8.343082e-03	-9.277224e-04	7.879221e-03	-8.806943e-03
381           	1.144089e+00	9.676657e-01	1.764230e-01	1.141915e-01	6.334382e-02	5.084766e-02	6.248080e-03	3.956213e-01	4.840289e-02	-1.784930e-03	4.751043e-02	-4.929536e-02
382           	1.149702e+00	9.014546e-01	2.482470e-01	1.942384e-01	1.018298e-01	9.240863e-02	4.710582e-03	3.266038e-01	9.069462e-02	-2.420298e-03	8.948447e-02	-9.190476e-02
383           	1.153095e+00	8.123557e-01	3.407391e-01	2.542339e-01	1.295473e-01	1.246867e-01	2.430303e-03	2.358083e-01	1.174516e-01	-2.754505e-03	1.160744e-01	-1.188289e-01
384           	1.152092e+00	7.278974e-01	4.241942e-01	2.833640e-01	1.417968e-01	1.415672e-01	1.148174e-04	1.518516e-01	1.163170e-01	-2.727009e-03	1.149535e-01	-1.176805e-01
385           	1.145224e+00	6.591391e-01	4.860846e-01	2.807358e-01	1.382929e-01	1.424429e-01	-2.074969e-03	8.652725e-02	8.418734e-02	-2.346561e-03	8.301406e-02	-8.536062e-02
386           	1.138765e+00	6.112183e-01	5.275466e-01	2.502325e-01	1.208561e-01	1.293764e-01	-4.260105e-03	4.183586e-02	3.637675e-02	-1.712314e-03	3.552060e-02	-3.723291e-02
387           	1.136728e+00	5.852275e-01	5.515007e-01	2.003161e-01	9.376728e-02	1.065488e-01	-6.390771e-03	1.686342e-02	-1.269800e-03	-1.145309e-03	-1.842455e-03	6.971457e-04
388           	1.145469e+00	5.766359e-01	5.688333e-01	1.366020e-01	6.019105e-02	7.641093e-02	-8.109939e-03	3.901275e-03	-1.027264e-02	-9.379524e-04	-1.074162e-02	9.803669e-03
389           	1.160377e+00	5.911332e-01	5.692440e-01	6.107419e-02	2.171292e-02	3.936127e-02	-8.824173e-03	1.094462e-02	-4.878519e-03	-1.178206e-03	-5.467622e-03	4.289416e-03
390           	1.170911e+00	6.155776e-01	5.553333e-01	-1.710489e-02	-1.700403e-02	-1.008563e-04	-8.451589e-03	3.012219e-02	1.220512e-02	-1.677867e-03	1.136619e-02	-1.304406e-02
391           	1.174232e+00	6.314686e-01	5.427637e-01	-8.961218e-02	-5.179784e-02	-3.781434e-02	-6.991746e-03	4.435246e-02	3.404159e-02	-2.233627e-03	3.292478e-02	-3.515840e-02
392           	1.168391e+00	6.223046e-01	5.460860e-01	-1.486922e-01	-7.900825e-02	-6.968398e-02	-4.662134e-03	3.810928e-02	4.913572e-02	-2.604573e-03	4.783343e-02	-5.043801e-02
393           	1.157083e+00	5.946266e-01	5.624566e-01	-1.866946e-01	-9.520597e-02	-9.148867e-02	-1.858650e-03	1.608498e-02	5.326504e-02	-2.663377e-03	5.193336e-02	-5.459673e-02
394           	1.144338e+00	5.677197e-01	5.766181e-01	-1.999319e-01	-9.886356e-02	-1.010683e-01	1.102388e-03	-4.449191e-03	4.623716e-02	-2.533971e-03	4.497018e-02	-4.750415e-02
395           	1.139803e+00	5.534238e-01	5.863796e-01	-1.826889e-01	-8.756749e-02	-9.512145e-02	3.776979e-03	-1.647790e-02	4.343864e-02	-2.422191e-03	4.222755e-02	-4.464974e-02
396           	1.148388e+00	5.539315e-01	5.944561e-01	-1.336418e-01	-6.071216e-02	-7.292969e-02	6.108767e-03	-2.026228e-02	5.482642e-02	-2.464646e-03	5.359409e-02	-5.605874e-02
397           	1.161799e+00	5.536554e-01	6.081436e-01	-5.941986e-02	-2.172525e-02	-3.769461e-02	7.984677e-03	-2.724411e-02	6.946017e-02	-2.633261e-03	6.814354e-02	-7.077680e-02
398           	1.173054e+00	5.492152e-01	6.238392e-01	3.556697e-02	2.656075e-02	9.006221e-03	8.777265e-03	-3.731198e-02	8.283691e-02	-2.784400e-03	8.144471e-02	-8.422911e-02
399           	1.175000e+00	5.430166e-01	6.319831e-01	1.446888e-01	8.060462e-02	6.408416e-02	8.260231e-03	-4.448327e-02	8.651963e-02	-2.669341e-03	8.518496e-02	-8.785430e-02
400           	1.164577e+00	5.421808e-01	6.223967e-01	2.581269e-01	1.356948e-01	1.224320e-01	6.631411e-03	-4.010791e-02	7.336544e-02	-2.217883e-03	7.225650e-02	-7.447438e-02
401           	1.146755e+00	5.506283e-01	5.961270e-01	3.574470e-01	1.829930e-01	1.744540e-01	4.269498e-03	-2.274936e-02	4.631058e-02	-1.556743e-03	4.553221e-02	-4.708896e-02
402           	1.130389e+00	5.697679e-01	5.606214e-01	4.225994e-01	2.126426e-01	2.099567e-01	1.342946e-03	4.573229e-03	1.560211e-02	-8.945997e-04	1.515481e-02	-1.604941e-02
403           	1.121486e+00	6.028135e-01	5.186725e-01	4.350788e-01	2.153912e-01	2.196876e-01	-2.148202e-03	4.207049e-02	-1.042623e-02	-4.182351e-04	-1.063535e-02	1.021711e-02
404           	1.127451e+00	6.455380e-01	4.819131e-01	3.900334e-01	1.887587e-01	2.012747e-01	-6.258046e-03	8.181244e-02	-1.803160e-02	-3.062486e-04	-1.818473e-02	1.787848e-02
405           	1.148730e+00	7.004784e-01	4.482520e-01	2.943414e-01	1.366113e-01	1.577301e-01	-1.055938e-02	1.261132e-01	-9.721736e-03	-5.235435e-04	-9.983508e-03	9.459964e-03
406           	1.173753e+00	7.585476e-01	4.152058e-01	1.549717e-01	6.379354e-02	9.117815e-02	-1.369231e-02	1.716709e-01	2.118938e-03	-9.874300e-04	1.625223e-03	-2.612653e-03
407           	1.191119e+00	7.976137e-01	3.935053e-01	-9.668554e-03	-1.947828e-02	9.809727e-03	-1.464400e-02	2.020542e-01	1.796892e-02	-1.378280e-03	1.727978e-02	-1.865806e-02
408           	1.196380e+00	7.974736e-01	3.989067e-01	-1.749757e-01	-1.004955e-01	-7.448016e-02	-1.300769e-02	1.992835e-01	3.302619e-02	-1.410592e-03	3.232090e-02	-3.373149e-02
409           	1.190331e+00	7.514845e-01	4.388463e-01	-3.125042e-01	-1.653934e-01	-1.471108e-01	-9.141317e-03	1.563191e-01	3.752990e-02	-9.603359e-04	3.704973e-02	-3.801007e-02
410           	1.178840e+00	6.702373e-01	5.086029e-01	-3.997624e-01	-2.040432e-01	-1.957191e-01	-4.162053e-03	8.081718e-02	2.575867e-02	-2.197444e-04	2.564880e-02	-2.586854e-02
411           	1.167198e+00	5.655182e-01	6.016797e-01	-4.174942e-01	-2.078866e-01	-2.096076e-01	8.604956e-04	-1.808071e-02	3.055203e-03	3.506539e-04	3.230530e-03	-2.879876e-03
412           	1.167014e+00	4.603003e-01	7.067136e-01	-3.605326e-01	-1.746853e-01	-1.858472e-01	5.580952e-03	-1.232066e-01	-5.585816e-03	5.510354e-04	-5.310298e-03	5.861333e-03
413           	1.182583e+00	3.808432e-01	8.017396e-01	-2.427512e-01	-1.112986e-01	-1.314526e-01	1.007704e-02	-2.104482e-01	3.444675e-03	4.821832e-04	3.685767e-03	-3.203584e-03
414           	1.201399e+00	3.171690e-01	8.842300e-01	-8.061936e-02	-2.695384e-02	-5.366552e-02	1.335584e-02	-2.835305e-01	-1.044897e-02	2.387279e-04	-1.032961e-02	1.056833e-02
415           	1.211242e+00	2.829277e-01	9.283139e-01	1.059858e-01	6.740091e-02	3.858486e-02	1.440802e-02	-3.226931e-01	-3.032609e-02	8.629443e-05	-3.028294e-02	3.036923e-02
416           	1.208006e+00	2.940728e-01	9.139330e-01	2.913189e-01	1.585867e-01	1.327323e-01	1.292719e-02	-3.099301e-01	-4.958507e-02	2.661011e-04	-4.945202e-02	4.971813e-02
417           	1.193781e+00	3.572788e-01	8.365022e-01	4.543674e-01	2.368333e-01	2.175341e-01	9.649560e-03	-2.396117e-01	-6.473205e-02	7.144986e-04	-6.437480e-02	6.508930e-02
418           	1.173543e+00	4.673801e-01	7.061631e-01	5.673302e-01	2.891186e-01	2.782116e-01	5.453494e-03	-1.193915e-01	-7.394686e-02	1.234979e-03	-7.332937e-02	7.456435e-02
419           	1.152812e+00	6.045623e-01	5.482499e-01	6.111804e-01	3.065437e-01	3.046368e-01	9.534590e-04	2.815618e-02	-7.702439e-02	1.697673e-03	-7.617555e-02	7.787322e-02
420           	1.140464e+00	7.437128e-01	3.967508e-01	5.735765e-01	2.830952e-01	2.904812e-01	-3.693008e-03	1.734810e-01	-6.355863e-02	2.019505e-03	-6.254887e-02	6.456838e-02
421           	1.148379e+00	8.638838e-01	2.844950e-01	4.631314e-01	2.225684e-01	2.405630e-01	-8.997311e-03	2.896944e-01	-4.168513e-02	2.060749e-03	-4.065476e-02	4.271551e-02
422           	1.174183e+00	9.761299e-01	1.980531e-01	2.929160e-01	1.322924e-01	1.606236e-01	-1.416562e-02	3.890384e-01	-4.720114e-02	1.883977e-03	-4.625915e-02	4.814313e-02
423           	1.200691e+00	1.040284e+00	1.604064e-01	7.777644e-02	2.175622e-02	5.602021e-02	-1.713200e-02	4.399389e-01	-5.031049e-02	1.715303e-03	-4.945284e-02	5.116814e-02
424           	1.219849e+00	1.034017e+00	1.858322e-01	-1.517638e-01	-9.295116e-02	-5.881266e-02	-1.706925e-02	4.240922e-01	-4.865592e-02	1.780479e-03	-4.776568e-02	4.954616e-02
425           	1.227184e+00	9.530432e-01	2.741407e-01	-3.631392e-01	-1.956912e-01	-1.674480e-01	-1.412162e-02	3.394513e-01	-4.522982e-02	1.934773e-03	-4.426243e-02	4.619721e-02
426           	1.219056e+00	7.991616e-01	4.198945e-01	-5.161517e-01	-2.670141e-01	-2.491375e-01	-8.938319e-03	1.896335e-01	-4.168874e-02	1.930918e-03	-4.072328e-02	4.265419e-02
427           	1.201330e+00	5.901135e-01	6.112168e-01	-5.765495e-01	-2.912393e-01	-2.853103e-01	-2.964494e-03	-1.055164e-02	-2.998987e-02	1.684063e-03	-2.914784e-02	3.083190e-02
428           	1.186328e+00	3.889429e-01	7.973847e-01	-5.313330e-01	-2.626485e-01	-2.686844e-01	3.017939e-03	-2.042209e-01	3.884680e-03	1.302669e-03	4.536014e-03	-3.233345e-03
429           	1.190595e+00	2.365100e-01	9.540847e-01	-3.991455e-01	-1.903922e-01	-2.087533e-01	9.180568e-03	-3.587873e-01	2.283711e-02	9.733477e-04	2.332378e-02	-2.235044e-02
430           	1.205819e+00	1.263619e-01	1.079457e+00	-2.029158e-01	-8.699349e-02	-1.159223e-01	1.446441e-02	-4.765474e-01	5.068549e-04	8.441433e-04	9.289265e-04	-8.478323e-05
431           	1.221030e+00	7.963797e-02	1.141392e+00	3.536954e-02	3.476804e-02	6.014990e-04	1.708327e-02	-5.308770e-01	-4.164476e-02	9.855716e-04	-4.115197e-02	4.213754e-02
432           	1.228925e+00	1.061359e-01	1.122789e+00	2.857938e-01	1.594786e-01	1.263152e-01	1.658170e-02	-5.083265e-01	-8.406050e-02	1.401588e-03	-8.335970e-02	8.476129e-02
433           	1.225368e+00	2.026413e-01	1.022727e+00	5.119244e-01	2.695948e-01	2.423296e-01	1.363260e-02	-4.100429e-01	-1.107847e-01	2.008922e-03	-1.097802e-01	1.117892e-01
434           	1.208282e+00	3.544213e-01	8.538605e-01	6.760323e-01	3.471583e-01	3.288740e-01	9.142136e-03	-2.497196e-01	-1.143816e-01	2.673888e-03	-1.130446e-01	1.157185e-01
435           	1.180359e+00	5.387548e-01	6.416038e-01	7.505390e-01	3.794973e-01	3.710418e-01	4.227774e-03	-5.142449e-02	-9.328759e-02	3.338475e-03	-9.161836e-02	9.495683e-02
436           	1.152988e+00	7.200838e-01	4.329039e-01	7.204844e-01	3.594502e-01	3.610342e-01	-7.920096e-04	1.435899e-01	-4.781328e-02	3.854405e-03	-4.588608e-02	4.974049e-02
437           	1.147635e+00	8.855703e-01	2.620651e-01	6.033708e-01	2.947980e-01	3.085728e-01	-6.887394e-03	3.117526e-01	-3.905528e-03	4.264276e-03	-1.773390e-03	6.037666e-03
438           	1.159296e+00	1.048874e+00	1.104218e-01	4.144417e-01	1.938830e-01	2.205587e-01	-1.333786e-02	4.692260e-01	1.449189e-02	4.493075e-03	1.673843e-02	-1.224535e-02
439           	1.181763e+00	1.190069e+00	-8.306507e-03	1.651388e-01	6.474041e-02	1.003984e-01	-1.782898e-02	5.991878e-01	1.424514e-02	4.584224e-03	1.653725e-02	-1.195303e-02
440           	1.203295e+00	1.277315e+00	-7.401972e-02	-1.107126e-01	-7.422231e-02	-3.649026e-02	-1.886603e-02	6.756672e-01	5.073022e-03	4.479051e-03	7.312547e-03	-2.833497e-03
441           	1.218338e+00	1.286011e+00	-6.767308e-02	-3.716115e-01	-2.026470e-01	-1.689645e-01	-1.684128e-02	6.768420e-01	-4.294835e-03	4.065300e-03	-2.262185e-03	6.327485e-03
442           	1.217739e+00	1.187468e+00	3.027110e-02	-5.745717e-01	-2.993702e-01	-2.752015e-01	-1.208436e-02	5.785986e-01	-5.668331e-03	3.333065e-03	-4.001799e-03	7.334864e-03
443           	1.201550e+00	9.818484e-01	2.197016e-01	-6.703734e-01	-3.410970e-01	-3.292764e-01	-5.910272e-03	3.810734e-01	7.368542e-03	2.486486e-03	8.611785e-03	-6.125299e-03
444           	1.191236e+00	7.205575e-01	4.706783e-01	-6.469171e-01	-3.219775e-01	-3.249396e-01	1.481082e-03	1.249396e-01	4.563029e-02	1.763550e-03	4.651206e-02	-4.474851e-02
445           	1.195394e+00	4.654631e-01	7.299310e-01	-5.215252e-01	-2.513527e-01	-2.701726e-01	9.409955e-03	-1.322339e-01	9.696973e-02	1.325028e-03	9.763224e-02	-9.630722e-02
446           	1.207380e+00	2.317781e-01	9.756015e-01	-3.090448e-01	-1.386831e-01	-1.703617e-01	1.583930e-02	-3.719117e-01	1.128755e-01	1.194450e-03	1.134728e-01	-1.122783e-01
447           	1.221024e+00	4.178566e-02	1.179239e+00	-3.801242e-02	8.774939e-05	-3.810017e-02	1.909396e-02	-5.687265e-01	9.559522e-02	1.336847e-03	9.626365e-02	-9.492680e-02
448           	1.228139e+00	-8.628248e-02	1.314421e+00	2.536999e-01	1.456005e-01	1.080994e-01	1.875057e-02	-7.003519e-01	6.250755e-02	1.612721e-03	6.331391e-02	-6.170119e-02
449           	1.221233e+00	-1.343783e-01	1.355611e+00	5.194456e-01	2.754667e-01	2.439789e-01	1.574389e-02	-7.449946e-01	3.245278e-02	1.818085e-03	3.336182e-02	-3.154374e-02
450           	1.197096e+00	-8.812184e-02	1.285218e+00	7.095239e-01	3.657517e-01	3.437721e-01	1.098980e-02	-6.866698e-01	1.188510e-02	1.868639e-03	1.281942e-02	-1.095078e-02
451           	1.168363e+00	7.203453e-02	1.096328e+00	7.907634e-01	4.009710e-01	3.897924e-01	5.589293e-03	-5.121469e-01	-8.537868e-03	1.744054e-03	-7.665841e-03	9.409895e-03
452           	1.148260e+00	3.417515e-01	8.065088e-01	7.607737e-01	3.795088e-01	3.812649e-01	-8.780618e-04	-2.323786e-01	-8.336829e-03	1.497573e-03	-7.588042e-03	9.085615e-03
453           	1.144593e+00	6.475014e-01	4.970918e-01	6.339441e-01	3.088707e-01	3.250734e-01	-8.101379e-03	7.520479e-02	3.842086e-02	1.218399e-03	3.903006e-02	-3.781166e-02
454           	1.150175e+00	9.599240e-01	1.902509e-01	4.227912e-01	1.973134e-01	2.254777e-01	-1.408213e-02	3.848365e-01	6.878544e-02	1.013214e-03	6.929205e-02	-6.827884e-02
455           	1.165526e+00	1.250969e+00	-8.544312e-02	1.572863e-01	6.106289e-02	9.622346e-02	-1.758028e-02	6.682060e-01	7.431485e-02	7.712965e-04	7.470050e-02	-7.392921e-02
456           	1.182668e+00	1.468153e+00	-2.854850e-01	-1.194640e-01	-7.790453e-02	-4.155948e-02	-1.817252e-02	8.768189e-01	6.358243e-02	4.856844e-04	6.382527e-02	-6.333959e-02
457           	1.195897e+00	1.564478e+00	-3.685810e-01	-3.654586e-01	-1.987447e-01	-1.667139e-01	-1.601541e-02	9.665297e-01	3.828900e-02	1.722929e-04	3.837515e-02	-3.820286e-02
458           	1.200921e+00	1.488189e+00	-2.872670e-01	-5.422639e-01	-2.823574e-01	-2.599065e-01	-1.122547e-02	8.877278e-01	-5.055562e-03	-1.397802e-04	-5.125452e-03	4.985672e-03
459           	1.199078e+00	1.231123e+00	-3.204457e-02	-6.208196e-01	-3.151407e-01	-3.056789e-01	-4.730912e-03	6.315838e-01	-5.290058e-02	-4.249280e-04	-5.311304e-02	5.268811e-02
460           	1.197323e+00	8.607575e-01	3.365657e-01	-5.895588e-01	-2.926308e-01	-2.969280e-01	2.148605e-03	2.620959e-01	-5.619770e-02	-5.133746e-04	-5.645439e-02	5.594102e-02
461           	1.198973e+00	4.754665e-01	7.235061e-01	-4.598775e-01	-2.213979e-01	-2.384796e-01	8.540831e-03	-1.240198e-01	-2.440361e-02	-3.003678e-04	-2.455379e-02	2.425343e-02
462           	1.200381e+00	1.118110e-01	1.088570e+00	-2.514503e-01	-1.125373e-01	-1.389130e-01	1.318783e-02	-4.883797e-01	1.577262e-03	1.734324e-04	1.663978e-03	-1.490546e-03
463           	1.202837e+00	-1.998128e-01	1.402649e+00	-3.994098e-03	1.364574e-02	-1.763984e-02	1.564279e-02	-8.012311e-01	8.700140e-03	9.533333e-04	9.176807e-03	-8.223473e-03
464           	1.204768e+00	-4.177159e-01	1.622484e+00	2.318504e-01	1.314043e-01	1.004461e-01	1.547910e-02	-1.020100e+00	-1.036342e-02	1.741072e-03	-9.492882e-03	1.123395e-02
465           	1.210317e+00	-4.870361e-01	1.697353e+00	4.308142e-01	2.281742e-01	2.026400e-01	1.276711e-02	-1.092195e+00	-4.217044e-02	2.317199e-03	-4.101184e-02	4.332904e-02
466           	1.203539e+00	-3.598834e-01	1.563423e+00	5.648246e-01	2.908905e-01	2.739341e-01	8.478184e-03	-9.616529e-01	-8.142807e-02	2.501122e-03	-8.017751e-02	8.267863e-02
467           	1.190497e+00	-5.747525e-03	1.196244e+00	6.057658e-01	3.062754e-01	2.994904e-01	3.392508e-03	-6.009959e-01	-1.052381e-01	2.307736e-03	-1.040842e-01	1.063920e-01
468           	1.185610e+00	4.808887e-01	7.047210e-01	5.699307e-01	2.825303e-01	2.874004e-01	-2.435066e-03	-1.119162e-01	-6.438201e-02	1.695478e-03	-6.353427e-02	6.522975e-02
469           	1.176050e+00	1.017248e+00	1.588026e-01	4.674432e-01	2.262811e-01	2.411621e-01	-7.440521e-03	4.292226e-01	-1.165905e-02	9.654730e-04	-1.117632e-02	1.214179e-02
470           	1.165698e+00	1.527139e+00	-3.614407e-01	3.186046e-01	1.488775e-01	1.697272e-01	-1.042484e-02	9.442899e-01	4.073787e-02	2.108512e-04	4.084329e-02	-4.063244e-02
471           	1.169431e+00	1.938262e+00	-7.688318e-01	1.388130e-01	5.834309e-02	8.046993e-02	-1.106342e-02	1.353547e+00	6.275204e-02	-4.102493e-04	6.254692e-02	-6.295717e-02
472           	1.185254e+00	2.183467e+00	-9.982124e-01	-4.293637e-02	-3.203416e-02	-1.090221e-02	-1.056597e-02	1.590840e+00	1.867720e-02	-9.552766e-04	1.819957e-02	-1.915484e-02
473           	1.200614e+00	2.188341e+00	-9.877269e-01	-2.009036e-01	-1.099766e-01	-9.092702e-02	-9.524790e-03	1.588034e+00	-7.188266e-02	-1.473855e-03	-7.261959e-02	7.114573e-02
474           	1.210183e+00	1.877812e+00	-6.676296e-01	-3.087035e-01	-1.622992e-01	-1.464043e-01	-7.947449e-03	1.272721e+00	-1.776884e-01	-1.921694e-03	-1.786492e-01	1.767276e-01
475           	1.221990e+00	1.304531e+00	-8.254099e-02	-3.634384e-01	-1.868335e-01	-1.766049e-01	-5.114332e-03	6.935362e-01	-2.275318e-01	-2.214771e-03	-2.286392e-01	2.264245e-01
476           	1.231542e+00	5.937991e-01	6.377432e-01	-3.729545e-01	-1.873954e-01	-1.855591e-01	-9.181511e-04	-2.197203e-02	-2.137922e-01	-2.256546e-03	-2.149205e-01	2.126639e-01
477           	1.228826e+00	-1.552877e-01	1.384114e+00	-3.313783e-01	-1.624960e-01	-1.688822e-01	3.193123e-03	-7.697006e-01	-1.705163e-01	-2.061098e-03	-1.715468e-01	1.694857e-01
478           	1.224095e+00	-8.129921e-01	2.037087e+00	-2.317679e-01	-1.101534e-01	-1.216145e-01	5.730527e-03	-1.425040e+00	-1.054488e-01	-1.517290e-03	-1.062074e-01	1.046901e-01
479           	1.218557e+00	-1.251066e+00	2.469623e+00	-8.450872e-02	-3.540125e-02	-4.910747e-02	6.853112e-03	-1.860344e+00	-7.106399e-02	-6.771272e-04	-7.140255e-02	7.072542e-02
480           	1.223999e+00	-1.408585e+00	2.632585e+00	7.245263e-02	4.404552e-02	2.840710e-02	7.819211e-03	-2.020585e+00	-1.126518e-01	1.769508e-04	-1.125633e-01	1.127403e-01
481           	1.232481e+00	-1.233958e+00	2.466439e+00	2.089094e-01	1.127787e-01	9.613075e-02	8.323957e-03	-1.850198e+00	-1.953281e-01	7.260541e-04	-1.949651e-01	1.956911e-01
482           	1.242461e+00	-7.462148e-01	1.988676e+00	3.171462e-01	1.659587e-01	1.511875e-01	7.385636e-03	-1.367445e+00	-2.514147e-01	8.011803e-04	-2.510141e-01	2.518153e-01
483           	1.254797e+00	-2.692577e-02	1.281723e+00	3.974330e-01	2.031430e-01	1.942900e-01	4.426467e-03	-6.543243e-01	-2.440379e-01	3.922385e-04	-2.438417e-01	2.442340e-01
484           	1.255240e+00	8.344503e-01	4.207894e-01	4.326517e-01	2.170492e-01	2.156025e-01	7.233261e-04	2.068305e-01	-2.049136e-01	-2.861743e-04	-2.050566e-01	2.047705e-01
485           	1.244915e+00	1.717727e+00	-4.728128e-01	4.099823e-01	2.026493e-01	2.073330e-01	-2.341831e-03	1.095270e+00	-1.356688e-01	-8.663669e-04	-1.361020e-01	1.352356e-01
486           	1.224393e+00	2.471205e+00	-1.246812e+00	3.258633e-01	1.589189e-01	1.669444e-01	-4.012737e-03	1.859009e+00	-5.737668e-02	-1.099805e-03	-5.792659e-02	5.682678e-02
487           	1.200882e+00	2.951315e+00	-1.750432e+00	1.948156e-01	9.278690e-02	1.020287e-01	-4.620910e-03	2.350873e+00	8.426948e-03	-1.146097e-03	7.853900e-03	-8.999997e-03
488           	1.187803e+00	3.061682e+00	-1.873879e+00	4.652329e-02	1.820729e-02	2.831600e-02	-5.054358e-03	2.467780e+00	5.484854e-03	-1.373627e-03	4.798041e-03	-6.171668e-03
489           	1.190004e+00	2.784155e+00	-1.594151e+00	-7.532309e-02	-4.376580e-02	-3.155729e-02	-6.104254e-03	2.189153e+00	-7.002465e-02	-1.944395e-03	-7.099685e-02	6.905246e-02
490           	1.213179e+00	2.179145e+00	-9.659661e-01	-1.677524e-01	-8.951337e-02	-7.823906e-02	-5.637152e-03	1.572555e+00	-9.261961e-02	-2.817185e-03	-9.402820e-02	9.121101e-02
491           	1.240782e+00	1.336387e+00	-9.560473e-02	-2.290013e-01	-1.180770e-01	-1.109244e-01	-3.576291e-03	7.159957e-01	-1.090206e-01	-3.699556e-03	-1.108703e-01	1.071708e-01
492           	1.258693e+00	3.559481e-01	9.027446e-01	-2.475007e-01	-1.250854e-01	-1.224153e-01	-1.335075e-03	-2.733983e-01	-1.237033e-01	-4.184187e-03	-1.257954e-01	1.216113e-01
493           	1.259919e+00	-6.117438e-01	1.871663e+00	-2.215972e-01	-1.105828e-01	-1.110143e-01	2.157579e-04	-1.241703e+00	-1.221117e-01	-3.958306e-03	-1.240908e-01	1.201325e-01
494           	1.242018e+00	-1.399534e+00	2.641552e+00	-1.536901e-01	-7.557301e-02	-7.811713e-02	1.272058e-03	-2.020543e+00	-9.297416e-02	-2.993979e-03	-9.447114e-02	9.147717e-02
495           	1.213585e+00	-1.839322e+00	3.052907e+00	-5.128446e-02	-2.378364e-02	-2.750082e-02	1.858589e-03	-2.446115e+00	-6.058581e-02	-1.702409e-03	-6.143701e-02	5.973460e-02
496           	1.197654e+00	-1.852621e+00	3.050275e+00	4.581914e-02	2.598158e-02	1.983756e-02	3.072012e-03	-2.451448e+00	-9.991169e-02	-7.162816e-04	-1.002698e-01	9.955355e-02
497           	1.203817e+00	-1.490335e+00	2.694151e+00	1.244756e-01	6.637061e-02	5.810496e-02	4.132823e-03	-2.092243e+00	-1.197757e-01	-2.964677e-04	-1.199239e-01	1.196274e-01
498           	1.226344e+00	-8.250642e-01	2.051408e+00	1.896159e-01	9.851633e-02	9.109957e-02	3.708376e-03	-1.438236e+00	-1.217365e-01	-4.770933e-04	-1.219751e-01	1.214980e-01
499           	1.244777e+00	7.426072e-02	1.170516e+00	2.331748e-01	1.189259e-01	1.142488e-01	2.338539e-03	-5.481276e-01	-1.245833e-01	-1.095583e-03	-1.251311e-01	1.240355e-01
500           	1.249927e+00	1.075290e+00	1.746370e-01	2.520733e-01	1.269438e-01	1.251295e-01	9.071418e-04	4.503265e-01	-1.092498e-01	-1.854672e-03	-1.101771e-01	1.083224e-01
