# Force and moment coefficients
# dragDir     : (1.000000e+00 0.000000e+00 0.000000e+00)
# sideDir     : (0.000000e+00 0.000000e+00 -1.000000e+00)
# liftDir     : (0.000000e+00 1.000000e+00 0.000000e+00)
# rollAxis    : (1.000000e+00 0.000000e+00 0.000000e+00)
# pitchAxis   : (0.000000e+00 0.000000e+00 -1.000000e+00)
# yawAxis     : (0.000000e+00 1.000000e+00 0.000000e+00)
# magUInf     : 1.250000e+01
# lRef        : 2.380000e-02
# Aref        : 6.840000e-03
# CofR        : (0.000000e+00 0.000000e+00 0.000000e+00)
#
# Time        	Cd            	Cd(f)         	Cd(r)         	Cl            	Cl(f)         	Cl(r)         	CmPitch       	CmRoll        	CmYaw         	Cs            	Cs(f)         	Cs(r)         
1             	1.897707e+02	9.484752e+01	9.492320e+01	6.893311e-02	6.986768e-02	-9.345657e-04	3.540112e-02	-3.783671e-02	-2.523305e+00	-1.542693e-02	-2.531019e+00	2.515592e+00
2             	7.773249e+01	3.856406e+01	3.916843e+01	1.707792e-02	1.423136e-02	2.846553e-03	5.692405e-03	-3.021857e-01	-3.341992e-01	-1.541383e-02	-3.419061e-01	3.264923e-01
3             	-2.701542e+02	-1.391577e+02	-1.309965e+02	6.094918e+00	2.024777e+00	4.070141e+00	-1.022682e+00	-4.080599e+00	-3.010564e+01	4.211435e-01	-2.989507e+01	3.031621e+01
4             	-2.426176e+02	-1.174040e+02	-1.252136e+02	1.093363e+01	4.058932e+00	6.874702e+00	-1.407885e+00	3.904789e+00	-1.552093e+01	-2.950389e-01	-1.566845e+01	1.537341e+01
5             	-1.101460e+02	-4.727789e+01	-6.286809e+01	1.064364e+01	3.800857e+00	6.842778e+00	-1.520961e+00	7.795103e+00	-1.149233e+01	-4.265533e-01	-1.170561e+01	1.127905e+01
6             	1.759883e+01	1.276489e+01	4.833939e+00	4.260713e+00	-1.330856e-01	4.393799e+00	-2.263442e+00	3.965477e+00	-6.800358e+00	-2.338333e-01	-6.917275e+00	6.683441e+00
7             	8.815251e+01	4.734053e+01	4.081199e+01	2.491440e+00	-9.371955e-01	3.428635e+00	-2.182915e+00	3.264272e+00	-3.628155e+00	-1.169811e-01	-3.686646e+00	3.569664e+00
8             	1.118212e+02	6.002677e+01	5.179439e+01	5.112951e-01	-9.767025e-01	1.487998e+00	-1.232350e+00	4.116190e+00	-5.066390e+00	-6.104844e-02	-5.096914e+00	5.035866e+00
9             	1.041735e+02	5.514128e+01	4.903220e+01	-4.578060e+00	-2.893600e+00	-1.684460e+00	-6.045700e-01	3.054543e+00	-5.341373e+00	-3.914830e-02	-5.360947e+00	5.321799e+00
10            	7.726559e+01	4.043961e+01	3.682599e+01	-8.298576e+00	-4.467765e+00	-3.830810e+00	-3.184774e-01	1.806811e+00	-4.728785e+00	-2.323040e-02	-4.740400e+00	4.717170e+00
11            	4.512819e+01	2.200739e+01	2.312080e+01	-1.153926e+01	-6.224759e+00	-5.314501e+00	-4.551290e-01	-5.567060e-01	-4.144459e+00	-1.584870e-02	-4.152383e+00	4.136534e+00
12            	1.936609e+01	5.817502e+00	1.354859e+01	-1.226394e+01	-6.483447e+00	-5.780496e+00	-3.514755e-01	-3.865545e+00	-3.658475e+00	-1.166384e-02	-3.664307e+00	3.652643e+00
13            	3.437397e+00	-3.228067e+00	6.665463e+00	-1.292532e+01	-6.754282e+00	-6.171033e+00	-2.916246e-01	-4.946765e+00	-4.506592e+00	-7.750538e-03	-4.510467e+00	4.502717e+00
14            	-2.000322e+00	-5.968952e+00	3.968631e+00	-1.225604e+01	-6.219392e+00	-6.036643e+00	-9.137431e-02	-4.968791e+00	-4.834083e+00	-5.801733e-03	-4.836984e+00	4.831182e+00
15            	-8.951409e-01	-5.907432e+00	5.012291e+00	-1.165918e+01	-5.745423e+00	-5.913754e+00	8.416578e-02	-5.459862e+00	-4.216267e+00	-9.317892e-03	-4.220926e+00	4.211609e+00
16            	2.671524e+00	-4.637958e+00	7.309482e+00	-1.138379e+01	-5.487271e+00	-5.896514e+00	2.046214e-01	-5.973720e+00	-4.159535e+00	-1.505153e-02	-4.167061e+00	4.152010e+00
17            	6.407704e+00	-2.113482e+00	8.521186e+00	-1.073175e+01	-5.161255e+00	-5.570497e+00	2.046210e-01	-5.317334e+00	-2.502378e+00	-1.637844e-02	-2.510567e+00	2.494189e+00
18            	8.395848e+00	8.374732e-01	7.558375e+00	-9.571077e+00	-4.575610e+00	-4.995466e+00	2.099279e-01	-3.360451e+00	-1.250373e+00	-9.967312e-03	-1.255357e+00	1.245389e+00
19            	8.101184e+00	1.995039e+00	6.106145e+00	-7.571757e+00	-3.646786e+00	-3.924972e+00	1.390930e-01	-2.055553e+00	-1.217177e-01	-7.666075e-03	-1.255508e-01	1.178847e-01
20            	6.255638e+00	2.426592e+00	3.829046e+00	-5.465167e+00	-2.653828e+00	-2.811339e+00	7.875528e-02	-7.012274e-01	5.072426e-02	-2.808478e-03	4.932002e-02	-5.212850e-02
21            	4.207931e+00	2.288523e+00	1.919408e+00	-4.622296e+00	-2.240741e+00	-2.381554e+00	7.040647e-02	1.845573e-01	-1.443986e-01	-2.123114e-03	-1.454602e-01	1.433371e-01
22            	2.373164e+00	2.224364e+00	1.488002e-01	-3.760035e+00	-1.814166e+00	-1.945869e+00	6.585119e-02	1.037782e+00	-1.203931e-01	-2.975157e-03	-1.218807e-01	1.189056e-01
23            	9.753396e-01	2.299529e+00	-1.324190e+00	-2.921122e+00	-1.399085e+00	-1.522037e+00	6.147595e-02	1.811859e+00	5.678557e-02	-5.621634e-04	5.650449e-02	-5.706665e-02
24            	3.179757e-01	2.363295e+00	-2.045320e+00	-2.299975e+00	-1.105711e+00	-1.194264e+00	4.427668e-02	2.204308e+00	1.425713e-01	1.627159e-03	1.433849e-01	-1.417577e-01
25            	8.454643e-02	2.397165e+00	-2.312618e+00	-1.755556e+00	-8.587538e-01	-8.968023e-01	1.902424e-02	2.354892e+00	1.699959e-01	2.628001e-03	1.713099e-01	-1.686819e-01
26            	1.694135e-01	2.356922e+00	-2.187508e+00	-1.359637e+00	-6.931413e-01	-6.664957e-01	-1.332283e-02	2.272215e+00	1.053615e-01	3.028775e-03	1.068759e-01	-1.038471e-01
27            	3.738125e-01	2.258421e+00	-1.884609e+00	-1.022533e+00	-5.462423e-01	-4.762904e-01	-3.497595e-02	2.071515e+00	5.192336e-03	2.468803e-04	5.315776e-03	-5.068896e-03
28            	5.455674e-01	2.144806e+00	-1.599238e+00	-7.994985e-01	-4.534575e-01	-3.460410e-01	-5.370824e-02	1.872022e+00	1.482429e-03	-4.064950e-03	-5.500458e-04	-3.514904e-03
29            	6.816908e-01	2.022199e+00	-1.340508e+00	-6.321170e-01	-3.729709e-01	-2.591461e-01	-5.691240e-02	1.681354e+00	1.313178e-01	-9.261803e-03	1.266869e-01	-1.359488e-01
30            	7.430283e-01	1.885186e+00	-1.142157e+00	-5.146757e-01	-3.145231e-01	-2.001526e-01	-5.718521e-02	1.513672e+00	2.619286e-01	-1.479326e-02	2.545320e-01	-2.693252e-01
31            	8.053941e-01	1.757681e+00	-9.522869e-01	-4.111518e-01	-2.556489e-01	-1.555029e-01	-5.007302e-02	1.354984e+00	3.739409e-01	-1.880955e-02	3.645361e-01	-3.833457e-01
32            	8.775468e-01	1.721698e+00	-8.441516e-01	-3.063720e-01	-1.977417e-01	-1.086303e-01	-4.455571e-02	1.282925e+00	3.747061e-01	-1.873192e-02	3.653401e-01	-3.840720e-01
33            	9.304267e-01	1.770641e+00	-8.402143e-01	-2.218446e-01	-1.463919e-01	-7.545271e-02	-3.546958e-02	1.305428e+00	3.044934e-01	-1.563548e-02	2.966756e-01	-3.123111e-01
34            	9.401605e-01	1.934123e+00	-9.939624e-01	-1.737242e-01	-1.142881e-01	-5.943606e-02	-2.742602e-02	1.464043e+00	2.473319e-01	-1.129780e-02	2.416830e-01	-2.529808e-01
35            	9.149211e-01	2.221526e+00	-1.306605e+00	-1.732253e-01	-1.079689e-01	-6.525640e-02	-2.135626e-02	1.764065e+00	1.748276e-01	-8.102569e-03	1.707763e-01	-1.788789e-01
36            	8.486556e-01	2.604045e+00	-1.755390e+00	-2.109324e-01	-1.230049e-01	-8.792750e-02	-1.753869e-02	2.179717e+00	1.284108e-01	-6.066897e-03	1.253774e-01	-1.314442e-01
37            	7.998063e-01	2.971760e+00	-2.171954e+00	-2.872643e-01	-1.592699e-01	-1.279944e-01	-1.563776e-02	2.571857e+00	3.976129e-02	-5.899756e-03	3.681142e-02	-4.271117e-02
38            	7.900473e-01	3.172848e+00	-2.382801e+00	-3.925749e-01	-2.123016e-01	-1.802733e-01	-1.601414e-02	2.777824e+00	-2.920235e-02	-5.676242e-03	-3.204047e-02	2.636423e-02
39            	8.248466e-01	3.091157e+00	-2.266311e+00	-5.314995e-01	-2.831177e-01	-2.483818e-01	-1.736798e-02	2.678734e+00	-1.076142e-01	-4.966326e-03	-1.100974e-01	1.051310e-01
40            	8.899842e-01	2.697587e+00	-1.807603e+00	-7.100436e-01	-3.747051e-01	-3.353385e-01	-1.968328e-02	2.252595e+00	-2.334564e-01	-3.522771e-03	-2.352177e-01	2.316950e-01
41            	9.541346e-01	2.072778e+00	-1.118643e+00	-9.140620e-01	-4.777772e-01	-4.362848e-01	-2.074622e-02	1.595711e+00	-4.233996e-01	-2.072708e-03	-4.244359e-01	4.223632e-01
42            	1.005294e+00	1.332779e+00	-3.274852e-01	-1.095072e+00	-5.692554e-01	-5.258171e-01	-2.171913e-02	8.301321e-01	-6.074927e-01	-1.164779e-03	-6.080751e-01	6.069103e-01
43            	1.042217e+00	6.120569e-01	4.301598e-01	-1.200008e+00	-6.210746e-01	-5.789338e-01	-2.107038e-02	9.094853e-02	-7.266490e-01	-1.495335e-03	-7.273967e-01	7.259014e-01
44            	1.053966e+00	2.466452e-03	1.051499e+00	-1.213014e+00	-6.261099e-01	-5.869044e-01	-1.960276e-02	-5.245164e-01	-7.561673e-01	-2.475535e-03	-7.574051e-01	7.549295e-01
45            	1.036712e+00	-4.630477e-01	1.499759e+00	-1.145314e+00	-5.898951e-01	-5.554188e-01	-1.723811e-02	-9.814034e-01	-7.223056e-01	-3.768235e-03	-7.241897e-01	7.204215e-01
46            	9.978508e-01	-8.027180e-01	1.800569e+00	-1.012576e+00	-5.200862e-01	-4.924902e-01	-1.379798e-02	-1.301643e+00	-6.476892e-01	-4.498733e-03	-6.499386e-01	6.454399e-01
47            	9.478922e-01	-1.023542e+00	1.971434e+00	-8.421940e-01	-4.314204e-01	-4.107736e-01	-1.032342e-02	-1.497488e+00	-5.437628e-01	-4.727590e-03	-5.461266e-01	5.413990e-01
48            	9.006285e-01	-1.177187e+00	2.077816e+00	-6.591049e-01	-3.364914e-01	-3.226134e-01	-6.938985e-03	-1.627501e+00	-4.344945e-01	-4.414454e-03	-4.367017e-01	4.322872e-01
49            	8.587891e-01	-1.275071e+00	2.133860e+00	-4.866772e-01	-2.471501e-01	-2.395271e-01	-3.811487e-03	-1.704466e+00	-3.367338e-01	-3.523522e-03	-3.384955e-01	3.349720e-01
50            	8.221143e-01	-1.328839e+00	2.150953e+00	-3.425985e-01	-1.725388e-01	-1.700598e-01	-1.239497e-03	-1.739896e+00	-2.459487e-01	-2.314140e-03	-2.471058e-01	2.447916e-01
51            	7.908728e-01	-1.344025e+00	2.134898e+00	-2.335504e-01	-1.161759e-01	-1.173745e-01	5.993198e-04	-1.739462e+00	-1.736974e-01	-1.093591e-03	-1.742442e-01	1.731506e-01
52            	7.617720e-01	-1.328854e+00	2.090626e+00	-1.605242e-01	-7.864615e-02	-8.187805e-02	1.615955e-03	-1.709740e+00	-1.242545e-01	3.377078e-05	-1.242376e-01	1.242714e-01
53            	7.327107e-01	-1.286572e+00	2.019283e+00	-1.218793e-01	-5.894576e-02	-6.293357e-02	1.993901e-03	-1.652927e+00	-1.023336e-01	7.663338e-04	-1.019504e-01	1.027168e-01
54            	7.018986e-01	-1.225449e+00	1.927348e+00	-1.141273e-01	-5.558889e-02	-5.853842e-02	1.474766e-03	-1.576398e+00	-9.069575e-02	1.329438e-03	-9.003103e-02	9.136047e-02
55            	6.715360e-01	-1.150875e+00	1.822411e+00	-1.293503e-01	-6.461623e-02	-6.473402e-02	5.889862e-05	-1.486643e+00	-8.848340e-02	1.642768e-03	-8.766201e-02	8.930478e-02
56            	6.442850e-01	-1.064605e+00	1.708890e+00	-1.578185e-01	-8.085368e-02	-7.696486e-02	-1.944410e-03	-1.386747e+00	-8.705627e-02	1.685127e-03	-8.621371e-02	8.789884e-02
57            	6.229349e-01	-9.706120e-01	1.593547e+00	-1.904438e-01	-9.918240e-02	-9.126142e-02	-3.960490e-03	-1.282080e+00	-8.606791e-02	1.537401e-03	-8.529921e-02	8.683661e-02
58            	6.081181e-01	-8.768876e-01	1.485006e+00	-2.195559e-01	-1.152212e-01	-1.043346e-01	-5.443298e-03	-1.180947e+00	-8.413455e-02	1.245281e-03	-8.351191e-02	8.475719e-02
59            	5.996807e-01	-7.869466e-01	1.386627e+00	-2.400450e-01	-1.262521e-01	-1.137929e-01	-6.229612e-03	-1.086787e+00	-7.917732e-02	8.113578e-04	-7.877164e-02	7.958300e-02
60            	5.954864e-01	-7.021923e-01	1.297679e+00	-2.497621e-01	-1.312486e-01	-1.185135e-01	-6.367590e-03	-9.999355e-01	-7.551267e-02	2.512767e-04	-7.538703e-02	7.563830e-02
61            	5.942479e-01	-6.244199e-01	1.218668e+00	-2.495092e-01	-1.308252e-01	-1.186840e-01	-6.070607e-03	-9.215438e-01	-7.200136e-02	-3.505840e-04	-7.217665e-02	7.182606e-02
62            	5.950239e-01	-5.550376e-01	1.150062e+00	-2.412778e-01	-1.262100e-01	-1.150678e-01	-5.571122e-03	-8.525496e-01	-6.967764e-02	-9.239924e-04	-7.013963e-02	6.921564e-02
63            	5.969347e-01	-4.935009e-01	1.090436e+00	-2.270301e-01	-1.185713e-01	-1.084588e-01	-5.056214e-03	-7.919682e-01	-6.769938e-02	-1.462387e-03	-6.843057e-02	6.696818e-02
64            	5.978562e-01	-4.386957e-01	1.036552e+00	-2.087107e-01	-1.089643e-01	-9.974633e-02	-4.609006e-03	-7.376238e-01	-6.677668e-02	-1.894165e-03	-6.772376e-02	6.582959e-02
65            	5.966453e-01	-3.864941e-01	9.831394e-01	-1.884260e-01	-9.841828e-02	-9.000774e-02	-4.205272e-03	-6.848168e-01	-6.644694e-02	-2.194431e-03	-6.754416e-02	6.534973e-02
66            	5.931177e-01	-3.324481e-01	9.255658e-01	-1.677886e-01	-8.772819e-02	-8.006042e-02	-3.833885e-03	-6.290069e-01	-6.672991e-02	-2.361533e-03	-6.791068e-02	6.554914e-02
67            	5.876969e-01	-2.710330e-01	8.587300e-01	-1.476785e-01	-7.732744e-02	-7.035104e-02	-3.488200e-03	-5.648815e-01	-6.766599e-02	-2.408842e-03	-6.887041e-02	6.646157e-02
68            	5.813978e-01	-2.065232e-01	7.879210e-01	-1.284094e-01	-6.736802e-02	-6.104135e-02	-3.163334e-03	-4.972221e-01	-6.744373e-02	-2.356533e-03	-6.862199e-02	6.626546e-02
69            	5.750993e-01	-1.388626e-01	7.139618e-01	-1.095006e-01	-5.756974e-02	-5.193086e-02	-2.819438e-03	-4.264122e-01	-6.392515e-02	-2.256475e-03	-6.505338e-02	6.279691e-02
70            	5.693170e-01	-7.681159e-02	6.461286e-01	-9.187321e-02	-4.837828e-02	-4.349494e-02	-2.441670e-03	-3.614701e-01	-5.865266e-02	-2.146815e-03	-5.972607e-02	5.757926e-02
71            	5.653207e-01	-2.534062e-02	5.906613e-01	-7.607512e-02	-4.004144e-02	-3.603368e-02	-2.003884e-03	-3.080009e-01	-5.124507e-02	-2.039769e-03	-5.226495e-02	5.022518e-02
72            	5.634585e-01	1.053182e-02	5.529267e-01	-6.275798e-02	-3.295995e-02	-2.979803e-02	-1.580959e-03	-2.711974e-01	-4.156476e-02	-1.945232e-03	-4.253738e-02	4.059215e-02
73            	5.634608e-01	2.916494e-02	5.342958e-01	-5.277064e-02	-2.763467e-02	-2.513596e-02	-1.249355e-03	-2.525654e-01	-3.020388e-02	-1.867386e-03	-3.113758e-02	2.927019e-02
74            	5.650561e-01	3.124604e-02	5.338100e-01	-4.717686e-02	-2.469724e-02	-2.247962e-02	-1.108811e-03	-2.512820e-01	-1.807711e-02	-1.803962e-03	-1.897909e-02	1.717513e-02
75            	5.664484e-01	2.124287e-02	5.452055e-01	-4.638954e-02	-2.440766e-02	-2.198188e-02	-1.212895e-03	-2.619813e-01	-7.567267e-03	-1.746626e-03	-8.440580e-03	6.693954e-03
76            	5.668442e-01	5.228240e-03	5.616159e-01	-4.974503e-02	-2.640882e-02	-2.333621e-02	-1.536305e-03	-2.781938e-01	2.799897e-04	-1.693158e-03	-5.665893e-04	-1.126569e-03
77            	5.667304e-01	-9.502629e-03	5.762330e-01	-5.557153e-02	-2.976513e-02	-2.580640e-02	-1.979365e-03	-2.928678e-01	5.483300e-03	-1.646752e-03	4.659924e-03	-6.306676e-03
78            	5.668961e-01	-1.747201e-02	5.843681e-01	-6.126353e-02	-3.300121e-02	-2.826233e-02	-2.369440e-03	-3.009200e-01	8.525260e-03	-1.600480e-03	7.725020e-03	-9.325500e-03
79            	5.675449e-01	-1.538925e-02	5.829341e-01	-6.396746e-02	-3.456481e-02	-2.940266e-02	-2.581076e-03	-2.991617e-01	9.786173e-03	-1.549418e-03	9.011464e-03	-1.056088e-02
80            	5.686034e-01	-2.917974e-03	5.715214e-01	-6.158952e-02	-3.335029e-02	-2.823923e-02	-2.555531e-03	-2.872197e-01	9.867293e-03	-1.494452e-03	9.120067e-03	-1.061452e-02
81            	5.704689e-01	1.906499e-02	5.514039e-01	-5.342267e-02	-2.899258e-02	-2.443009e-02	-2.281243e-03	-2.661694e-01	9.782906e-03	-1.445981e-03	9.059916e-03	-1.050590e-02
82            	5.729131e-01	4.710887e-02	5.258043e-01	-4.059417e-02	-2.210102e-02	-1.849314e-02	-1.803941e-03	-2.393477e-01	1.047836e-02	-1.407389e-03	9.774669e-03	-1.118206e-02
83            	5.759887e-01	7.758146e-02	4.984073e-01	-2.578276e-02	-1.413019e-02	-1.165256e-02	-1.238816e-03	-2.104129e-01	1.229670e-02	-1.374100e-03	1.160965e-02	-1.298375e-02
84            	5.802618e-01	1.061478e-01	4.741140e-01	-1.259266e-02	-7.037901e-03	-5.554758e-03	-7.415717e-04	-1.839831e-01	1.561904e-02	-1.330511e-03	1.495379e-02	-1.628430e-02
85            	5.857460e-01	1.297431e-01	4.560029e-01	-4.355172e-03	-2.609498e-03	-1.745674e-03	-4.319124e-04	-1.631299e-01	2.039033e-02	-1.280155e-03	1.975025e-02	-2.103040e-02
86            	5.925074e-01	1.446775e-01	4.478299e-01	-3.112536e-03	-1.884925e-03	-1.227611e-03	-3.286573e-04	-1.515762e-01	2.620703e-02	-1.227210e-03	2.559342e-02	-2.682063e-02
87            	5.999335e-01	1.493231e-01	4.506104e-01	-8.719662e-03	-4.821877e-03	-3.897786e-03	-4.620454e-04	-1.506437e-01	3.221045e-02	-1.176815e-03	3.162204e-02	-3.279885e-02
88            	6.073943e-01	1.437393e-01	4.636549e-01	-2.020769e-02	-1.092700e-02	-9.280694e-03	-8.231514e-04	-1.599578e-01	3.812364e-02	-1.135050e-03	3.755611e-02	-3.869116e-02
89            	6.131562e-01	1.299117e-01	4.832445e-01	-3.428471e-02	-1.841780e-02	-1.586692e-02	-1.275439e-03	-1.766664e-01	4.141499e-02	-1.097792e-03	4.086609e-02	-4.196388e-02
90            	6.186892e-01	1.141325e-01	5.045567e-01	-4.687206e-02	-2.511736e-02	-2.175469e-02	-1.681334e-03	-1.952121e-01	4.326840e-02	-1.060869e-03	4.273796e-02	-4.379883e-02
91            	6.247350e-01	1.031883e-01	5.215467e-01	-5.408161e-02	-2.896810e-02	-2.511351e-02	-1.927297e-03	-2.091792e-01	4.411266e-02	-1.025329e-03	4.360000e-02	-4.462532e-02
92            	6.310418e-01	1.023019e-01	5.287399e-01	-5.407697e-02	-2.898041e-02	-2.509656e-02	-1.941928e-03	-2.132190e-01	4.417322e-02	-9.844378e-04	4.368100e-02	-4.466544e-02
93            	6.365029e-01	1.153369e-01	5.211660e-01	-4.662156e-02	-2.500553e-02	-2.161602e-02	-1.694757e-03	-2.029145e-01	4.322852e-02	-9.397501e-04	4.275864e-02	-4.369839e-02
94            	6.404370e-01	1.424309e-01	4.980061e-01	-3.283314e-02	-1.761673e-02	-1.521641e-02	-1.200162e-03	-1.777876e-01	4.109823e-02	-8.813878e-04	4.065754e-02	-4.153893e-02
95            	6.433038e-01	1.816893e-01	4.616145e-01	-1.551284e-02	-8.314185e-03	-7.198650e-03	-5.577674e-04	-1.399626e-01	3.807603e-02	-8.125997e-04	3.766973e-02	-3.848233e-02
96            	6.462815e-01	2.278089e-01	4.184727e-01	5.657165e-04	3.347138e-04	2.310027e-04	5.185558e-05	-9.533190e-02	3.473471e-02	-7.344327e-04	3.436749e-02	-3.510192e-02
97            	6.501988e-01	2.734200e-01	3.767789e-01	1.032148e-02	5.606206e-03	4.715269e-03	4.454684e-04	-5.167946e-02	3.168953e-02	-6.545022e-04	3.136228e-02	-3.201678e-02
98            	6.547020e-01	3.095459e-01	3.451562e-01	1.064054e-02	5.816210e-03	4.824333e-03	4.959384e-04	-1.780516e-02	2.977582e-02	-5.766321e-04	2.948750e-02	-3.006414e-02
99            	6.587032e-01	3.296642e-01	3.290390e-01	1.028569e-03	6.902041e-04	3.383648e-04	1.759197e-04	3.125772e-04	2.914058e-02	-5.013758e-04	2.888990e-02	-2.939127e-02
100           	6.620626e-01	3.301941e-01	3.318685e-01	-1.705854e-02	-9.012243e-03	-8.046292e-03	-4.829754e-04	-8.371818e-04	2.917598e-02	-4.367851e-04	2.895759e-02	-2.939437e-02
101           	6.648806e-01	3.117867e-01	3.530939e-01	-4.000268e-02	-2.134590e-02	-1.865678e-02	-1.344561e-03	-2.065360e-02	2.935181e-02	-3.932175e-04	2.915520e-02	-2.954841e-02
102           	6.677353e-01	2.791097e-01	3.886256e-01	-6.162341e-02	-3.295548e-02	-2.866793e-02	-2.143778e-03	-5.475797e-02	2.900512e-02	-3.831362e-04	2.881356e-02	-2.919669e-02
103           	6.709912e-01	2.414484e-01	4.295428e-01	-7.499096e-02	-4.011213e-02	-3.487883e-02	-2.616654e-03	-9.404719e-02	2.792142e-02	-4.024443e-04	2.772020e-02	-2.812265e-02
104           	6.742765e-01	2.085530e-01	4.657235e-01	-7.566806e-02	-4.044524e-02	-3.522282e-02	-2.611208e-03	-1.285852e-01	2.668241e-02	-4.317066e-04	2.646656e-02	-2.689827e-02
105           	6.770278e-01	1.892116e-01	4.878162e-01	-6.336045e-02	-3.383348e-02	-2.952697e-02	-2.153255e-03	-1.493023e-01	2.539157e-02	-4.549941e-04	2.516408e-02	-2.561907e-02
106           	6.793310e-01	1.893447e-01	4.899862e-01	-4.104517e-02	-2.185657e-02	-1.918860e-02	-1.333983e-03	-1.503208e-01	2.366270e-02	-4.619907e-04	2.343171e-02	-2.389370e-02
107           	6.807835e-01	2.114028e-01	4.693808e-01	-1.395186e-02	-7.312663e-03	-6.639194e-03	-3.367347e-04	-1.289890e-01	2.132101e-02	-4.466261e-04	2.109770e-02	-2.154432e-02
108           	6.819450e-01	2.522437e-01	4.297013e-01	1.064172e-02	5.894483e-03	4.747238e-03	5.736227e-04	-8.872880e-02	1.808042e-02	-4.212467e-04	1.786980e-02	-1.829104e-02
109           	6.833168e-01	3.040000e-01	3.793168e-01	2.538492e-02	1.382100e-02	1.156392e-02	1.128540e-03	-3.765839e-02	1.410549e-02	-3.971739e-04	1.390690e-02	-1.430407e-02
110           	6.850375e-01	3.554801e-01	3.295574e-01	2.585911e-02	1.409660e-02	1.176250e-02	1.167051e-03	1.296137e-02	1.043242e-02	-3.693353e-04	1.024775e-02	-1.061709e-02
111           	6.869051e-01	3.963020e-01	2.906031e-01	1.200350e-02	6.701923e-03	5.301573e-03	7.001754e-04	5.284943e-02	8.057146e-03	-3.409111e-04	7.886690e-03	-8.227601e-03
112           	6.886885e-01	4.168498e-01	2.718387e-01	-1.260495e-02	-6.455409e-03	-6.149540e-03	-1.529346e-04	7.250552e-02	6.879562e-03	-3.031888e-04	6.727967e-03	-7.031156e-03
113           	6.900395e-01	4.114185e-01	2.786211e-01	-4.216213e-02	-2.229300e-02	-1.986913e-02	-1.211934e-03	6.639870e-02	6.477137e-03	-2.644158e-04	6.344929e-03	-6.609344e-03
114           	6.915362e-01	3.802709e-01	3.112653e-01	-6.943730e-02	-3.693168e-02	-3.250562e-02	-2.213030e-03	3.450283e-02	6.363243e-03	-2.487771e-04	6.238854e-03	-6.487631e-03
115           	6.937400e-01	3.310178e-01	3.627222e-01	-8.683441e-02	-4.626122e-02	-4.057319e-02	-2.844014e-03	-1.585222e-02	5.729226e-03	-2.704286e-04	5.594012e-03	-5.864440e-03
116           	6.964325e-01	2.750913e-01	4.213412e-01	-8.892246e-02	-4.735162e-02	-4.157084e-02	-2.890389e-03	-7.312494e-02	4.454148e-03	-3.199248e-04	4.294186e-03	-4.614111e-03
117           	6.993108e-01	2.258510e-01	4.734598e-01	-7.462784e-02	-3.966383e-02	-3.496401e-02	-2.349905e-03	-1.238044e-01	2.817792e-03	-3.753292e-04	2.630127e-03	-3.005456e-03
118           	7.019689e-01	1.948976e-01	5.070713e-01	-4.793395e-02	-2.536125e-02	-2.257270e-02	-1.394274e-03	-1.560868e-01	1.107591e-03	-4.062063e-04	9.044883e-04	-1.310695e-03
119           	7.036583e-01	1.908802e-01	5.127781e-01	-1.553365e-02	-7.983377e-03	-7.550276e-03	-2.165507e-04	-1.609490e-01	-7.693578e-04	-4.036600e-04	-9.711878e-04	5.675278e-04
120           	7.044699e-01	2.161286e-01	4.883413e-01	1.535748e-02	8.632914e-03	6.724564e-03	9.541750e-04	-1.361064e-01	-2.565049e-03	-3.784060e-04	-2.754252e-03	2.375846e-03
121           	7.052828e-01	2.669035e-01	4.383793e-01	3.720123e-02	2.039237e-02	1.680886e-02	1.791753e-03	-8.573789e-02	-4.449961e-03	-3.612726e-04	-4.630597e-03	4.269324e-03
122           	7.064518e-01	3.325770e-01	3.738748e-01	4.410549e-02	2.410506e-02	2.000043e-02	2.052318e-03	-2.064887e-02	-6.968526e-03	-3.462029e-04	-7.141628e-03	6.795425e-03
123           	7.083057e-01	3.993675e-01	3.089382e-01	3.418933e-02	1.880073e-02	1.538859e-02	1.706072e-03	4.521466e-02	-9.851394e-03	-3.249344e-04	-1.001386e-02	9.688926e-03
124           	7.105470e-01	4.514173e-01	2.591297e-01	1.101390e-02	6.432080e-03	4.581815e-03	9.251323e-04	9.614378e-02	-1.216174e-02	-2.965489e-04	-1.231001e-02	1.201347e-02
125           	7.121298e-01	4.765693e-01	2.355605e-01	-1.873602e-02	-9.455588e-03	-9.280436e-03	-8.757639e-05	1.205044e-01	-1.328866e-02	-2.612469e-04	-1.341928e-02	1.315803e-02
126           	7.133198e-01	4.677924e-01	2.455275e-01	-4.816888e-02	-2.520394e-02	-2.296494e-02	-1.119501e-03	1.111324e-01	-1.268866e-02	-2.349947e-04	-1.280616e-02	1.257116e-02
127           	7.146730e-01	4.272717e-01	2.874013e-01	-7.022299e-02	-3.697785e-02	-3.324513e-02	-1.866360e-03	6.993523e-02	-1.036382e-02	-2.486046e-04	-1.048812e-02	1.023952e-02
128           	7.157609e-01	3.634603e-01	3.523006e-01	-7.945529e-02	-4.185467e-02	-3.760063e-02	-2.127019e-03	5.579845e-03	-7.428808e-03	-2.926514e-04	-7.575134e-03	7.282483e-03
129           	7.172735e-01	2.915197e-01	4.257537e-01	-7.409034e-02	-3.895044e-02	-3.513991e-02	-1.905265e-03	-6.711699e-02	-5.417704e-03	-3.429237e-04	-5.589165e-03	5.246242e-03
130           	7.192325e-01	2.283378e-01	4.908947e-01	-5.704789e-02	-2.985995e-02	-2.718794e-02	-1.336004e-03	-1.312785e-01	-5.323620e-03	-3.837089e-04	-5.515474e-03	5.131765e-03
131           	7.206712e-01	1.875695e-01	5.331017e-01	-3.343141e-02	-1.727016e-02	-1.616125e-02	-5.544589e-04	-1.727661e-01	-7.295025e-03	-4.019250e-04	-7.495988e-03	7.094063e-03
132           	7.218813e-01	1.781299e-01	5.437514e-01	-8.390142e-03	-3.922385e-03	-4.467757e-03	2.726862e-04	-1.828108e-01	-1.002873e-02	-3.944422e-04	-1.022595e-02	9.831506e-03
133           	7.227335e-01	2.019034e-01	5.208301e-01	1.283103e-02	7.369785e-03	5.461248e-03	9.542687e-04	-1.594633e-01	-1.245238e-02	-3.882799e-04	-1.264652e-02	1.225824e-02
134           	7.231153e-01	2.544926e-01	4.686227e-01	2.612869e-02	1.445312e-02	1.167557e-02	1.388776e-03	-1.070650e-01	-1.370847e-02	-3.851019e-04	-1.390102e-02	1.351592e-02
135           	7.234082e-01	3.253350e-01	3.980731e-01	3.006082e-02	1.661030e-02	1.345052e-02	1.579886e-03	-3.636906e-02	-1.455899e-02	-3.731599e-04	-1.474557e-02	1.437241e-02
136           	7.236478e-01	3.984160e-01	3.252318e-01	2.589344e-02	1.450056e-02	1.139289e-02	1.553835e-03	3.659208e-02	-1.630659e-02	-3.478334e-04	-1.648051e-02	1.613268e-02
137           	7.237885e-01	4.597067e-01	2.640818e-01	1.567943e-02	9.146068e-03	6.533366e-03	1.306351e-03	9.781244e-02	-1.910699e-02	-3.156314e-04	-1.926481e-02	1.894918e-02
138           	7.247289e-01	4.969624e-01	2.277664e-01	3.242346e-04	1.008523e-03	-6.842879e-04	8.464052e-04	1.345980e-01	-2.134117e-02	-2.946474e-04	-2.148849e-02	2.119385e-02
139           	7.253924e-01	5.028315e-01	2.225608e-01	-1.773759e-02	-8.581653e-03	-9.155938e-03	2.871426e-04	1.401353e-01	-2.196199e-02	-3.119996e-04	-2.211799e-02	2.180599e-02
140           	7.250102e-01	4.768079e-01	2.482023e-01	-3.522632e-02	-1.791738e-02	-1.730894e-02	-3.042174e-04	1.143028e-01	-2.010959e-02	-3.635133e-04	-2.029134e-02	1.992783e-02
141           	7.240781e-01	4.244614e-01	2.996167e-01	-4.995176e-02	-2.584907e-02	-2.410269e-02	-8.731883e-04	6.242234e-02	-1.636088e-02	-4.219795e-04	-1.657187e-02	1.614990e-02
142           	7.229893e-01	3.557077e-01	3.672815e-01	-6.032855e-02	-3.149300e-02	-2.883555e-02	-1.328722e-03	-5.786917e-03	-1.226443e-02	-4.726550e-04	-1.250075e-02	1.202810e-02
143           	7.223489e-01	2.841836e-01	4.381653e-01	-6.438789e-02	-3.375082e-02	-3.063707e-02	-1.556875e-03	-7.699084e-02	-1.026550e-02	-4.983024e-04	-1.051465e-02	1.001634e-02
144           	7.226612e-01	2.232057e-01	4.994554e-01	-6.043303e-02	-3.172411e-02	-2.870892e-02	-1.507595e-03	-1.381249e-01	-1.160207e-02	-5.075663e-04	-1.185586e-02	1.134829e-02
145           	7.232543e-01	1.836566e-01	5.395976e-01	-4.819904e-02	-2.528830e-02	-2.291074e-02	-1.188778e-03	-1.779705e-01	-1.612058e-02	-5.236687e-04	-1.638241e-02	1.585874e-02
146           	7.235283e-01	1.716020e-01	5.519263e-01	-2.932678e-02	-1.531282e-02	-1.401395e-02	-6.494350e-04	-1.901621e-01	-2.205370e-02	-5.457839e-04	-2.232659e-02	2.178081e-02
147           	7.234528e-01	1.889784e-01	5.344744e-01	-6.834279e-03	-3.372936e-03	-3.461343e-03	4.420381e-05	-1.727480e-01	-2.714518e-02	-5.669651e-04	-2.742867e-02	2.686170e-02
148           	7.228458e-01	2.326603e-01	4.901854e-01	1.570963e-02	8.663090e-03	7.046538e-03	8.082761e-04	-1.287626e-01	-2.948637e-02	-5.677935e-04	-2.977027e-02	2.920247e-02
149           	7.216258e-01	2.955388e-01	4.260870e-01	3.421157e-02	1.860194e-02	1.560963e-02	1.496154e-03	-6.527410e-02	-2.949853e-02	-5.491995e-04	-2.977313e-02	2.922393e-02
150           	7.204944e-01	3.664673e-01	3.540270e-01	4.493483e-02	2.442765e-02	2.050718e-02	1.960234e-03	6.220159e-03	-2.965030e-02	-5.182973e-04	-2.990944e-02	2.939115e-02
151           	7.198478e-01	4.329849e-01	2.868629e-01	4.548154e-02	2.483373e-02	2.064781e-02	2.092957e-03	7.306102e-02	-3.153301e-02	-4.991245e-04	-3.178257e-02	3.128345e-02
152           	7.195953e-01	4.826310e-01	2.369644e-01	3.528038e-02	1.947492e-02	1.580545e-02	1.834733e-03	1.228333e-01	-3.467094e-02	-5.151007e-04	-3.492849e-02	3.441339e-02
153           	7.195665e-01	5.067796e-01	2.127868e-01	1.560373e-02	9.004636e-03	6.599095e-03	1.202771e-03	1.469964e-01	-3.753268e-02	-5.698701e-04	-3.781761e-02	3.724774e-02
154           	7.196139e-01	5.012219e-01	2.183920e-01	-1.034385e-02	-4.881346e-03	-5.462501e-03	2.905775e-04	1.414150e-01	-3.816100e-02	-6.509028e-04	-3.848645e-02	3.783555e-02
155           	7.193683e-01	4.668678e-01	2.525005e-01	-3.814420e-02	-1.982373e-02	-1.832047e-02	-7.516327e-04	1.071837e-01	-3.612765e-02	-7.297237e-04	-3.649251e-02	3.576279e-02
156           	7.184523e-01	4.085410e-01	3.099113e-01	-6.293429e-02	-3.320480e-02	-2.972949e-02	-1.737658e-03	4.931487e-02	-3.255875e-02	-7.858270e-04	-3.295166e-02	3.216584e-02
157           	7.173348e-01	3.369603e-01	3.803746e-01	-8.007874e-02	-4.250879e-02	-3.756995e-02	-2.469416e-03	-2.170714e-02	-3.027569e-02	-8.072019e-04	-3.067929e-02	2.987209e-02
158           	7.166826e-01	2.654653e-01	4.512173e-01	-8.597405e-02	-4.578463e-02	-4.018942e-02	-2.797603e-03	-9.287601e-02	-3.139052e-02	-8.066435e-04	-3.179384e-02	3.098720e-02
159           	7.167133e-01	2.075644e-01	5.091489e-01	-7.869887e-02	-4.200395e-02	-3.669493e-02	-2.654508e-03	-1.507922e-01	-3.616289e-02	-8.076221e-04	-3.656670e-02	3.575908e-02
160           	7.173552e-01	1.726627e-01	5.446925e-01	-5.874969e-02	-3.143993e-02	-2.730976e-02	-2.065082e-03	-1.860149e-01	-4.264338e-02	-8.212671e-04	-4.305401e-02	4.223275e-02
161           	7.183171e-01	1.661434e-01	5.521737e-01	-2.935165e-02	-1.581547e-02	-1.353617e-02	-1.139649e-03	-1.930152e-01	-4.813331e-02	-8.465901e-04	-4.855660e-02	4.771001e-02
162           	7.190700e-01	1.882639e-01	5.308061e-01	4.174274e-03	2.047433e-03	2.126842e-03	-3.970452e-05	-1.712711e-01	-5.037368e-02	-8.593288e-04	-5.080334e-02	4.994402e-02
163           	7.188866e-01	2.354754e-01	4.834113e-01	3.557654e-02	1.883206e-02	1.674447e-02	1.043795e-03	-1.239680e-01	-4.885094e-02	-8.463112e-04	-4.927410e-02	4.842778e-02
164           	7.179254e-01	2.992517e-01	4.186737e-01	5.884938e-02	3.131847e-02	2.753090e-02	1.893786e-03	-5.971097e-02	-4.580887e-02	-8.134425e-04	-4.621559e-02	4.540215e-02
165           	7.169223e-01	3.685724e-01	3.483499e-01	6.967378e-02	3.717761e-02	3.249616e-02	2.340725e-03	1.011126e-02	-4.432171e-02	-7.810433e-04	-4.471224e-02	4.393119e-02
166           	7.164851e-01	4.313352e-01	2.851499e-01	6.620094e-02	3.539463e-02	3.080631e-02	2.294161e-03	7.309265e-02	-4.567095e-02	-7.684540e-04	-4.605518e-02	4.528672e-02
167           	7.169342e-01	4.776110e-01	2.393232e-01	4.913884e-02	2.633350e-02	2.280534e-02	1.764079e-03	1.191439e-01	-4.926243e-02	-7.951842e-04	-4.966002e-02	4.886484e-02
168           	7.182389e-01	4.998879e-01	2.183510e-01	2.176211e-02	1.174000e-02	1.002212e-02	8.589390e-04	1.407684e-01	-5.275567e-02	-8.643485e-04	-5.318784e-02	5.232349e-02
169           	7.197679e-01	4.954599e-01	2.243080e-01	-1.040989e-02	-5.432537e-03	-4.977355e-03	-2.275910e-04	1.355760e-01	-5.375791e-02	-9.564603e-04	-5.423614e-02	5.327968e-02
170           	7.205069e-01	4.651045e-01	2.554024e-01	-4.091845e-02	-2.174312e-02	-1.917534e-02	-1.283890e-03	1.048511e-01	-5.122803e-02	-1.030244e-03	-5.174316e-02	5.071291e-02
171           	7.201120e-01	4.144669e-01	3.056450e-01	-6.388527e-02	-3.405189e-02	-2.983338e-02	-2.109258e-03	5.441096e-02	-4.664225e-02	-1.066474e-03	-4.717548e-02	4.610901e-02
172           	7.191387e-01	3.522883e-01	3.668504e-01	-7.531207e-02	-4.021655e-02	-3.509552e-02	-2.560513e-03	-7.281027e-03	-4.283973e-02	-1.059655e-03	-4.336956e-02	4.230990e-02
173           	7.181329e-01	2.894218e-01	4.287111e-01	-7.365762e-02	-3.941500e-02	-3.424262e-02	-2.586193e-03	-6.964462e-02	-4.230273e-02	-1.035253e-03	-4.282036e-02	4.178510e-02
174           	7.177159e-01	2.358117e-01	4.819041e-01	-5.982637e-02	-3.212737e-02	-2.769900e-02	-2.214186e-03	-1.230462e-01	-4.526195e-02	-1.018967e-03	-4.577144e-02	4.475247e-02
175           	7.181693e-01	1.999850e-01	5.181843e-01	-3.689875e-02	-1.998223e-02	-1.691653e-02	-1.532849e-03	-1.590997e-01	-5.006966e-02	-1.032711e-03	-5.058602e-02	4.955331e-02
176           	7.191274e-01	1.865134e-01	5.326140e-01	-9.691310e-03	-5.547707e-03	-4.143603e-03	-7.020522e-04	-1.730503e-01	-5.359439e-02	-1.071127e-03	-5.412996e-02	5.305883e-02
177           	7.199447e-01	1.965971e-01	5.233475e-01	1.616143e-02	8.190869e-03	7.970564e-03	1.101527e-04	-1.633752e-01	-5.392094e-02	-1.100449e-03	-5.447117e-02	5.337072e-02
178           	7.200582e-01	2.275017e-01	4.925564e-01	3.569407e-02	1.860879e-02	1.708528e-02	7.617585e-04	-1.325274e-01	-5.111655e-02	-1.104389e-03	-5.166875e-02	5.056436e-02
179           	7.193461e-01	2.745404e-01	4.448058e-01	4.583993e-02	2.407175e-02	2.176818e-02	1.151786e-03	-8.513269e-02	-4.723153e-02	-1.079820e-03	-4.777144e-02	4.669162e-02
180           	7.182838e-01	3.306079e-01	3.876759e-01	4.577781e-02	2.411935e-02	2.165845e-02	1.230450e-03	-2.853399e-02	-4.454880e-02	-1.046191e-03	-4.507190e-02	4.402571e-02
181           	7.177129e-01	3.877363e-01	3.299766e-01	3.654910e-02	1.928257e-02	1.726653e-02	1.008024e-03	2.887984e-02	-4.476916e-02	-1.029965e-03	-4.528414e-02	4.425418e-02
182           	7.182437e-01	4.370168e-01	2.812268e-01	2.055920e-02	1.082343e-02	9.735765e-03	5.438344e-04	7.789498e-02	-4.763257e-02	-1.044065e-03	-4.815460e-02	4.711054e-02
183           	7.196751e-01	4.710809e-01	2.485942e-01	1.330664e-03	6.150812e-04	7.155833e-04	-5.025103e-05	1.112433e-01	-5.119520e-02	-1.087959e-03	-5.173918e-02	5.065123e-02
184           	7.210944e-01	4.843706e-01	2.367239e-01	-1.726809e-02	-9.279548e-03	-7.988540e-03	-6.455041e-04	1.238233e-01	-5.283518e-02	-1.130861e-03	-5.340061e-02	5.226975e-02
185           	7.217489e-01	4.753308e-01	2.464180e-01	-3.175521e-02	-1.700646e-02	-1.474875e-02	-1.128851e-03	1.144564e-01	-5.165816e-02	-1.157633e-03	-5.223698e-02	5.107935e-02
186           	7.212636e-01	4.449704e-01	2.762931e-01	-3.989339e-02	-2.138491e-02	-1.850849e-02	-1.438209e-03	8.433865e-02	-4.831543e-02	-1.160667e-03	-4.889576e-02	4.773510e-02
187           	7.197039e-01	3.976312e-01	3.220727e-01	-4.107626e-02	-2.208527e-02	-1.899098e-02	-1.547145e-03	3.777923e-02	-4.451740e-02	-1.148445e-03	-4.509162e-02	4.394318e-02
188           	7.179116e-01	3.398592e-01	3.780524e-01	-3.613694e-02	-1.953401e-02	-1.660292e-02	-1.465545e-03	-1.909663e-02	-4.204925e-02	-1.131629e-03	-4.261506e-02	4.148343e-02
189           	7.168466e-01	2.807854e-01	4.360611e-01	-2.665604e-02	-1.455457e-02	-1.210148e-02	-1.226544e-03	-7.763784e-02	-4.228634e-02	-1.128204e-03	-4.285045e-02	4.172224e-02
190           	7.169516e-01	2.293623e-01	4.875892e-01	-1.472274e-02	-8.243881e-03	-6.478857e-03	-8.825119e-04	-1.291135e-01	-4.451713e-02	-1.143821e-03	-4.508904e-02	4.394522e-02
191           	7.179696e-01	1.938712e-01	5.240984e-01	-2.554188e-03	-1.778723e-03	-7.754643e-04	-5.016295e-04	-1.651136e-01	-4.711105e-02	-1.170326e-03	-4.769621e-02	4.652589e-02
192           	7.190712e-01	1.792391e-01	5.398321e-01	7.627381e-03	3.655183e-03	3.972197e-03	-1.585070e-04	-1.802965e-01	-4.847931e-02	-1.194325e-03	-4.907647e-02	4.788214e-02
193           	7.195097e-01	1.875018e-01	5.320079e-01	1.407785e-02	7.124160e-03	6.953689e-03	8.523556e-05	-1.722530e-01	-4.803810e-02	-1.206060e-03	-4.864113e-02	4.743507e-02
194           	7.190322e-01	2.169735e-01	5.020588e-01	1.599604e-02	8.203909e-03	7.792130e-03	2.058895e-04	-1.425427e-01	-4.613550e-02	-1.199177e-03	-4.673509e-02	4.553591e-02
195           	7.179454e-01	2.639272e-01	4.540181e-01	1.384521e-02	7.139348e-03	6.705859e-03	2.167445e-04	-9.504546e-02	-4.363599e-02	-1.177692e-03	-4.422484e-02	4.304715e-02
196           	7.169001e-01	3.215715e-01	3.953286e-01	8.742315e-03	4.508556e-03	4.233759e-03	1.373985e-04	-3.687857e-02	-4.172865e-02	-1.147680e-03	-4.230249e-02	4.115481e-02
197           	7.166900e-01	3.815544e-01	3.351356e-01	2.021073e-03	9.991197e-04	1.021954e-03	-1.141690e-05	2.320940e-02	-4.164524e-02	-1.120474e-03	-4.220547e-02	4.108500e-02
198           	7.174334e-01	4.339313e-01	2.835021e-01	-5.108051e-03	-2.759120e-03	-2.348931e-03	-2.050942e-04	7.521456e-02	-4.307373e-02	-1.099562e-03	-4.362351e-02	4.252395e-02
199           	7.185200e-01	4.699471e-01	2.485730e-01	-1.150470e-02	-6.160563e-03	-5.344140e-03	-4.082118e-04	1.106871e-01	-4.505561e-02	-1.085028e-03	-4.559813e-02	4.451310e-02
200           	7.191526e-01	4.830564e-01	2.360962e-01	-1.608279e-02	-8.617259e-03	-7.465529e-03	-5.758651e-04	1.234801e-01	-4.602424e-02	-1.077194e-03	-4.656283e-02	4.548564e-02
201           	7.187934e-01	4.713137e-01	2.474796e-01	-1.815947e-02	-9.754798e-03	-8.404676e-03	-6.750610e-04	1.119170e-01	-4.523240e-02	-1.084922e-03	-4.577486e-02	4.468994e-02
202           	7.174929e-01	4.364098e-01	2.810832e-01	-1.780992e-02	-9.612105e-03	-8.197816e-03	-7.071443e-04	7.766329e-02	-4.263553e-02	-1.100966e-03	-4.318601e-02	4.208505e-02
203           	7.156083e-01	3.837501e-01	3.318583e-01	-1.588348e-02	-8.637862e-03	-7.245619e-03	-6.961217e-04	2.594592e-02	-3.915567e-02	-1.125261e-03	-3.971830e-02	3.859304e-02
204           	7.138758e-01	3.208096e-01	3.930661e-01	-1.337705e-02	-7.349246e-03	-6.027807e-03	-6.607199e-04	-3.612824e-02	-3.611557e-02	-1.142021e-03	-3.668658e-02	3.554456e-02
205           	7.131051e-01	2.574333e-01	4.556719e-01	-1.099689e-02	-6.110620e-03	-4.886271e-03	-6.121745e-04	-9.911929e-02	-3.486136e-02	-1.159994e-03	-3.544136e-02	3.428136e-02
206           	7.134216e-01	2.031391e-01	5.102824e-01	-9.051003e-03	-5.081640e-03	-3.969363e-03	-5.561386e-04	-1.535716e-01	-3.560452e-02	-1.174430e-03	-3.619173e-02	3.501730e-02
207           	7.143262e-01	1.665676e-01	5.477586e-01	-7.743346e-03	-4.371961e-03	-3.371385e-03	-5.002881e-04	-1.905955e-01	-3.787871e-02	-1.188827e-03	-3.847312e-02	3.728430e-02
208           	7.151678e-01	1.526792e-01	5.624886e-01	-7.243939e-03	-4.082313e-03	-3.161626e-03	-4.603439e-04	-2.049047e-01	-4.023621e-02	-1.194643e-03	-4.083353e-02	3.963889e-02
209           	7.154407e-01	1.630587e-01	5.523820e-01	-7.557819e-03	-4.223083e-03	-3.334736e-03	-4.441732e-04	-1.946617e-01	-4.174055e-02	-1.191333e-03	-4.233622e-02	4.114489e-02
210           	7.150586e-01	1.951124e-01	5.199463e-01	-8.177683e-03	-4.514494e-03	-3.663189e-03	-4.256522e-04	-1.624170e-01	-4.179718e-02	-1.167660e-03	-4.238101e-02	4.121335e-02
211           	7.140499e-01	2.442589e-01	4.697910e-01	-8.279508e-03	-4.504440e-03	-3.775068e-03	-3.646862e-04	-1.127660e-01	-4.059931e-02	-1.127630e-03	-4.116312e-02	4.003549e-02
212           	7.128214e-01	3.033414e-01	4.094800e-01	-7.236338e-03	-3.864180e-03	-3.372158e-03	-2.460111e-04	-5.306931e-02	-3.868182e-02	-1.069760e-03	-3.921670e-02	3.814694e-02
213           	7.121525e-01	3.641070e-01	3.480456e-01	-5.033579e-03	-2.602676e-03	-2.430903e-03	-8.588632e-05	8.030678e-03	-3.732885e-02	-1.010215e-03	-3.783395e-02	3.682374e-02
214           	7.123904e-01	4.168469e-01	2.955435e-01	-2.253079e-03	-1.051445e-03	-1.201633e-03	7.509407e-05	6.065173e-02	-3.706049e-02	-9.559565e-04	-3.753846e-02	3.658251e-02
215           	7.132222e-01	4.531907e-01	2.600315e-01	2.819875e-04	3.345840e-04	-5.259651e-05	1.935903e-04	9.657955e-02	-3.785820e-02	-9.269841e-04	-3.832170e-02	3.739471e-02
216           	7.139892e-01	4.668466e-01	2.471426e-01	1.828722e-03	1.158426e-03	6.702958e-04	2.440651e-04	1.098520e-01	-3.874055e-02	-9.222447e-04	-3.920167e-02	3.827943e-02
217           	7.140388e-01	4.562885e-01	2.577503e-01	1.837053e-03	1.136263e-03	7.007900e-04	2.177362e-04	9.926907e-02	-3.880093e-02	-9.470815e-04	-3.927447e-02	3.832739e-02
218           	7.131492e-01	4.234097e-01	2.897396e-01	-1.072999e-04	5.502120e-05	-1.623211e-04	1.086712e-04	6.683503e-02	-3.741851e-02	-9.848479e-04	-3.791093e-02	3.692608e-02
219           	7.115106e-01	3.734683e-01	3.380423e-01	-4.159784e-03	-2.167894e-03	-1.991890e-03	-8.800191e-05	1.771299e-02	-3.492273e-02	-1.031687e-03	-3.543857e-02	3.440689e-02
220           	7.096670e-01	3.131164e-01	3.965506e-01	-1.008935e-02	-5.403163e-03	-4.686187e-03	-3.584878e-04	-4.171709e-02	-3.198711e-02	-1.069426e-03	-3.252182e-02	3.145240e-02
221           	7.084763e-01	2.514158e-01	4.570605e-01	-1.695917e-02	-9.131795e-03	-7.827374e-03	-6.522106e-04	-1.028224e-01	-2.989833e-02	-1.095540e-03	-3.044610e-02	2.935056e-02
222           	7.085007e-01	1.973392e-01	5.111615e-01	-2.326681e-02	-1.254030e-02	-1.072651e-02	-9.068917e-04	-1.569112e-01	-2.941207e-02	-1.103767e-03	-2.996396e-02	2.886019e-02
223           	7.094307e-01	1.590967e-01	5.503339e-01	-2.753297e-02	-1.483482e-02	-1.269815e-02	-1.068336e-03	-1.956186e-01	-3.083672e-02	-1.101974e-03	-3.138771e-02	3.028574e-02
224           	7.105890e-01	1.416189e-01	5.689700e-01	-2.880937e-02	-1.551760e-02	-1.329178e-02	-1.112910e-03	-2.136756e-01	-3.364687e-02	-1.088140e-03	-3.419094e-02	3.310280e-02
225           	7.112714e-01	1.468337e-01	5.644377e-01	-2.682613e-02	-1.445519e-02	-1.237094e-02	-1.042123e-03	-2.088020e-01	-3.698278e-02	-1.060730e-03	-3.751314e-02	3.645241e-02
226           	7.111493e-01	1.729039e-01	5.382454e-01	-2.186509e-02	-1.179716e-02	-1.006793e-02	-8.646142e-04	-1.826708e-01	-3.966229e-02	-1.013341e-03	-4.016896e-02	3.915562e-02
227           	7.102599e-01	2.162888e-01	4.939711e-01	-1.458770e-02	-7.875936e-03	-6.711768e-03	-5.820842e-04	-1.388411e-01	-4.092081e-02	-9.512380e-04	-4.139643e-02	4.044520e-02
228           	7.088853e-01	2.710582e-01	4.378271e-01	-5.934103e-03	-3.186285e-03	-2.747818e-03	-2.192339e-04	-8.338444e-02	-4.013257e-02	-8.832796e-04	-4.057421e-02	3.969093e-02
229           	7.077188e-01	3.300435e-01	3.776753e-01	2.687549e-03	1.507572e-03	1.179977e-03	1.637975e-04	-2.381588e-02	-3.816432e-02	-8.200815e-04	-3.857436e-02	3.775428e-02
230           	7.073564e-01	3.843833e-01	3.229731e-01	9.663190e-03	5.317066e-03	4.346124e-03	4.854707e-04	3.070514e-02	-3.632363e-02	-7.710220e-04	-3.670914e-02	3.593812e-02
231           	7.077088e-01	4.257365e-01	2.819724e-01	1.364696e-02	7.500223e-03	6.146740e-03	6.767416e-04	7.188204e-02	-3.576196e-02	-7.512335e-04	-3.613757e-02	3.538634e-02
232           	7.082665e-01	4.468788e-01	2.613877e-01	1.389630e-02	7.652833e-03	6.243472e-03	7.046804e-04	9.274557e-02	-3.655152e-02	-7.569728e-04	-3.693001e-02	3.617304e-02
233           	7.084613e-01	4.447086e-01	2.637527e-01	1.051132e-02	5.833397e-03	4.677927e-03	5.777349e-04	9.047793e-02	-3.798722e-02	-7.931919e-04	-3.838382e-02	3.759063e-02
234           	7.080190e-01	4.195641e-01	2.884549e-01	4.318316e-03	2.491809e-03	1.826508e-03	3.326503e-04	6.555459e-02	-3.872868e-02	-8.487096e-04	-3.915303e-02	3.830432e-02
235           	7.070180e-01	3.755178e-01	3.315002e-01	-3.497079e-03	-1.736357e-03	-1.760722e-03	1.218211e-05	2.200879e-02	-3.802704e-02	-9.163093e-04	-3.848520e-02	3.756889e-02
236           	7.056730e-01	3.183664e-01	3.873066e-01	-1.167437e-02	-6.172527e-03	-5.501845e-03	-3.353414e-04	-3.447011e-02	-3.573927e-02	-9.752685e-04	-3.622690e-02	3.525163e-02
237           	7.044545e-01	2.564723e-01	4.479822e-01	-1.900979e-02	-1.015456e-02	-8.855232e-03	-6.496625e-04	-9.575496e-02	-3.294037e-02	-1.017055e-03	-3.344889e-02	3.243184e-02
238           	7.038483e-01	1.987871e-01	5.050612e-01	-2.439972e-02	-1.308268e-02	-1.131704e-02	-8.828189e-04	-1.531370e-01	-3.119145e-02	-1.032104e-03	-3.170750e-02	3.067539e-02
239           	7.038848e-01	1.544453e-01	5.494395e-01	-2.709226e-02	-1.455296e-02	-1.253930e-02	-1.006832e-03	-1.974971e-01	-3.177843e-02	-1.030859e-03	-3.229386e-02	3.126300e-02
240           	7.043557e-01	1.299328e-01	5.744229e-01	-2.691879e-02	-1.448159e-02	-1.243720e-02	-1.022195e-03	-2.222451e-01	-3.485506e-02	-1.013055e-03	-3.536159e-02	3.434854e-02
241           	7.049519e-01	1.288642e-01	5.760877e-01	-2.429314e-02	-1.309876e-02	-1.119438e-02	-9.521854e-04	-2.236117e-01	-3.940921e-02	-9.882409e-04	-3.990333e-02	3.891509e-02
242           	7.053810e-01	1.505987e-01	5.547822e-01	-1.994988e-02	-1.079830e-02	-9.151574e-03	-8.233653e-04	-2.020917e-01	-4.357273e-02	-9.522429e-04	-4.404885e-02	4.309661e-02
243           	7.053800e-01	1.920379e-01	5.133422e-01	-1.458382e-02	-7.934099e-03	-6.649725e-03	-6.421871e-04	-1.606522e-01	-4.591435e-02	-9.094117e-04	-4.636906e-02	4.545965e-02
244           	7.046891e-01	2.467844e-01	4.579046e-01	-8.719404e-03	-4.770762e-03	-3.948642e-03	-4.110597e-04	-1.055601e-01	-4.544558e-02	-8.617580e-04	-4.587646e-02	4.501471e-02
245           	7.035338e-01	3.068977e-01	3.966360e-01	-2.750403e-03	-1.522594e-03	-1.227809e-03	-1.473927e-04	-4.486916e-02	-4.297088e-02	-8.142053e-04	-4.337798e-02	4.256378e-02
246           	7.025270e-01	3.628112e-01	3.397158e-01	2.791886e-03	1.506914e-03	1.284972e-03	1.109712e-04	1.154766e-02	-4.036306e-02	-7.683233e-04	-4.074723e-02	3.997890e-02
247           	7.020817e-01	4.057642e-01	2.963174e-01	7.302466e-03	3.974401e-03	3.328065e-03	3.231676e-04	5.472338e-02	-3.940385e-02	-7.369972e-04	-3.977234e-02	3.903535e-02
248           	7.022714e-01	4.282999e-01	2.739715e-01	1.024113e-02	5.577596e-03	4.663536e-03	4.570302e-04	7.716416e-02	-4.054099e-02	-7.269077e-04	-4.090444e-02	4.017754e-02
249           	7.028098e-01	4.271198e-01	2.756900e-01	1.130698e-02	6.158698e-03	5.148281e-03	5.052086e-04	7.571489e-02	-4.273039e-02	-7.476416e-04	-4.310421e-02	4.235657e-02
250           	7.032785e-01	4.026123e-01	3.006662e-01	1.041524e-02	5.678994e-03	4.736247e-03	4.713731e-04	5.097303e-02	-4.412443e-02	-7.984564e-04	-4.452366e-02	4.372521e-02
251           	7.032478e-01	3.594885e-01	3.437593e-01	7.586311e-03	4.149695e-03	3.436616e-03	3.565395e-04	7.864605e-03	-4.345461e-02	-8.705424e-04	-4.388988e-02	4.301934e-02
252           	7.025145e-01	3.044220e-01	3.980925e-01	2.802646e-03	1.559137e-03	1.243508e-03	1.578145e-04	-4.683522e-02	-4.063304e-02	-9.405045e-04	-4.110329e-02	4.016279e-02
253           	7.012991e-01	2.461659e-01	4.551332e-01	-3.788769e-03	-2.002626e-03	-1.786143e-03	-1.082413e-04	-1.044836e-01	-3.690657e-02	-9.877546e-04	-3.740045e-02	3.641270e-02
254           	7.002447e-01	1.934669e-01	5.067778e-01	-1.160144e-02	-6.215458e-03	-5.385985e-03	-4.147362e-04	-1.566555e-01	-3.421202e-02	-1.000244e-03	-3.471214e-02	3.371190e-02
255           	6.998542e-01	1.546632e-01	5.451910e-01	-1.964702e-02	-1.055182e-02	-9.095193e-03	-7.283154e-04	-1.952639e-01	-3.414736e-02	-9.907197e-04	-3.464272e-02	3.365200e-02
256           	7.002759e-01	1.350011e-01	5.652748e-01	-2.678395e-02	-1.440987e-02	-1.237407e-02	-1.017900e-03	-2.151369e-01	-3.692413e-02	-9.725640e-04	-3.741041e-02	3.643785e-02
257           	7.012448e-01	1.368034e-01	5.644415e-01	-3.185332e-02	-1.717384e-02	-1.467948e-02	-1.247181e-03	-2.138190e-01	-4.126572e-02	-9.579732e-04	-4.174471e-02	4.078673e-02
258           	7.022603e-01	1.581892e-01	5.440711e-01	-3.377518e-02	-1.826465e-02	-1.551052e-02	-1.377065e-03	-1.929410e-01	-4.508087e-02	-9.477159e-04	-4.555473e-02	4.460701e-02
259           	7.028065e-01	1.948489e-01	5.079576e-01	-3.167344e-02	-1.719325e-02	-1.448019e-02	-1.356534e-03	-1.565544e-01	-4.695345e-02	-9.356287e-04	-4.742126e-02	4.648563e-02
260           	7.025244e-01	2.401002e-01	4.624242e-01	-2.517651e-02	-1.373713e-02	-1.143938e-02	-1.148876e-03	-1.111620e-01	-4.616961e-02	-9.032034e-04	-4.662121e-02	4.571801e-02
261           	7.015234e-01	2.872172e-01	4.143062e-01	-1.471912e-02	-8.118563e-03	-6.600560e-03	-7.590013e-04	-6.354452e-02	-4.336929e-02	-8.443749e-04	-4.379148e-02	4.294710e-02
262           	7.005349e-01	3.292393e-01	3.712956e-01	-1.680646e-03	-1.083561e-03	-5.970851e-04	-2.432380e-04	-2.102816e-02	-4.062390e-02	-7.650416e-04	-4.100642e-02	4.024138e-02
263           	7.001248e-01	3.605706e-01	3.395542e-01	1.175996e-02	6.185806e-03	5.574159e-03	3.058235e-04	1.050822e-02	-3.973803e-02	-6.877447e-04	-4.008190e-02	3.939416e-02
264           	7.004278e-01	3.766653e-01	3.237625e-01	2.310324e-02	1.233149e-02	1.077175e-02	7.798720e-04	2.645143e-02	-4.095943e-02	-6.395923e-04	-4.127923e-02	4.063964e-02
265           	7.011318e-01	3.760977e-01	3.250341e-01	3.004528e-02	1.611187e-02	1.393341e-02	1.089230e-03	2.553182e-02	-4.313897e-02	-6.421552e-04	-4.346005e-02	4.281789e-02
266           	7.017490e-01	3.598626e-01	3.418865e-01	3.105129e-02	1.670133e-02	1.434996e-02	1.175688e-03	8.988062e-03	-4.449497e-02	-6.950247e-04	-4.484248e-02	4.414746e-02
267           	7.018570e-01	3.319319e-01	3.699251e-01	2.566329e-02	1.385088e-02	1.181241e-02	1.019233e-03	-1.899657e-02	-4.372739e-02	-7.830988e-04	-4.411894e-02	4.333585e-02
268           	7.013017e-01	2.969081e-01	4.043935e-01	1.452862e-02	7.894314e-03	6.634304e-03	6.300049e-04	-5.374270e-02	-4.064179e-02	-8.736409e-04	-4.107861e-02	4.020497e-02
269           	7.003340e-01	2.599285e-01	4.404055e-01	-7.226401e-04	-2.971674e-04	-4.254726e-04	6.415261e-05	-9.023850e-02	-3.654098e-02	-9.406767e-04	-3.701132e-02	3.607064e-02
270           	6.995488e-01	2.252485e-01	4.743004e-01	-1.753711e-02	-9.352119e-03	-8.184994e-03	-5.835624e-04	-1.245260e-01	-3.333488e-02	-9.758561e-04	-3.382280e-02	3.284695e-02
271           	6.993594e-01	1.970656e-01	5.022938e-01	-3.291271e-02	-1.765797e-02	-1.525474e-02	-1.201618e-03	-1.526141e-01	-3.262245e-02	-9.940397e-04	-3.311946e-02	3.212543e-02
272           	6.998020e-01	1.779089e-01	5.218932e-01	-4.400301e-02	-2.368843e-02	-2.031458e-02	-1.686926e-03	-1.719922e-01	-3.477166e-02	-1.007725e-03	-3.527552e-02	3.426780e-02
273           	7.005938e-01	1.693419e-01	5.312519e-01	-4.874745e-02	-2.632996e-02	-2.241749e-02	-1.956238e-03	-1.809550e-01	-3.876391e-02	-1.022273e-03	-3.927505e-02	3.825278e-02
274           	7.014294e-01	1.710457e-01	5.303837e-01	-4.622291e-02	-2.507579e-02	-2.114712e-02	-1.964339e-03	-1.796690e-01	-4.269448e-02	-1.026464e-03	-4.320771e-02	4.218124e-02
275           	7.020247e-01	1.822654e-01	5.197594e-01	-3.681001e-02	-2.010692e-02	-1.670308e-02	-1.701921e-03	-1.687470e-01	-4.519613e-02	-1.008623e-03	-4.570044e-02	4.469181e-02
276           	7.021318e-01	2.012513e-01	5.008805e-01	-2.214803e-02	-1.227263e-02	-9.875401e-03	-1.198613e-03	-1.498146e-01	-4.556511e-02	-9.576982e-04	-4.604396e-02	4.508626e-02
277           	7.016664e-01	2.267282e-01	4.749381e-01	-4.806601e-03	-2.937314e-03	-1.869287e-03	-5.340134e-04	-1.241049e-01	-4.398227e-02	-8.737908e-04	-4.441917e-02	4.354538e-02
278           	7.009255e-01	2.562462e-01	4.446793e-01	1.203176e-02	6.182541e-03	5.849224e-03	1.666584e-04	-9.421656e-02	-4.188967e-02	-7.700967e-04	-4.227472e-02	4.150462e-02
279           	7.003212e-01	2.869577e-01	4.133635e-01	2.529780e-02	1.342024e-02	1.187756e-02	7.713395e-04	-6.320292e-02	-4.098133e-02	-6.782554e-04	-4.132046e-02	4.064220e-02
280           	7.001418e-01	3.146955e-01	3.854462e-01	3.259235e-02	1.745276e-02	1.513958e-02	1.156592e-03	-3.537535e-02	-4.174244e-02	-6.235213e-04	-4.205420e-02	4.143067e-02
281           	7.004484e-01	3.358645e-01	3.645839e-01	3.264212e-02	1.756868e-02	1.507345e-02	1.247616e-03	-1.435973e-02	-4.342523e-02	-6.227970e-04	-4.373663e-02	4.311383e-02
282           	7.010458e-01	3.469770e-01	3.540688e-01	2.567843e-02	1.387879e-02	1.179964e-02	1.039576e-03	-3.545921e-03	-4.444727e-02	-6.769431e-04	-4.478574e-02	4.410880e-02
283           	7.016025e-01	3.463737e-01	3.552288e-01	1.346579e-02	7.333074e-03	6.132721e-03	6.001767e-04	-4.427537e-03	-4.361585e-02	-7.775896e-04	-4.400465e-02	4.322706e-02
284           	7.016891e-01	3.330473e-01	3.686418e-01	-1.255606e-03	-5.977250e-04	-6.578809e-04	3.007794e-05	-1.779723e-02	-4.053102e-02	-8.996218e-04	-4.098084e-02	4.008121e-02
285           	7.010559e-01	3.076961e-01	3.933598e-01	-1.568461e-02	-8.405914e-03	-7.278693e-03	-5.636104e-04	-4.283185e-02	-3.625642e-02	-1.013167e-03	-3.676300e-02	3.574983e-02
286           	6.999734e-01	2.722384e-01	4.277349e-01	-2.743080e-02	-1.479520e-02	-1.263560e-02	-1.079800e-03	-7.774825e-02	-3.254340e-02	-1.096143e-03	-3.309147e-02	3.199533e-02
287           	6.990867e-01	2.312381e-01	4.678486e-01	-3.466113e-02	-1.875842e-02	-1.590270e-02	-1.427862e-03	-1.183052e-01	-3.100919e-02	-1.142988e-03	-3.158068e-02	3.043770e-02
288           	6.989081e-01	1.901087e-01	5.087994e-01	-3.645012e-02	-1.978692e-02	-1.666319e-02	-1.561865e-03	-1.593454e-01	-3.233320e-02	-1.153604e-03	-3.291001e-02	3.175640e-02
289           	6.995459e-01	1.553856e-01	5.441603e-01	-3.319003e-02	-1.808454e-02	-1.510549e-02	-1.489529e-03	-1.943873e-01	-3.594529e-02	-1.135174e-03	-3.651287e-02	3.537770e-02
290           	7.006960e-01	1.325414e-01	5.681546e-01	-2.637373e-02	-1.445662e-02	-1.191712e-02	-1.269750e-03	-2.178066e-01	-4.022342e-02	-1.093675e-03	-4.077025e-02	3.967658e-02
291           	7.018193e-01	1.260051e-01	5.758142e-01	-1.794340e-02	-9.939724e-03	-8.003676e-03	-9.680241e-04	-2.249045e-01	-4.375173e-02	-1.033389e-03	-4.426843e-02	4.323504e-02
292           	7.023383e-01	1.372182e-01	5.651201e-01	-9.529139e-03	-5.395534e-03	-4.133605e-03	-6.309646e-04	-2.139509e-01	-4.543913e-02	-9.562614e-04	-4.591726e-02	4.496100e-02
293           	7.019347e-01	1.658810e-01	5.360536e-01	-2.285247e-03	-1.438924e-03	-8.463232e-04	-2.963006e-04	-1.850863e-01	-4.473271e-02	-8.678044e-04	-4.516661e-02	4.429880e-02
294           	7.009277e-01	2.082972e-01	4.926305e-01	2.988389e-03	1.481070e-03	1.507319e-03	-1.312444e-05	-1.421667e-01	-4.241213e-02	-7.708628e-04	-4.279756e-02	4.202670e-02
295           	7.000374e-01	2.585545e-01	4.414828e-01	6.024014e-03	3.197473e-03	2.826541e-03	1.854665e-04	-9.146416e-02	-4.012171e-02	-6.802148e-04	-4.046182e-02	3.978160e-02
296           	6.998394e-01	3.080068e-01	3.918326e-01	7.062124e-03	3.810807e-03	3.251317e-03	2.797451e-04	-4.191292e-02	-3.896335e-02	-6.161864e-04	-3.927145e-02	3.865526e-02
297           	7.003908e-01	3.479498e-01	3.524410e-01	6.733439e-03	3.646813e-03	3.086627e-03	2.800929e-04	-2.245642e-03	-3.910119e-02	-5.941036e-04	-3.939824e-02	3.880414e-02
298           	7.012590e-01	3.706086e-01	3.306504e-01	5.687420e-03	3.054120e-03	2.633300e-03	2.104101e-04	1.997907e-02	-3.951363e-02	-6.276041e-04	-3.982743e-02	3.919983e-02
299           	7.019374e-01	3.721398e-01	3.297976e-01	4.427364e-03	2.324343e-03	2.103021e-03	1.106610e-04	2.117112e-02	-3.894229e-02	-7.177410e-04	-3.930116e-02	3.858342e-02
300           	7.020089e-01	3.517670e-01	3.502419e-01	3.250010e-03	1.636374e-03	1.613636e-03	1.136878e-05	7.625207e-04	-3.653194e-02	-8.409232e-04	-3.695241e-02	3.611148e-02
301           	7.013690e-01	3.126972e-01	3.886718e-01	1.922595e-03	8.778344e-04	1.044761e-03	-8.346314e-05	-3.798728e-02	-3.262664e-02	-9.595381e-04	-3.310641e-02	3.214687e-02
302           	7.003410e-01	2.606941e-01	4.396469e-01	-2.404845e-04	-3.091175e-04	6.863297e-05	-1.888752e-04	-8.947638e-02	-2.844166e-02	-1.039977e-03	-2.896165e-02	2.792167e-02
303           	6.994288e-01	2.044900e-01	4.949388e-01	-3.939573e-03	-2.286924e-03	-1.652649e-03	-3.171377e-04	-1.452244e-01	-2.577539e-02	-1.069093e-03	-2.630994e-02	2.524084e-02
304           	6.991119e-01	1.532311e-01	5.458808e-01	-9.452770e-03	-5.211673e-03	-4.241097e-03	-4.852878e-04	-1.963249e-01	-2.590943e-02	-1.053786e-03	-2.643633e-02	2.538254e-02
305           	6.996110e-01	1.156046e-01	5.840065e-01	-1.654705e-02	-8.979156e-03	-7.567893e-03	-7.056314e-04	-2.342009e-01	-2.892985e-02	-1.010880e-03	-2.943529e-02	2.842441e-02
306           	7.008008e-01	9.730921e-02	6.034916e-01	-2.445823e-02	-1.320845e-02	-1.124978e-02	-9.793371e-04	-2.530912e-01	-3.339275e-02	-9.588175e-04	-3.387216e-02	3.291334e-02
307           	7.022820e-01	1.014340e-01	6.008480e-01	-3.167510e-02	-1.709528e-02	-1.457982e-02	-1.257733e-03	-2.497070e-01	-3.751818e-02	-9.084949e-04	-3.797243e-02	3.706394e-02
308           	7.034918e-01	1.264751e-01	5.770166e-01	-3.606199e-02	-1.948004e-02	-1.658195e-02	-1.449046e-03	-2.252708e-01	-3.966888e-02	-8.570617e-04	-4.009741e-02	3.924035e-02
309           	7.037868e-01	1.677943e-01	5.359926e-01	-3.567238e-02	-1.929686e-02	-1.637552e-02	-1.460672e-03	-1.840991e-01	-3.907894e-02	-7.944156e-04	-3.947615e-02	3.868173e-02
310           	7.030301e-01	2.179604e-01	4.850697e-01	-2.956860e-02	-1.604004e-02	-1.352857e-02	-1.255734e-03	-1.335547e-01	-3.620624e-02	-7.111097e-04	-3.656179e-02	3.585068e-02
311           	7.018385e-01	2.690987e-01	4.327399e-01	-1.809231e-02	-9.890148e-03	-8.202158e-03	-8.439949e-04	-8.182058e-02	-3.298035e-02	-6.149094e-04	-3.328781e-02	3.267290e-02
312           	7.010322e-01	3.124746e-01	3.885576e-01	-2.781152e-03	-1.669014e-03	-1.112138e-03	-2.784377e-04	-3.804150e-02	-3.112005e-02	-5.254929e-04	-3.138280e-02	3.085731e-02
313           	7.011162e-01	3.409310e-01	3.601852e-01	1.376367e-02	7.222086e-03	6.541581e-03	3.402524e-04	-9.627105e-03	-3.139722e-02	-4.707156e-04	-3.163258e-02	3.116186e-02
314           	7.020616e-01	3.494504e-01	3.526112e-01	2.805563e-02	1.490134e-02	1.315428e-02	8.735299e-04	-1.580422e-03	-3.261929e-02	-4.751644e-04	-3.285687e-02	3.238170e-02
315           	7.031674e-01	3.377496e-01	3.654178e-01	3.665807e-02	1.953195e-02	1.712612e-02	1.202915e-03	-1.383413e-02	-3.298893e-02	-5.445965e-04	-3.326123e-02	3.271663e-02
316           	7.035458e-01	3.089282e-01	3.946177e-01	3.747641e-02	2.000119e-02	1.747522e-02	1.262986e-03	-4.284473e-02	-3.118409e-02	-6.610574e-04	-3.151462e-02	3.085356e-02
317           	7.028393e-01	2.689984e-01	4.338409e-01	2.998808e-02	1.603171e-02	1.395637e-02	1.037666e-03	-8.242123e-02	-2.728445e-02	-7.903779e-04	-2.767964e-02	2.688926e-02
318           	7.014602e-01	2.244798e-01	4.769804e-01	1.500087e-02	8.036721e-03	6.964145e-03	5.362877e-04	-1.262503e-01	-2.275313e-02	-8.931617e-04	-2.319971e-02	2.230655e-02
319           	7.002268e-01	1.827840e-01	5.174428e-01	-5.242733e-03	-2.792559e-03	-2.450175e-03	-1.711922e-04	-1.673294e-01	-1.958597e-02	-9.513906e-04	-2.006167e-02	1.911028e-02
320           	7.000186e-01	1.500901e-01	5.499285e-01	-2.706841e-02	-1.449166e-02	-1.257676e-02	-9.574495e-04	-1.999192e-01	-1.907992e-02	-9.707926e-04	-1.956532e-02	1.859453e-02
321           	7.011339e-01	1.308949e-01	5.702391e-01	-4.587555e-02	-2.459443e-02	-2.128112e-02	-1.656657e-03	-2.196721e-01	-2.134898e-02	-9.675240e-04	-2.183274e-02	2.086521e-02
322           	7.029099e-01	1.259341e-01	5.769758e-01	-5.753249e-02	-3.089738e-02	-2.663511e-02	-2.131137e-03	-2.255208e-01	-2.515972e-02	-9.560509e-04	-2.563775e-02	2.468170e-02
323           	7.043903e-01	1.341350e-01	5.702553e-01	-5.967416e-02	-3.214175e-02	-2.753241e-02	-2.304666e-03	-2.180601e-01	-2.888420e-02	-9.361868e-04	-2.935230e-02	2.841611e-02
324           	7.050744e-01	1.525066e-01	5.525678e-01	-5.182028e-02	-2.804250e-02	-2.377778e-02	-2.132361e-03	-2.000306e-01	-3.121110e-02	-8.979381e-04	-3.166007e-02	3.076214e-02
325           	7.046813e-01	1.778571e-01	5.268241e-01	-3.514856e-02	-1.917700e-02	-1.597156e-02	-1.602717e-03	-1.744835e-01	-3.157880e-02	-8.303472e-04	-3.199397e-02	3.116362e-02
326           	7.034940e-01	2.061403e-01	4.973538e-01	-1.255050e-02	-7.074671e-03	-5.475831e-03	-7.994197e-04	-1.456067e-01	-3.003919e-02	-7.275938e-04	-3.040299e-02	2.967540e-02
327           	7.024792e-01	2.341434e-01	4.683357e-01	1.146667e-02	5.842393e-03	5.624281e-03	1.090558e-04	-1.170961e-01	-2.781194e-02	-6.056497e-04	-2.811476e-02	2.750911e-02
328           	7.022796e-01	2.584436e-01	4.438360e-01	3.190557e-02	1.687849e-02	1.502707e-02	9.257094e-04	-9.269619e-02	-2.624391e-02	-4.919243e-04	-2.648987e-02	2.599795e-02
329           	7.027624e-01	2.766165e-01	4.261459e-01	4.474852e-02	2.386669e-02	2.088183e-02	1.492432e-03	-7.476471e-02	-2.603061e-02	-4.208289e-04	-2.624103e-02	2.582020e-02
330           	7.034903e-01	2.863925e-01	4.170978e-01	4.766173e-02	2.552826e-02	2.213347e-02	1.697394e-03	-6.535268e-02	-2.658301e-02	-4.131981e-04	-2.678961e-02	2.637641e-02
331           	7.038251e-01	2.871848e-01	4.166403e-01	4.026466e-02	2.163597e-02	1.862869e-02	1.503642e-03	-6.472771e-02	-2.646407e-02	-4.778015e-04	-2.670297e-02	2.622517e-02
332           	7.035642e-01	2.794336e-01	4.241307e-01	2.423507e-02	1.307845e-02	1.115662e-02	9.609178e-04	-7.234856e-02	-2.448209e-02	-6.014829e-04	-2.478283e-02	2.418135e-02
333           	7.028615e-01	2.650485e-01	4.378130e-01	3.162916e-03	1.786633e-03	1.376283e-03	2.051746e-04	-8.638227e-02	-2.042112e-02	-7.492244e-04	-2.079573e-02	2.004650e-02
334           	7.021048e-01	2.452897e-01	4.568151e-01	-1.836773e-02	-9.778591e-03	-8.589138e-03	-5.947266e-04	-1.057627e-01	-1.537956e-02	-8.784962e-04	-1.581881e-02	1.494031e-02
335           	7.016930e-01	2.220061e-01	4.796869e-01	-3.606849e-02	-1.931374e-02	-1.675475e-02	-1.279495e-03	-1.288404e-01	-1.105397e-02	-9.707984e-04	-1.153937e-02	1.056857e-02
336           	7.019856e-01	1.968714e-01	5.051141e-01	-4.680475e-02	-2.513504e-02	-2.166970e-02	-1.732670e-03	-1.541214e-01	-9.038587e-03	-1.024195e-03	-9.550684e-03	8.526489e-03
337           	7.027789e-01	1.722750e-01	5.305040e-01	-4.898876e-02	-2.637891e-02	-2.260985e-02	-1.884531e-03	-1.791145e-01	-1.005700e-02	-1.044801e-03	-1.057940e-02	9.534596e-03
338           	7.036078e-01	1.503286e-01	5.532791e-01	-4.286889e-02	-2.317710e-02	-1.969178e-02	-1.742660e-03	-2.014753e-01	-1.340178e-02	-1.035630e-03	-1.391960e-02	1.288397e-02
339           	7.041845e-01	1.341358e-01	5.700487e-01	-3.039472e-02	-1.656689e-02	-1.382783e-02	-1.369527e-03	-2.179564e-01	-1.759494e-02	-9.912097e-04	-1.809055e-02	1.709934e-02
340           	7.045421e-01	1.261504e-01	5.783917e-01	-1.460725e-02	-8.165721e-03	-6.441529e-03	-8.620959e-04	-2.261206e-01	-2.112046e-02	-9.099288e-04	-2.157543e-02	2.066550e-02
341           	7.045279e-01	1.285195e-01	5.760084e-01	1.283983e-03	3.368802e-04	9.471031e-04	-3.051115e-04	-2.237445e-01	-2.283032e-02	-7.967660e-04	-2.322870e-02	2.243194e-02
342           	7.041830e-01	1.418745e-01	5.623085e-01	1.434400e-02	7.374505e-03	6.969491e-03	2.025069e-04	-2.102170e-01	-2.218629e-02	-6.593861e-04	-2.251599e-02	2.185660e-02
343           	7.038654e-01	1.660496e-01	5.378158e-01	2.235317e-02	1.174936e-02	1.060381e-02	5.727722e-04	-1.858831e-01	-2.021705e-02	-5.206325e-04	-2.047737e-02	1.995674e-02
344           	7.039148e-01	1.983562e-01	5.055586e-01	2.449368e-02	1.300699e-02	1.148669e-02	7.601484e-04	-1.536012e-01	-1.825242e-02	-4.133123e-04	-1.845907e-02	1.804576e-02
345           	7.043533e-01	2.346203e-01	4.697330e-01	2.142630e-02	1.147502e-02	9.951277e-03	7.618736e-04	-1.175564e-01	-1.713774e-02	-3.579883e-04	-1.731673e-02	1.695874e-02
346           	7.049093e-01	2.684659e-01	4.364433e-01	1.468753e-02	7.939947e-03	6.747580e-03	5.961834e-04	-8.398869e-02	-1.673142e-02	-3.596797e-04	-1.691126e-02	1.655158e-02
347           	7.051877e-01	2.945757e-01	4.106120e-01	6.010179e-03	3.313058e-03	2.697122e-03	3.079681e-04	-5.801814e-02	-1.583916e-02	-4.198839e-04	-1.604910e-02	1.562922e-02
348           	7.053808e-01	3.075401e-01	3.978408e-01	-2.707688e-03	-1.368321e-03	-1.339367e-03	-1.447686e-05	-4.515036e-02	-1.408574e-02	-5.287589e-04	-1.435012e-02	1.382136e-02
349           	7.050548e-01	3.053501e-01	3.997047e-01	-9.473541e-03	-5.021471e-03	-4.452070e-03	-2.847006e-04	-4.717728e-02	-1.049576e-02	-6.680956e-04	-1.082981e-02	1.016171e-02
350           	7.045877e-01	2.869585e-01	4.176291e-01	-1.338144e-02	-7.167280e-03	-6.214164e-03	-4.765583e-04	-6.533530e-02	-6.009551e-03	-8.071114e-04	-6.413107e-03	5.605995e-03
351           	7.042724e-01	2.541442e-01	4.501282e-01	-1.482492e-02	-8.011656e-03	-6.813262e-03	-5.991969e-04	-9.799199e-02	-2.218214e-03	-9.173349e-04	-2.676882e-03	1.759547e-03
352           	7.041149e-01	2.108074e-01	4.933076e-01	-1.475230e-02	-8.048169e-03	-6.704130e-03	-6.720199e-04	-1.412501e-01	-5.315247e-04	-9.826823e-04	-1.022866e-03	4.018349e-05
353           	7.040429e-01	1.635972e-01	5.404457e-01	-1.389544e-02	-7.642647e-03	-6.252793e-03	-6.949270e-04	-1.884242e-01	-1.736158e-03	-9.977117e-04	-2.235013e-03	1.237302e-03
354           	7.042338e-01	1.196265e-01	5.846073e-01	-1.281844e-02	-7.112368e-03	-5.706069e-03	-7.031497e-04	-2.324904e-01	-5.531940e-03	-9.630111e-04	-6.013446e-03	5.050434e-03
355           	7.046694e-01	8.641250e-02	6.182569e-01	-1.187436e-02	-6.661478e-03	-5.212882e-03	-7.242981e-04	-2.659222e-01	-1.064417e-02	-8.898087e-04	-1.108908e-02	1.019927e-02
356           	7.054673e-01	7.001506e-02	6.354522e-01	-1.102594e-02	-6.252101e-03	-4.773844e-03	-7.391285e-04	-2.827186e-01	-1.535136e-02	-7.965951e-04	-1.574965e-02	1.495306e-02
357           	7.065097e-01	7.464758e-02	6.318621e-01	-9.467118e-03	-5.411982e-03	-4.055136e-03	-6.784230e-04	-2.786073e-01	-1.811084e-02	-7.017338e-04	-1.846171e-02	1.775997e-02
358           	7.071225e-01	1.001237e-01	6.069989e-01	-6.099503e-03	-3.541312e-03	-2.558191e-03	-4.915607e-04	-2.534376e-01	-1.795102e-02	-6.099962e-04	-1.825601e-02	1.764602e-02
359           	7.067801e-01	1.427754e-01	5.640047e-01	-7.802851e-04	-5.928238e-04	-1.874613e-04	-2.026813e-04	-2.106147e-01	-1.544143e-02	-5.192749e-04	-1.570106e-02	1.518179e-02
360           	7.059331e-01	1.956531e-01	5.102800e-01	5.533280e-03	2.891771e-03	2.641508e-03	1.251317e-04	-1.573134e-01	-1.250290e-02	-4.373093e-04	-1.272155e-02	1.228424e-02
361           	7.049427e-01	2.503834e-01	4.545593e-01	1.138443e-02	6.115338e-03	5.269094e-03	4.231224e-04	-1.020880e-01	-1.071746e-02	-3.819578e-04	-1.090844e-02	1.052649e-02
362           	7.042288e-01	2.969441e-01	4.072848e-01	1.513930e-02	8.168681e-03	6.970616e-03	5.990327e-04	-5.517037e-02	-1.047562e-02	-3.700027e-04	-1.066062e-02	1.029062e-02
363           	7.041454e-01	3.269333e-01	3.772121e-01	1.537942e-02	8.287579e-03	7.091839e-03	5.978700e-04	-2.513941e-02	-1.073614e-02	-4.152079e-04	-1.094374e-02	1.052854e-02
364           	7.044401e-01	3.345881e-01	3.698521e-01	1.159657e-02	6.215203e-03	5.381364e-03	4.169194e-04	-1.763200e-02	-1.001156e-02	-5.186867e-04	-1.027090e-02	9.752214e-03
365           	7.042878e-01	3.190522e-01	3.852357e-01	4.668068e-03	2.450355e-03	2.217714e-03	1.163205e-04	-3.309176e-02	-7.430900e-03	-6.611873e-04	-7.761494e-03	7.100306e-03
366           	7.032797e-01	2.825664e-01	4.207132e-01	-3.683262e-03	-2.081215e-03	-1.602046e-03	-2.395844e-04	-6.907341e-02	-3.790769e-03	-8.047051e-04	-4.193122e-03	3.388417e-03
367           	7.015305e-01	2.308962e-01	4.706343e-01	-1.153240e-02	-6.343112e-03	-5.189289e-03	-5.769118e-04	-1.198691e-01	-7.719912e-04	-9.144711e-04	-1.229227e-03	3.147556e-04
368           	6.998084e-01	1.719248e-01	5.278836e-01	-1.706155e-02	-9.350802e-03	-7.710747e-03	-8.200275e-04	-1.779794e-01	2.197522e-04	-9.741446e-04	-2.673201e-04	-7.068245e-04
369           	6.990164e-01	1.156552e-01	5.833613e-01	-1.882314e-02	-1.032062e-02	-8.502529e-03	-9.090432e-04	-2.338530e-01	-1.485940e-03	-9.869739e-04	-1.979427e-03	9.924529e-04
370           	6.994551e-01	7.115730e-02	6.282978e-01	-1.634886e-02	-9.011537e-03	-7.337319e-03	-8.371090e-04	-2.785703e-01	-5.086281e-03	-9.666501e-04	-5.569606e-03	4.602956e-03
371           	7.007073e-01	4.589306e-02	6.548142e-01	-1.052323e-02	-5.904060e-03	-4.619169e-03	-6.424453e-04	-3.044606e-01	-9.140414e-03	-9.240942e-04	-9.602461e-03	8.678367e-03
372           	7.018561e-01	4.315947e-02	6.586966e-01	-3.119546e-03	-1.944895e-03	-1.174652e-03	-3.851216e-04	-3.077686e-01	-1.223913e-02	-8.683109e-04	-1.267328e-02	1.180497e-02
373           	7.020180e-01	6.314286e-02	6.388751e-01	3.977921e-03	1.878894e-03	2.099026e-03	-1.100659e-04	-2.878661e-01	-1.358908e-02	-8.055205e-04	-1.399184e-02	1.318632e-02
374           	7.008697e-01	1.026227e-01	5.982470e-01	9.202350e-03	4.731023e-03	4.471327e-03	1.298481e-04	-2.478121e-01	-1.277280e-02	-7.334174e-04	-1.313950e-02	1.240609e-02
375           	6.989567e-01	1.564085e-01	5.425482e-01	1.139482e-02	5.975117e-03	5.419700e-03	2.777087e-04	-1.930698e-01	-1.035978e-02	-6.525680e-04	-1.068607e-02	1.003350e-02
376           	6.972943e-01	2.162408e-01	4.810534e-01	1.009102e-02	5.338199e-03	4.752817e-03	2.926912e-04	-1.324063e-01	-7.714995e-03	-5.735992e-04	-8.001795e-03	7.428196e-03
377           	6.966701e-01	2.726644e-01	4.240057e-01	5.909176e-03	3.139352e-03	2.769823e-03	1.847645e-04	-7.567061e-02	-5.945607e-03	-5.169383e-04	-6.204076e-03	5.687138e-03
378           	6.970158e-01	3.153691e-01	3.816467e-01	4.256411e-04	2.090020e-04	2.166391e-04	-3.818563e-06	-3.313878e-02	-5.434078e-03	-4.997045e-04	-5.683930e-03	5.184225e-03
379           	6.975109e-01	3.368186e-01	3.606923e-01	-4.423497e-03	-2.408593e-03	-2.014904e-03	-1.968447e-04	-1.193683e-02	-5.711101e-03	-5.315699e-04	-5.976886e-03	5.445316e-03
380           	6.973441e-01	3.330616e-01	3.642825e-01	-7.027464e-03	-3.845955e-03	-3.181509e-03	-3.322230e-04	-1.561045e-02	-5.749056e-03	-6.101265e-04	-6.054119e-03	5.443993e-03
381           	6.962255e-01	3.048611e-01	3.913645e-01	-6.432593e-03	-3.574127e-03	-2.858466e-03	-3.578306e-04	-4.325171e-02	-4.531056e-03	-7.200547e-04	-4.891084e-03	4.171029e-03
382           	6.946132e-01	2.559887e-01	4.386245e-01	-2.498168e-03	-1.503334e-03	-9.948342e-04	-2.542498e-04	-9.131789e-02	-2.039734e-03	-8.284178e-04	-2.453943e-03	1.625525e-03
383           	6.933502e-01	1.942622e-01	4.990880e-01	3.814311e-03	1.863233e-03	1.951077e-03	-4.392200e-05	-1.524129e-01	7.588995e-04	-9.072714e-04	3.052638e-04	-1.212535e-03
384           	6.930814e-01	1.296970e-01	5.633844e-01	1.037902e-02	5.384255e-03	4.994767e-03	1.947444e-04	-2.168437e-01	2.795987e-03	-9.486465e-04	2.321663e-03	-3.270310e-03
385           	6.938774e-01	7.382484e-02	6.200525e-01	1.453525e-02	7.632175e-03	6.903077e-03	3.645491e-04	-2.731138e-01	3.173408e-03	-9.571958e-04	2.694810e-03	-3.652006e-03
386           	6.952140e-01	3.564569e-02	6.595683e-01	1.428095e-02	7.526731e-03	6.754221e-03	3.862552e-04	-3.119613e-01	1.752393e-03	-9.424726e-04	1.281157e-03	-2.223629e-03
387           	6.964531e-01	2.169377e-02	6.747593e-01	9.041604e-03	4.749003e-03	4.292601e-03	2.282013e-04	-3.265328e-01	-5.160820e-04	-9.167501e-04	-9.744571e-04	5.770692e-05
388           	6.973003e-01	3.435203e-02	6.629482e-01	-4.584624e-04	-3.456776e-04	-1.127847e-04	-1.164465e-04	-3.142981e-01	-2.406190e-03	-8.827038e-04	-2.847542e-03	1.964838e-03
389           	6.976614e-01	7.235759e-02	6.253038e-01	-1.233193e-02	-6.747394e-03	-5.584541e-03	-5.814264e-04	-2.764731e-01	-3.278311e-03	-8.417960e-04	-3.699209e-03	2.857413e-03
390           	6.975942e-01	1.294184e-01	5.681758e-01	-2.359333e-02	-1.282910e-02	-1.076423e-02	-1.032433e-03	-2.193787e-01	-2.729447e-03	-7.890991e-04	-3.123997e-03	2.334897e-03
391           	6.973891e-01	1.956325e-01	5.017566e-01	-3.071082e-02	-1.667472e-02	-1.403610e-02	-1.319310e-03	-1.530621e-01	-8.823633e-04	-7.217674e-04	-1.243247e-03	5.214796e-04
392           	6.973524e-01	2.584921e-01	4.388603e-01	-3.086959e-02	-1.677717e-02	-1.409242e-02	-1.342373e-03	-9.018412e-02	1.218276e-03	-6.449696e-04	8.957912e-04	-1.540761e-03
393           	6.976310e-01	3.068001e-01	3.908309e-01	-2.300964e-02	-1.256627e-02	-1.044337e-02	-1.061452e-03	-4.201543e-02	2.364148e-03	-5.743742e-04	2.076961e-03	-2.651336e-03
394           	6.981133e-01	3.315943e-01	3.665190e-01	-8.094246e-03	-4.565850e-03	-3.528395e-03	-5.187277e-04	-1.746236e-02	2.007587e-03	-5.256099e-04	1.744782e-03	-2.270392e-03
395           	6.986018e-01	3.285348e-01	3.700670e-01	1.099513e-02	5.683634e-03	5.311499e-03	1.860674e-04	-2.076610e-02	8.644224e-04	-5.121378e-04	6.083535e-04	-1.120491e-03
396           	6.988845e-01	2.981151e-01	4.007693e-01	2.996313e-02	1.587257e-02	1.409057e-02	8.910018e-04	-5.132709e-02	1.330530e-04	-5.374918e-04	-1.356929e-04	-4.017989e-04
397           	6.987588e-01	2.470181e-01	4.517407e-01	4.420126e-02	2.353632e-02	2.066494e-02	1.435687e-03	-1.023613e-01	9.684340e-04	-5.979289e-04	6.694696e-04	-1.267398e-03
398           	6.983832e-01	1.852537e-01	5.131294e-01	5.000419e-02	2.669446e-02	2.330973e-02	1.692362e-03	-1.639378e-01	3.687362e-03	-6.796118e-04	3.347556e-03	-4.027168e-03
399           	6.982511e-01	1.251699e-01	5.730812e-01	4.528201e-02	2.422398e-02	2.105803e-02	1.582973e-03	-2.239557e-01	7.638655e-03	-7.606285e-04	7.258341e-03	-8.018970e-03
400           	6.986610e-01	7.743968e-02	6.212213e-01	3.019270e-02	1.619203e-02	1.400068e-02	1.095674e-03	-2.718908e-01	1.129329e-02	-8.269046e-04	1.087984e-02	-1.170674e-02
401           	6.997735e-01	5.034527e-02	6.494283e-01	7.370147e-03	4.000167e-03	3.369980e-03	3.150936e-04	-2.995415e-01	1.319816e-02	-8.808591e-04	1.275773e-02	-1.363859e-02
402           	7.015689e-01	4.772078e-02	6.538481e-01	-1.823875e-02	-9.719235e-03	-8.519515e-03	-5.998600e-04	-3.030637e-01	1.256443e-02	-9.202615e-04	1.210430e-02	-1.302456e-02
403           	7.035422e-01	6.928203e-02	6.342602e-01	-4.057021e-02	-2.173289e-02	-1.883733e-02	-1.447780e-03	-2.824891e-01	9.466373e-03	-9.458183e-04	8.993464e-03	-9.939282e-03
404           	7.051817e-01	1.099477e-01	5.952340e-01	-5.461305e-02	-2.936458e-02	-2.524847e-02	-2.058053e-03	-2.426432e-01	5.345338e-03	-9.544630e-04	4.868107e-03	-5.822570e-03
405           	7.063600e-01	1.618690e-01	5.444909e-01	-5.731031e-02	-3.093386e-02	-2.637645e-02	-2.278706e-03	-1.913110e-01	2.337016e-03	-9.380927e-04	1.867970e-03	-2.806062e-03
406           	7.067108e-01	2.145188e-01	4.921920e-01	-4.773974e-02	-2.589120e-02	-2.184853e-02	-2.021334e-03	-1.388366e-01	1.692644e-03	-8.873532e-04	1.248967e-03	-2.136320e-03
407           	7.062552e-01	2.585019e-01	4.477533e-01	-2.752860e-02	-1.508951e-02	-1.243909e-02	-1.325209e-03	-9.462573e-02	2.903322e-03	-7.985688e-04	2.504037e-03	-3.302606e-03
408           	7.055466e-01	2.865027e-01	4.190439e-01	-1.155153e-03	-9.492305e-04	-2.059223e-04	-3.716541e-04	-6.627057e-02	4.149383e-03	-6.809638e-04	3.808902e-03	-4.489865e-03
409           	7.050131e-01	2.948393e-01	4.101738e-01	2.533469e-02	1.329267e-02	1.204202e-02	6.253208e-04	-5.766724e-02	3.625403e-03	-5.632669e-04	3.343769e-03	-3.907036e-03
410           	7.049520e-01	2.815610e-01	4.233910e-01	4.582594e-02	2.434501e-02	2.148093e-02	1.432037e-03	-7.091501e-02	1.271627e-03	-4.771636e-04	1.033045e-03	-1.510208e-03
411           	7.054956e-01	2.503746e-01	4.551210e-01	5.607561e-02	2.991503e-02	2.616058e-02	1.877224e-03	-1.023732e-01	-1.218447e-03	-4.465354e-04	-1.441715e-03	9.951796e-04
412           	7.060314e-01	2.078799e-01	4.981516e-01	5.446318e-02	2.910340e-02	2.535978e-02	1.871810e-03	-1.451359e-01	-1.734436e-03	-4.886766e-04	-1.978774e-03	1.490098e-03
413           	7.064025e-01	1.632608e-01	5.431416e-01	4.179736e-02	2.235588e-02	1.944148e-02	1.457197e-03	-1.899404e-01	1.097441e-03	-5.926725e-04	8.011052e-04	-1.393778e-03
414           	7.066267e-01	1.244027e-01	5.822240e-01	2.162198e-02	1.158734e-02	1.003464e-02	7.763488e-04	-2.289107e-01	6.722906e-03	-7.266345e-04	6.359588e-03	-7.086223e-03
415           	7.069648e-01	9.755529e-02	6.094096e-01	-7.475726e-04	-3.530561e-04	-3.945164e-04	2.073015e-05	-2.559271e-01	1.288118e-02	-8.590542e-04	1.245165e-02	-1.331070e-02
416           	7.075755e-01	8.616293e-02	6.214125e-01	-2.062433e-02	-1.099227e-02	-9.632066e-03	-6.801017e-04	-2.676248e-01	1.730365e-02	-9.704059e-04	1.681845e-02	-1.778885e-02
417           	7.087154e-01	9.312485e-02	6.155905e-01	-3.442654e-02	-1.842094e-02	-1.600560e-02	-1.207668e-03	-2.612328e-01	1.790775e-02	-1.048056e-03	1.738372e-02	-1.843177e-02
418           	7.098441e-01	1.159918e-01	5.938523e-01	-4.010305e-02	-2.152941e-02	-1.857364e-02	-1.477882e-03	-2.389303e-01	1.490296e-02	-1.090677e-03	1.435762e-02	-1.544830e-02
419           	7.108643e-01	1.504336e-01	5.604308e-01	-3.745002e-02	-2.020577e-02	-1.724425e-02	-1.480757e-03	-2.049986e-01	1.045135e-02	-1.101009e-03	9.900844e-03	-1.100185e-02
420           	7.115230e-01	1.893481e-01	5.221748e-01	-2.836829e-02	-1.545584e-02	-1.291245e-02	-1.271694e-03	-1.664134e-01	7.078134e-03	-1.071207e-03	6.542530e-03	-7.613737e-03
421           	7.115020e-01	2.258286e-01	4.856734e-01	-1.585738e-02	-8.832059e-03	-7.025323e-03	-9.033676e-04	-1.299224e-01	5.956200e-03	-9.982810e-04	5.457060e-03	-6.455341e-03
422           	7.106027e-01	2.536384e-01	4.569643e-01	-2.436830e-03	-1.643249e-03	-7.935808e-04	-4.248342e-04	-1.016630e-01	6.361435e-03	-8.788496e-04	5.922010e-03	-6.800860e-03
423           	7.093464e-01	2.674832e-01	4.418632e-01	9.757959e-03	4.941526e-03	4.816433e-03	6.254636e-05	-8.718998e-02	7.329962e-03	-7.238375e-04	6.968043e-03	-7.691881e-03
424           	7.080949e-01	2.652039e-01	4.428910e-01	1.856228e-02	9.719975e-03	8.842307e-03	4.388340e-04	-8.884357e-02	6.855979e-03	-5.592909e-04	6.576334e-03	-7.135625e-03
425           	7.078205e-01	2.481337e-01	4.596868e-01	2.283285e-02	1.206814e-02	1.076471e-02	6.517136e-04	-1.057766e-01	4.585911e-03	-4.240140e-04	4.373904e-03	-4.797918e-03
426           	7.086359e-01	2.198319e-01	4.888040e-01	2.327192e-02	1.236216e-02	1.090976e-02	7.261981e-04	-1.344861e-01	2.266521e-03	-3.507523e-04	2.091145e-03	-2.441897e-03
427           	7.098326e-01	1.864202e-01	5.234124e-01	2.178245e-02	1.161958e-02	1.016286e-02	7.283602e-04	-1.684961e-01	2.188546e-03	-3.516861e-04	2.012703e-03	-2.364389e-03
428           	7.104598e-01	1.534013e-01	5.570585e-01	1.971261e-02	1.054452e-02	9.168090e-03	6.882141e-04	-2.018286e-01	5.603678e-03	-4.179878e-04	5.394684e-03	-5.812672e-03
429           	7.105853e-01	1.282298e-01	5.823555e-01	1.699372e-02	9.123545e-03	7.870177e-03	6.266841e-04	-2.270628e-01	1.172558e-02	-5.274999e-04	1.146183e-02	-1.198933e-02
430           	7.100036e-01	1.146083e-01	5.953953e-01	1.396034e-02	7.552168e-03	6.408176e-03	5.719960e-04	-2.403935e-01	1.898841e-02	-6.494299e-04	1.866369e-02	-1.931312e-02
431           	7.095159e-01	1.149181e-01	5.945978e-01	1.041238e-02	5.700348e-03	4.712028e-03	4.941603e-04	-2.398399e-01	2.466263e-02	-7.585527e-04	2.428336e-02	-2.504191e-02
432           	7.098668e-01	1.279901e-01	5.818767e-01	5.131063e-03	2.869247e-03	2.261816e-03	3.037152e-04	-2.269433e-01	2.690503e-02	-8.466051e-04	2.648173e-02	-2.732834e-02
433           	7.108696e-01	1.503563e-01	5.605133e-01	-3.206797e-03	-1.655116e-03	-1.551681e-03	-5.171718e-05	-2.050785e-01	2.575157e-02	-9.078425e-04	2.529765e-02	-2.620550e-02
434           	7.116652e-01	1.765733e-01	5.350919e-01	-1.431067e-02	-7.698348e-03	-6.612317e-03	-5.430153e-04	-1.792593e-01	2.286692e-02	-9.380983e-04	2.239787e-02	-2.333597e-02
435           	7.117186e-01	2.018297e-01	5.098889e-01	-2.604787e-02	-1.409451e-02	-1.195336e-02	-1.070579e-03	-1.540296e-01	2.004121e-02	-9.284799e-04	1.957697e-02	-2.050545e-02
436           	7.111033e-01	2.211661e-01	4.899372e-01	-3.573562e-02	-1.940253e-02	-1.633309e-02	-1.534719e-03	-1.343855e-01	1.833081e-02	-8.722776e-04	1.789467e-02	-1.876695e-02
437           	7.101669e-01	2.315730e-01	4.785939e-01	-4.058509e-02	-2.208948e-02	-1.849560e-02	-1.796940e-03	-1.235105e-01	1.765643e-02	-7.689372e-04	1.727196e-02	-1.804090e-02
438           	7.094579e-01	2.321575e-01	4.773004e-01	-3.792488e-02	-2.068199e-02	-1.724289e-02	-1.719549e-03	-1.225715e-01	1.726722e-02	-6.270654e-04	1.695369e-02	-1.758076e-02
439           	7.094352e-01	2.249945e-01	4.844408e-01	-2.600317e-02	-1.424207e-02	-1.176110e-02	-1.240485e-03	-1.297232e-01	1.628933e-02	-4.625011e-04	1.605808e-02	-1.652058e-02
440           	7.097229e-01	2.123219e-01	4.974010e-01	-5.695486e-03	-3.282593e-03	-2.412894e-03	-4.348494e-04	-1.425396e-01	1.453198e-02	-2.949375e-04	1.438451e-02	-1.467945e-02
441           	7.099979e-01	1.968857e-01	5.131121e-01	1.922339e-02	1.013640e-02	9.086996e-03	5.246997e-04	-1.581132e-01	1.278270e-02	-1.552822e-04	1.270505e-02	-1.286034e-02
442           	7.100729e-01	1.809696e-01	5.291033e-01	4.354784e-02	2.323691e-02	2.031093e-02	1.462989e-03	-1.740669e-01	1.259167e-02	-7.264804e-05	1.255535e-02	-1.262799e-02
443           	7.097028e-01	1.671965e-01	5.425062e-01	6.172081e-02	3.304587e-02	2.867494e-02	2.185466e-03	-1.876549e-01	1.531417e-02	-6.625686e-05	1.528105e-02	-1.534730e-02
444           	7.092522e-01	1.569873e-01	5.522648e-01	6.877851e-02	3.688330e-02	3.189521e-02	2.494045e-03	-1.976388e-01	2.097723e-02	-1.307405e-04	2.091186e-02	-2.104260e-02
445           	7.092801e-01	1.510187e-01	5.582614e-01	6.179649e-02	3.319514e-02	2.860135e-02	2.296895e-03	-2.036213e-01	2.814373e-02	-2.471822e-04	2.802014e-02	-2.826732e-02
446           	7.095614e-01	1.480278e-01	5.615335e-01	4.139214e-02	2.232448e-02	1.906766e-02	1.628411e-03	-2.067529e-01	3.491877e-02	-3.825857e-04	3.472748e-02	-3.511007e-02
447           	7.096967e-01	1.473950e-01	5.623017e-01	1.166035e-02	6.449659e-03	5.210690e-03	6.194846e-04	-2.074534e-01	3.926571e-02	-5.103310e-04	3.901055e-02	-3.952088e-02
448           	7.094441e-01	1.485762e-01	5.608679e-01	-2.150818e-02	-1.132887e-02	-1.017931e-02	-5.747788e-04	-2.061459e-01	3.998959e-02	-6.153515e-04	3.968192e-02	-4.029727e-02
449           	7.089122e-01	1.527958e-01	5.561164e-01	-5.146103e-02	-2.744756e-02	-2.401347e-02	-1.717048e-03	-2.016603e-01	3.777971e-02	-6.923677e-04	3.743353e-02	-3.812590e-02
450           	7.084794e-01	1.608462e-01	5.476332e-01	-7.167607e-02	-3.838950e-02	-3.328658e-02	-2.551459e-03	-1.933935e-01	3.427636e-02	-7.315246e-04	3.391060e-02	-3.464213e-02
451           	7.087315e-01	1.732238e-01	5.355077e-01	-7.726330e-02	-4.150776e-02	-3.575555e-02	-2.876104e-03	-1.811420e-01	3.101668e-02	-7.215434e-04	3.065591e-02	-3.137745e-02
452           	7.095365e-01	1.886164e-01	5.209201e-01	-6.676952e-02	-3.600848e-02	-3.076105e-02	-2.623715e-03	-1.661518e-01	2.849520e-02	-6.490200e-04	2.817069e-02	-2.881971e-02
453           	7.101195e-01	2.057342e-01	5.043853e-01	-4.255382e-02	-2.311936e-02	-1.943447e-02	-1.842447e-03	-1.493255e-01	2.639772e-02	-5.084137e-04	2.614352e-02	-2.665193e-02
454           	7.097175e-01	2.220958e-01	4.876216e-01	-9.803270e-03	-5.591201e-03	-4.212069e-03	-6.895660e-04	-1.327629e-01	2.398325e-02	-3.061854e-04	2.383016e-02	-2.413634e-02
455           	7.084783e-01	2.345176e-01	4.739607e-01	2.486857e-02	1.302955e-02	1.183902e-02	5.952675e-04	-1.197216e-01	2.097299e-02	-8.427267e-05	2.093086e-02	-2.101513e-02
456           	7.071299e-01	2.384836e-01	4.686463e-01	5.445776e-02	2.895780e-02	2.549996e-02	1.728920e-03	-1.150814e-01	1.819023e-02	9.824528e-05	1.823936e-02	-1.814111e-02
457           	7.062075e-01	2.313157e-01	4.748918e-01	7.288544e-02	3.892094e-02	3.396450e-02	2.478218e-03	-1.217880e-01	1.689407e-02	2.025821e-04	1.699536e-02	-1.679278e-02
458           	7.061123e-01	2.123972e-01	4.937151e-01	7.662882e-02	4.102377e-02	3.560505e-02	2.709362e-03	-1.406589e-01	1.820313e-02	2.160892e-04	1.831117e-02	-1.809508e-02
459           	7.066827e-01	1.837267e-01	5.229560e-01	6.549530e-02	3.514985e-02	3.034546e-02	2.402194e-03	-1.696147e-01	2.243411e-02	1.567709e-04	2.251249e-02	-2.235572e-02
460           	7.073934e-01	1.488542e-01	5.585392e-01	4.225933e-02	2.277265e-02	1.948669e-02	1.642979e-03	-2.048425e-01	2.827910e-02	4.224635e-05	2.830023e-02	-2.825798e-02
461           	7.080436e-01	1.146239e-01	5.934197e-01	1.194449e-02	6.586737e-03	5.357751e-03	6.144932e-04	-2.393979e-01	3.342959e-02	-1.057920e-04	3.337670e-02	-3.348249e-02
462           	7.085684e-01	8.921105e-02	6.193574e-01	-1.924241e-02	-1.009468e-02	-9.147732e-03	-4.734714e-04	-2.650732e-01	3.680725e-02	-2.666184e-04	3.667394e-02	-3.694056e-02
463           	7.089190e-01	8.141623e-02	6.275028e-01	-4.463489e-02	-2.372028e-02	-2.091460e-02	-1.402842e-03	-2.730433e-01	3.689862e-02	-4.198150e-04	3.668871e-02	-3.710853e-02
464           	7.091963e-01	9.353905e-02	6.156572e-01	-5.970365e-02	-3.188167e-02	-2.782198e-02	-2.029849e-03	-2.610591e-01	3.400936e-02	-5.437851e-04	3.373747e-02	-3.428125e-02
465           	7.098766e-01	1.252476e-01	5.846290e-01	-6.208816e-02	-3.328450e-02	-2.880366e-02	-2.240424e-03	-2.296907e-01	2.934011e-02	-6.101738e-04	2.903502e-02	-2.964520e-02
466           	7.109499e-01	1.713051e-01	5.396448e-01	-5.200135e-02	-2.801881e-02	-2.398254e-02	-2.018137e-03	-1.841699e-01	2.434628e-02	-5.947123e-04	2.404892e-02	-2.464364e-02
467           	7.120765e-01	2.226850e-01	4.893914e-01	-3.222835e-02	-1.753887e-02	-1.468949e-02	-1.424688e-03	-1.333532e-01	1.967091e-02	-5.028164e-04	1.941950e-02	-1.992232e-02
468           	7.126869e-01	2.679666e-01	4.447203e-01	-7.499216e-03	-4.337506e-03	-3.161710e-03	-5.878982e-04	-8.837687e-02	1.570368e-02	-3.553786e-04	1.552600e-02	-1.588137e-02
469           	7.125520e-01	2.967127e-01	4.158394e-01	1.688017e-02	8.752478e-03	8.127694e-03	3.123917e-04	-5.956336e-02	1.296473e-02	-1.784309e-04	1.287552e-02	-1.305395e-02
470           	7.119885e-01	3.027281e-01	4.092604e-01	3.594401e-02	1.904763e-02	1.689638e-02	1.075623e-03	-5.326619e-02	1.051051e-02	-1.527258e-06	1.050974e-02	-1.051127e-02
471           	7.114740e-01	2.850494e-01	4.264245e-01	4.599181e-02	2.450984e-02	2.148196e-02	1.513940e-03	-7.068755e-02	7.593432e-03	1.477029e-04	7.667283e-03	-7.519580e-03
472           	7.115580e-01	2.456317e-01	4.659262e-01	4.544528e-02	2.427232e-02	2.117295e-02	1.549684e-03	-1.101472e-01	5.116222e-03	2.481769e-04	5.240311e-03	-4.992134e-03
473           	7.124451e-01	1.923994e-01	5.200457e-01	3.575341e-02	1.913617e-02	1.661724e-02	1.259465e-03	-1.638231e-01	4.214874e-03	2.788594e-04	4.354304e-03	-4.075444e-03
474           	7.137554e-01	1.370499e-01	5.767055e-01	2.101192e-02	1.130259e-02	9.709332e-03	7.966286e-04	-2.198278e-01	5.847420e-03	2.337457e-04	5.964293e-03	-5.730547e-03
475           	7.148386e-01	9.113329e-02	6.237053e-01	5.698027e-03	3.147196e-03	2.550831e-03	2.981824e-04	-2.662860e-01	1.062831e-02	1.229063e-04	1.068976e-02	-1.056686e-02
476           	7.160453e-01	6.431292e-02	6.517324e-01	-7.017064e-03	-3.630450e-03	-3.386615e-03	-1.219177e-04	-2.937097e-01	1.638247e-02	-2.685838e-05	1.636904e-02	-1.639590e-02
477           	7.170317e-01	6.044697e-02	6.565847e-01	-1.443551e-02	-7.555757e-03	-6.879756e-03	-3.380003e-04	-2.980689e-01	2.142739e-02	-1.828978e-04	2.133594e-02	-2.151884e-02
478           	7.176878e-01	7.966252e-02	6.380253e-01	-1.533538e-02	-8.009021e-03	-7.326361e-03	-3.413298e-04	-2.791814e-01	2.419984e-02	-3.131344e-04	2.404327e-02	-2.435641e-02
479           	7.183422e-01	1.180432e-01	6.002990e-01	-1.120436e-02	-5.842298e-03	-5.362064e-03	-2.401169e-04	-2.411279e-01	2.353518e-02	-4.088964e-04	2.333074e-02	-2.373963e-02
480           	7.190550e-01	1.667246e-01	5.523303e-01	-5.626452e-03	-2.983954e-03	-2.642498e-03	-1.707277e-04	-1.928029e-01	2.005002e-02	-4.676723e-04	1.981618e-02	-2.028386e-02
481           	7.193310e-01	2.157373e-01	5.035937e-01	-1.882767e-03	-1.140175e-03	-7.425922e-04	-1.987913e-04	-1.439282e-01	1.584614e-02	-4.902078e-04	1.560103e-02	-1.609124e-02
482           	7.189559e-01	2.562904e-01	4.626655e-01	-9.580132e-04	-7.767383e-04	-1.812749e-04	-2.977317e-04	-1.031876e-01	1.309473e-02	-4.788701e-04	1.285530e-02	-1.333417e-02
483           	7.184401e-01	2.824353e-01	4.360048e-01	-2.681442e-03	-1.782267e-03	-8.991756e-04	-4.415455e-04	-7.678474e-02	1.229349e-02	-4.334265e-04	1.207678e-02	-1.251020e-02
484           	7.177888e-01	2.901298e-01	4.276591e-01	-6.734489e-03	-3.997614e-03	-2.736875e-03	-6.303695e-04	-6.876465e-02	1.317530e-02	-3.440243e-04	1.300329e-02	-1.334731e-02
485           	7.175694e-01	2.804504e-01	4.371189e-01	-1.141456e-02	-6.487816e-03	-4.926744e-03	-7.805360e-04	-7.833426e-02	1.388653e-02	-2.101767e-04	1.378144e-02	-1.399162e-02
486           	7.178453e-01	2.574635e-01	4.603818e-01	-1.314433e-02	-7.317682e-03	-5.826646e-03	-7.455182e-04	-1.014592e-01	1.324670e-02	-4.971621e-05	1.322184e-02	-1.327156e-02
487           	7.182021e-01	2.271838e-01	4.910182e-01	-8.489065e-03	-4.677654e-03	-3.811410e-03	-4.331221e-04	-1.319172e-01	1.150559e-02	9.910702e-05	1.155514e-02	-1.145603e-02
488           	7.180174e-01	1.942246e-01	5.237928e-01	2.655618e-03	1.414037e-03	1.241581e-03	8.622831e-05	-1.647841e-01	1.000634e-02	1.916837e-04	1.010218e-02	-9.910500e-03
489           	7.177308e-01	1.639205e-01	5.538103e-01	1.771090e-02	9.565804e-03	8.145095e-03	7.103544e-04	-1.949449e-01	1.095147e-02	1.985728e-04	1.105075e-02	-1.085218e-02
490           	7.172393e-01	1.401082e-01	5.771311e-01	3.318398e-02	1.791822e-02	1.526576e-02	1.326232e-03	-2.185114e-01	1.575848e-02	1.283552e-04	1.582266e-02	-1.569430e-02
491           	7.168756e-01	1.253299e-01	5.915457e-01	4.454361e-02	2.402827e-02	2.051533e-02	1.756469e-03	-2.331079e-01	2.367555e-02	1.321418e-05	2.368216e-02	-2.366894e-02
492           	7.168916e-01	1.190527e-01	5.978389e-01	4.708413e-02	2.538287e-02	2.170126e-02	1.840802e-03	-2.393931e-01	3.223018e-02	-1.094391e-04	3.217546e-02	-3.228490e-02
493           	7.171018e-01	1.200676e-01	5.970342e-01	3.848231e-02	2.077260e-02	1.770970e-02	1.531450e-03	-2.384833e-01	3.910130e-02	-2.179829e-04	3.899231e-02	-3.921029e-02
494           	7.172086e-01	1.270306e-01	5.901779e-01	1.992194e-02	1.080984e-02	9.112098e-03	8.488707e-04	-2.315736e-01	4.246897e-02	-3.125365e-04	4.231270e-02	-4.262524e-02
495           	7.170569e-01	1.394518e-01	5.776051e-01	-5.029931e-03	-2.628739e-03	-2.401192e-03	-1.137736e-04	-2.190766e-01	4.209264e-02	-4.057309e-04	4.188977e-02	-4.229550e-02
496           	7.162642e-01	1.561451e-01	5.601191e-01	-3.114241e-02	-1.673369e-02	-1.440872e-02	-1.162486e-03	-2.019870e-01	3.952593e-02	-4.954883e-04	3.927818e-02	-3.977367e-02
497           	7.152244e-01	1.770182e-01	5.382062e-01	-5.165168e-02	-2.783090e-02	-2.382078e-02	-2.005063e-03	-1.805940e-01	3.710862e-02	-5.625122e-04	3.682737e-02	-3.738988e-02
498           	7.144115e-01	2.006549e-01	5.137566e-01	-6.049297e-02	-3.265844e-02	-2.783453e-02	-2.411953e-03	-1.565508e-01	3.645847e-02	-5.770711e-04	3.616993e-02	-3.674700e-02
499           	7.139719e-01	2.245859e-01	4.893860e-01	-5.511796e-02	-2.984360e-02	-2.527436e-02	-2.284618e-03	-1.324001e-01	3.743557e-02	-5.225201e-04	3.717431e-02	-3.769683e-02
500           	7.135897e-01	2.452460e-01	4.683437e-01	-3.698642e-02	-2.015563e-02	-1.683079e-02	-1.662420e-03	-1.115489e-01	3.872898e-02	-3.914797e-04	3.853324e-02	-3.892472e-02
