# Force and moment coefficients
# dragDir     : (1.000000e+00 0.000000e+00 0.000000e+00)
# sideDir     : (0.000000e+00 0.000000e+00 -1.000000e+00)
# liftDir     : (0.000000e+00 1.000000e+00 0.000000e+00)
# rollAxis    : (1.000000e+00 0.000000e+00 0.000000e+00)
# pitchAxis   : (0.000000e+00 0.000000e+00 -1.000000e+00)
# yawAxis     : (0.000000e+00 1.000000e+00 0.000000e+00)
# magUInf     : 1.250000e+01
# lRef        : 2.140000e-02
# Aref        : 6.840000e-03
# CofR        : (0.000000e+00 0.000000e+00 0.000000e+00)
#
# Time        	Cd            	Cd(f)         	Cd(r)         	Cl            	Cl(f)         	Cl(r)         	CmPitch       	CmRoll        	CmYaw         	Cs            	Cs(f)         	Cs(r)         
1             	1.897707e+02	9.484328e+01	9.492744e+01	6.893311e-02	7.383790e-02	-4.904785e-03	3.937134e-02	-4.208008e-02	-2.806293e+00	-1.542693e-02	-2.814006e+00	2.798579e+00
2             	7.773249e+01	3.853017e+01	3.920232e+01	1.707792e-02	1.486976e-02	2.208152e-03	6.330806e-03	-3.360757e-01	-3.716795e-01	-1.541383e-02	-3.793864e-01	3.639726e-01
3             	-2.701542e+02	-1.396153e+02	-1.305389e+02	6.094918e+00	1.910083e+00	4.184835e+00	-1.137376e+00	-4.538236e+00	-3.348197e+01	4.211435e-01	-3.327140e+01	3.369254e+01
4             	-2.426176e+02	-1.169661e+02	-1.256515e+02	1.093363e+01	3.901038e+00	7.032596e+00	-1.565779e+00	4.342709e+00	-1.726159e+01	-2.950389e-01	-1.740911e+01	1.711407e+01
5             	-1.101460e+02	-4.640367e+01	-6.374231e+01	1.064364e+01	3.630282e+00	7.013353e+00	-1.691536e+00	8.669320e+00	-1.278119e+01	-4.265533e-01	-1.299447e+01	1.256791e+01
6             	1.759883e+01	1.320962e+01	4.389213e+00	4.260713e+00	-3.869296e-01	4.647643e+00	-2.517286e+00	4.410203e+00	-7.563015e+00	-2.338333e-01	-7.679931e+00	7.446098e+00
7             	8.815251e+01	4.770662e+01	4.044590e+01	2.491440e+00	-1.182008e+00	3.673448e+00	-2.427728e+00	3.630359e+00	-4.035051e+00	-1.169811e-01	-4.093541e+00	3.976560e+00
8             	1.118212e+02	6.048840e+01	5.133276e+01	5.112951e-01	-1.114910e+00	1.626205e+00	-1.370557e+00	4.577818e+00	-5.634583e+00	-6.104844e-02	-5.665108e+00	5.604059e+00
9             	1.041735e+02	5.548385e+01	4.868963e+01	-4.578060e+00	-2.961402e+00	-1.616658e+00	-6.723722e-01	3.397109e+00	-5.940405e+00	-3.914830e-02	-5.959980e+00	5.920831e+00
10            	7.726559e+01	4.064224e+01	3.662335e+01	-8.298576e+00	-4.503482e+00	-3.795093e+00	-3.541945e-01	2.009444e+00	-5.259116e+00	-2.323040e-02	-5.270731e+00	5.247501e+00
11            	4.512819e+01	2.194495e+01	2.318323e+01	-1.153926e+01	-6.275801e+00	-5.263458e+00	-5.061715e-01	-6.191404e-01	-4.609258e+00	-1.584870e-02	-4.617182e+00	4.601334e+00
12            	1.936609e+01	5.383983e+00	1.398211e+01	-1.226394e+01	-6.522864e+00	-5.741078e+00	-3.908933e-01	-4.299064e+00	-4.068771e+00	-1.166384e-02	-4.074603e+00	4.062939e+00
13            	3.437397e+00	-3.782844e+00	7.220241e+00	-1.292532e+01	-6.786988e+00	-6.138327e+00	-3.243302e-01	-5.501542e+00	-5.012004e+00	-7.750538e-03	-5.015879e+00	5.008129e+00
14            	-2.000322e+00	-6.526200e+00	4.525878e+00	-1.225604e+01	-6.229640e+00	-6.026396e+00	-1.016219e-01	-5.526039e+00	-5.376223e+00	-5.801733e-03	-5.379124e+00	5.373322e+00
15            	-8.951409e-01	-6.519753e+00	5.624612e+00	-1.165918e+01	-5.735984e+00	-5.923193e+00	9.360494e-02	-6.072183e+00	-4.689120e+00	-9.317892e-03	-4.693779e+00	4.684461e+00
16            	2.671524e+00	-5.307908e+00	7.979432e+00	-1.138379e+01	-5.464323e+00	-5.919462e+00	2.275696e-01	-6.643670e+00	-4.626025e+00	-1.505153e-02	-4.633551e+00	4.618499e+00
17            	6.407704e+00	-2.709818e+00	9.117523e+00	-1.073175e+01	-5.138307e+00	-5.593445e+00	2.275691e-01	-5.913671e+00	-2.783018e+00	-1.637844e-02	-2.791208e+00	2.774829e+00
18            	8.395848e+00	4.606002e-01	7.935248e+00	-9.571077e+00	-4.552067e+00	-5.019010e+00	2.334712e-01	-3.737324e+00	-1.390602e+00	-9.967312e-03	-1.395586e+00	1.385618e+00
19            	8.101184e+00	1.764510e+00	6.336675e+00	-7.571757e+00	-3.631187e+00	-3.940571e+00	1.546922e-01	-2.286082e+00	-1.353683e-01	-7.666075e-03	-1.392013e-01	1.315353e-01
20            	6.255638e+00	2.347949e+00	3.907689e+00	-5.465167e+00	-2.644996e+00	-2.820171e+00	8.758765e-02	-7.798698e-01	5.641297e-02	-2.808478e-03	5.500873e-02	-5.781720e-02
21            	4.207931e+00	2.309221e+00	1.898710e+00	-4.622296e+00	-2.232845e+00	-2.389450e+00	7.830252e-02	2.052554e-01	-1.605929e-01	-2.123114e-03	-1.616544e-01	1.595313e-01
22            	2.373164e+00	2.340751e+00	3.241348e-02	-3.760035e+00	-1.806781e+00	-1.953254e+00	7.323636e-02	1.154169e+00	-1.338952e-01	-2.975157e-03	-1.353828e-01	1.324076e-01
23            	9.753396e-01	2.502728e+00	-1.527389e+00	-2.921122e+00	-1.392191e+00	-1.528932e+00	6.837045e-02	2.015059e+00	6.315404e-02	-5.621634e-04	6.287296e-02	-6.343513e-02
24            	3.179757e-01	2.610508e+00	-2.292532e+00	-2.299975e+00	-1.100745e+00	-1.199230e+00	4.924229e-02	2.451520e+00	1.585606e-01	1.627159e-03	1.593742e-01	-1.577470e-01
25            	8.454643e-02	2.661265e+00	-2.576718e+00	-1.755556e+00	-8.566202e-01	-8.989358e-01	2.115780e-02	2.618992e+00	1.890608e-01	2.628001e-03	1.903748e-01	-1.877468e-01
26            	1.694135e-01	2.611749e+00	-2.442336e+00	-1.359637e+00	-6.946355e-01	-6.650015e-01	-1.481697e-02	2.527043e+00	1.171777e-01	3.028775e-03	1.186921e-01	-1.156633e-01
27            	3.738125e-01	2.490741e+00	-2.116928e+00	-1.022533e+00	-5.501649e-01	-4.723679e-01	-3.889849e-02	2.303834e+00	5.774654e-03	2.468803e-04	5.898094e-03	-5.651214e-03
28            	5.455674e-01	2.354752e+00	-1.809185e+00	-7.994985e-01	-4.594809e-01	-3.400177e-01	-5.973160e-02	2.081968e+00	1.648683e-03	-4.064950e-03	-3.837921e-04	-3.681158e-03
29            	6.816908e-01	2.210762e+00	-1.529071e+00	-6.321170e-01	-3.793536e-01	-2.527634e-01	-6.329510e-02	1.869917e+00	1.460451e-01	-9.261803e-03	1.414142e-01	-1.506760e-01
30            	7.430283e-01	2.054943e+00	-1.311915e+00	-5.146757e-01	-3.209364e-01	-1.937393e-01	-6.359851e-02	1.683429e+00	2.913038e-01	-1.479326e-02	2.839071e-01	-2.987004e-01
31            	8.053941e-01	1.909642e+00	-1.104248e+00	-4.111518e-01	-2.612646e-01	-1.498872e-01	-5.568869e-02	1.506945e+00	4.158782e-01	-1.880955e-02	4.064734e-01	-4.252830e-01
32            	8.775468e-01	1.865578e+00	-9.880310e-01	-3.063720e-01	-2.027386e-01	-1.036334e-01	-4.955262e-02	1.426804e+00	4.167292e-01	-1.873192e-02	4.073632e-01	-4.260951e-01
33            	9.304267e-01	1.917044e+00	-9.866174e-01	-2.218446e-01	-1.503698e-01	-7.147481e-02	-3.944748e-02	1.451831e+00	3.386422e-01	-1.563548e-02	3.308244e-01	-3.464599e-01
34            	9.401605e-01	2.098315e+00	-1.158154e+00	-1.737242e-01	-1.173639e-01	-5.636025e-02	-3.050184e-02	1.628234e+00	2.750701e-01	-1.129780e-02	2.694212e-01	-2.807190e-01
35            	9.149211e-01	2.419365e+00	-1.504444e+00	-1.732253e-01	-1.103640e-01	-6.286131e-02	-2.375136e-02	1.961904e+00	1.944344e-01	-8.102569e-03	1.903831e-01	-1.984857e-01
36            	8.486556e-01	2.848499e+00	-1.999844e+00	-2.109324e-01	-1.249718e-01	-8.596055e-02	-1.950565e-02	2.424172e+00	1.428120e-01	-6.066897e-03	1.397786e-01	-1.458455e-01
37            	7.998063e-01	3.260193e+00	-2.460386e+00	-2.872643e-01	-1.610237e-01	-1.262406e-01	-1.739152e-02	2.860290e+00	4.422051e-02	-5.899756e-03	4.127063e-02	-4.717038e-02
38            	7.900473e-01	3.484380e+00	-2.694332e+00	-3.925749e-01	-2.140976e-01	-1.784773e-01	-1.781012e-02	3.089356e+00	-3.247738e-02	-5.676242e-03	-3.531550e-02	2.963926e-02
39            	8.248466e-01	3.391576e+00	-2.566730e+00	-5.314995e-01	-2.850656e-01	-2.464340e-01	-1.931580e-02	2.979153e+00	-1.196831e-01	-4.966326e-03	-1.221663e-01	1.171999e-01
40            	8.899842e-01	2.950215e+00	-2.060231e+00	-7.100436e-01	-3.769126e-01	-3.331310e-01	-2.189075e-02	2.505223e+00	-2.596384e-01	-3.522771e-03	-2.613998e-01	2.578770e-01
41            	9.541346e-01	2.251736e+00	-1.297602e+00	-9.140620e-01	-4.801039e-01	-4.339581e-01	-2.307290e-02	1.774669e+00	-4.708836e-01	-2.072708e-03	-4.719200e-01	4.698473e-01
42            	1.005294e+00	1.425878e+00	-4.205841e-01	-1.095072e+00	-5.716912e-01	-5.233813e-01	-2.415492e-02	9.232310e-01	-6.756227e-01	-1.164779e-03	-6.762051e-01	6.750404e-01
43            	1.042217e+00	6.222567e-01	4.199599e-01	-1.200008e+00	-6.234376e-01	-5.765708e-01	-2.343341e-02	1.011484e-01	-8.081424e-01	-1.495335e-03	-8.088901e-01	8.073947e-01
44            	1.053966e+00	-5.635781e-02	1.110323e+00	-1.213014e+00	-6.283084e-01	-5.847060e-01	-2.180120e-02	-5.833406e-01	-8.409711e-01	-2.475535e-03	-8.422089e-01	8.397333e-01
45            	1.036712e+00	-5.731116e-01	1.609823e+00	-1.145314e+00	-5.918283e-01	-5.534856e-01	-1.917136e-02	-1.091467e+00	-8.033118e-01	-3.768235e-03	-8.051960e-01	8.014277e-01
46            	9.978508e-01	-9.486967e-01	1.946548e+00	-1.012576e+00	-5.216336e-01	-4.909428e-01	-1.534542e-02	-1.447622e+00	-7.203273e-01	-4.498733e-03	-7.225766e-01	7.180779e-01
47            	9.478922e-01	-1.191485e+00	2.139377e+00	-8.421940e-01	-4.325782e-01	-4.096158e-01	-1.148119e-02	-1.665431e+00	-6.047456e-01	-4.727590e-03	-6.071094e-01	6.023818e-01
48            	9.006285e-01	-1.359711e+00	2.260339e+00	-6.591049e-01	-3.372696e-01	-3.218352e-01	-7.717189e-03	-1.810025e+00	-4.832228e-01	-4.414454e-03	-4.854301e-01	4.810156e-01
49            	8.587891e-01	-1.466226e+00	2.325015e+00	-4.866772e-01	-2.475775e-01	-2.390996e-01	-4.238943e-03	-1.895621e+00	-3.744983e-01	-3.523522e-03	-3.762601e-01	3.727365e-01
50            	8.221143e-01	-1.523967e+00	2.346081e+00	-3.425985e-01	-1.726778e-01	-1.699208e-01	-1.378506e-03	-1.935024e+00	-2.735317e-01	-2.314140e-03	-2.746888e-01	2.723747e-01
51            	7.908728e-01	-1.539105e+00	2.329978e+00	-2.335504e-01	-1.161087e-01	-1.174418e-01	6.665332e-04	-1.934541e+00	-1.931774e-01	-1.093591e-03	-1.937242e-01	1.926306e-01
52            	7.617720e-01	-1.520600e+00	2.282372e+00	-1.605242e-01	-7.846492e-02	-8.205928e-02	1.797183e-03	-1.901486e+00	-1.381896e-01	3.377078e-05	-1.381727e-01	1.382065e-01
53            	7.327107e-01	-1.471947e+00	2.204658e+00	-1.218793e-01	-5.872215e-02	-6.315718e-02	2.217517e-03	-1.838303e+00	-1.138102e-01	7.663338e-04	-1.134271e-01	1.141934e-01
54            	7.018986e-01	-1.402241e+00	2.104140e+00	-1.141273e-01	-5.542350e-02	-5.870382e-02	1.640160e-03	-1.753191e+00	-1.008672e-01	1.329438e-03	-1.002025e-01	1.015320e-01
55            	6.715360e-01	-1.317601e+00	1.989137e+00	-1.293503e-01	-6.460962e-02	-6.474063e-02	6.550407e-05	-1.653369e+00	-9.840677e-02	1.642768e-03	-9.758539e-02	9.922815e-02
56            	6.442850e-01	-1.220128e+00	1.864413e+00	-1.578185e-01	-8.107174e-02	-7.674679e-02	-2.162475e-03	-1.542270e+00	-9.681959e-02	1.685127e-03	-9.597703e-02	9.766216e-02
57            	6.229349e-01	-1.114397e+00	1.737332e+00	-1.904438e-01	-9.962657e-02	-9.081726e-02	-4.404657e-03	-1.425864e+00	-9.572039e-02	1.537401e-03	-9.495168e-02	9.648909e-02
58            	6.081181e-01	-1.009330e+00	1.617448e+00	-2.195559e-01	-1.158317e-01	-1.037242e-01	-6.053761e-03	-1.313389e+00	-9.357020e-02	1.245281e-03	-9.294756e-02	9.419284e-02
59            	5.996807e-01	-9.088292e-01	1.508510e+00	-2.400450e-01	-1.269508e-01	-1.130943e-01	-6.928260e-03	-1.208670e+00	-8.805702e-02	8.113578e-04	-8.765134e-02	8.846270e-02
60            	5.954864e-01	-8.143346e-01	1.409821e+00	-2.497621e-01	-1.319628e-01	-1.177993e-01	-7.081712e-03	-1.112078e+00	-8.398138e-02	2.512767e-04	-8.385574e-02	8.410701e-02
61            	5.942479e-01	-7.277706e-01	1.322018e+00	-2.495092e-01	-1.315060e-01	-1.180032e-01	-6.751423e-03	-1.024895e+00	-8.007627e-02	-3.505840e-04	-8.025157e-02	7.990098e-02
62            	5.950239e-01	-6.506507e-01	1.245675e+00	-2.412778e-01	-1.268348e-01	-1.144430e-01	-6.195921e-03	-9.481626e-01	-7.749195e-02	-9.239924e-04	-7.795395e-02	7.702995e-02
63            	5.969347e-01	-5.823197e-01	1.179254e+00	-2.270301e-01	-1.191383e-01	-1.078918e-01	-5.623266e-03	-8.807871e-01	-7.529183e-02	-1.462387e-03	-7.602302e-02	7.456064e-02
64            	5.978562e-01	-5.214199e-01	1.119276e+00	-2.087107e-01	-1.094812e-01	-9.922943e-02	-5.125904e-03	-8.203480e-01	-7.426565e-02	-1.894165e-03	-7.521273e-02	7.331857e-02
65            	5.966453e-01	-4.632960e-01	1.059941e+00	-1.884260e-01	-9.888990e-02	-8.953612e-02	-4.676891e-03	-7.616187e-01	-7.389893e-02	-2.194431e-03	-7.499615e-02	7.280172e-02
66            	5.931177e-01	-4.029909e-01	9.961086e-01	-1.677886e-01	-8.815816e-02	-7.963045e-02	-4.263853e-03	-6.995498e-01	-7.421364e-02	-2.361533e-03	-7.539440e-02	7.303287e-02
67            	5.876969e-01	-3.343842e-01	9.220812e-01	-1.476785e-01	-7.771864e-02	-6.995984e-02	-3.879400e-03	-6.282327e-01	-7.525470e-02	-2.408842e-03	-7.645912e-02	7.405028e-02
68            	5.813978e-01	-2.622864e-01	8.436842e-01	-1.284094e-01	-6.772278e-02	-6.068658e-02	-3.518101e-03	-5.529853e-01	-7.500751e-02	-2.356533e-03	-7.618578e-02	7.382924e-02
69            	5.750993e-01	-1.866845e-01	7.617838e-01	-1.095006e-01	-5.788594e-02	-5.161467e-02	-3.135636e-03	-4.742341e-01	-7.109432e-02	-2.256475e-03	-7.222256e-02	6.996608e-02
70            	5.693170e-01	-1.173503e-01	6.866673e-01	-9.187321e-02	-4.865211e-02	-4.322110e-02	-2.715502e-03	-4.020088e-01	-6.523053e-02	-2.146815e-03	-6.630394e-02	6.415713e-02
71            	5.653207e-01	-5.988278e-02	6.252034e-01	-7.607512e-02	-4.026618e-02	-3.580894e-02	-2.228619e-03	-3.425431e-01	-5.699218e-02	-2.039769e-03	-5.801206e-02	5.597229e-02
72            	5.634585e-01	-1.988285e-02	5.833414e-01	-6.275798e-02	-3.313725e-02	-2.962073e-02	-1.758263e-03	-3.016121e-01	-4.622623e-02	-1.945232e-03	-4.719885e-02	4.525362e-02
73            	5.634608e-01	8.398436e-04	5.626209e-01	-5.277064e-02	-2.777479e-02	-2.499585e-02	-1.389470e-03	-2.808905e-01	-3.359124e-02	-1.867386e-03	-3.452493e-02	3.265754e-02
74            	5.650561e-01	3.064885e-03	5.619912e-01	-4.717686e-02	-2.482159e-02	-2.235527e-02	-1.233163e-03	-2.794631e-01	-2.010445e-02	-1.803962e-03	-2.100643e-02	1.920247e-02
75            	5.664484e-01	-8.138213e-03	5.745866e-01	-4.638954e-02	-2.454369e-02	-2.184585e-02	-1.348920e-03	-2.913624e-01	-8.415933e-03	-1.746626e-03	-9.289246e-03	7.542620e-03
76            	5.668442e-01	-2.597107e-02	5.928152e-01	-4.974503e-02	-2.658112e-02	-2.316391e-02	-1.708601e-03	-3.093932e-01	3.113905e-04	-1.693158e-03	-5.351886e-04	-1.157970e-03
77            	5.667304e-01	-4.234762e-02	6.090780e-01	-5.557153e-02	-2.998711e-02	-2.558442e-02	-2.201349e-03	-3.257128e-01	6.098249e-03	-1.646752e-03	5.274873e-03	-6.921626e-03
78            	5.668961e-01	-5.122005e-02	6.181161e-01	-6.126353e-02	-3.326694e-02	-2.799659e-02	-2.635171e-03	-3.346681e-01	9.481364e-03	-1.600480e-03	8.681124e-03	-1.028160e-02
79            	5.675449e-01	-4.894009e-02	6.164849e-01	-6.396746e-02	-3.485427e-02	-2.911319e-02	-2.870543e-03	-3.327125e-01	1.088369e-02	-1.549418e-03	1.010898e-02	-1.165840e-02
80            	5.686034e-01	-3.512953e-02	6.037330e-01	-6.158952e-02	-3.363689e-02	-2.795263e-02	-2.842132e-03	-3.194312e-01	1.097391e-02	-1.494452e-03	1.022668e-02	-1.172113e-02
81            	5.704689e-01	-1.078579e-02	5.812547e-01	-5.342267e-02	-2.924842e-02	-2.417425e-02	-2.537083e-03	-2.960202e-01	1.088005e-02	-1.445981e-03	1.015706e-02	-1.160305e-02
82            	5.729131e-01	2.026613e-02	5.526470e-01	-4.059417e-02	-2.230334e-02	-1.829083e-02	-2.006252e-03	-2.661904e-01	1.165351e-02	-1.407389e-03	1.094981e-02	-1.235720e-02
83            	5.759887e-01	5.398375e-02	5.220050e-01	-2.578276e-02	-1.426913e-02	-1.151363e-02	-1.377748e-03	-2.340106e-01	1.367577e-02	-1.374100e-03	1.298872e-02	-1.436282e-02
84            	5.802618e-01	8.551414e-02	4.947476e-01	-1.259266e-02	-7.121068e-03	-5.471591e-03	-8.247387e-04	-2.046167e-01	1.737071e-02	-1.330511e-03	1.670546e-02	-1.803597e-02
85            	5.857460e-01	1.114482e-01	4.742978e-01	-4.355172e-03	-2.657937e-03	-1.697235e-03	-4.803511e-04	-1.814248e-01	2.267709e-02	-1.280155e-03	2.203702e-02	-2.331717e-02
86            	5.925074e-01	1.276783e-01	4.648291e-01	-3.112536e-03	-1.921784e-03	-1.190752e-03	-3.655161e-04	-1.685754e-01	2.914613e-02	-1.227210e-03	2.853253e-02	-2.975974e-02
87            	5.999335e-01	1.324285e-01	4.675050e-01	-8.719662e-03	-4.873695e-03	-3.845968e-03	-5.138636e-04	-1.675383e-01	3.582283e-02	-1.176815e-03	3.523442e-02	-3.641124e-02
88            	6.073943e-01	1.258002e-01	4.815941e-01	-2.020769e-02	-1.101931e-02	-9.188378e-03	-9.154675e-04	-1.778970e-01	4.239918e-02	-1.135050e-03	4.183166e-02	-4.296671e-02
89            	6.131562e-01	1.100986e-01	5.030576e-01	-3.428471e-02	-1.856084e-02	-1.572388e-02	-1.418478e-03	-1.964795e-01	4.605966e-02	-1.097792e-03	4.551076e-02	-4.660855e-02
90            	6.186892e-01	9.223954e-02	5.264497e-01	-4.687206e-02	-2.530592e-02	-2.156613e-02	-1.869895e-03	-2.171051e-01	4.812093e-02	-1.060869e-03	4.759049e-02	-4.865136e-02
91            	6.247350e-01	7.972898e-02	5.450061e-01	-5.408161e-02	-2.918424e-02	-2.489736e-02	-2.143442e-03	-2.326385e-01	4.905987e-02	-1.025329e-03	4.854721e-02	-4.957254e-02
92            	6.310418e-01	7.838952e-02	5.526523e-01	-5.407697e-02	-2.919820e-02	-2.487877e-02	-2.159714e-03	-2.371314e-01	4.912723e-02	-9.844378e-04	4.863501e-02	-4.961945e-02
93            	6.365029e-01	9.258014e-02	5.439228e-01	-4.662156e-02	-2.519560e-02	-2.142596e-02	-1.884823e-03	-2.256713e-01	4.807658e-02	-9.397501e-04	4.760670e-02	-4.854645e-02
94            	6.404370e-01	1.224921e-01	5.179449e-01	-3.283314e-02	-1.775133e-02	-1.508181e-02	-1.334760e-03	-1.977264e-01	4.570738e-02	-8.813878e-04	4.526669e-02	-4.614808e-02
95            	6.433038e-01	1.659925e-01	4.773113e-01	-1.551284e-02	-8.376738e-03	-7.136097e-03	-6.203207e-04	-1.556594e-01	4.234624e-02	-8.125997e-04	4.193994e-02	-4.275254e-02
96            	6.462815e-01	2.171174e-01	4.291641e-01	5.657165e-04	3.405294e-04	2.251871e-04	5.767116e-05	-1.060233e-01	3.863019e-02	-7.344327e-04	3.826297e-02	-3.899740e-02
97            	6.501988e-01	2.676241e-01	3.825747e-01	1.032148e-02	5.656165e-03	4.665310e-03	4.954275e-04	-5.747529e-02	3.524350e-02	-6.545022e-04	3.491624e-02	-3.557075e-02
98            	6.547020e-01	3.075490e-01	3.471530e-01	1.064054e-02	5.871829e-03	4.768714e-03	5.515577e-04	-1.980200e-02	3.311516e-02	-5.766321e-04	3.282685e-02	-3.340348e-02
99            	6.587032e-01	3.296992e-01	3.290040e-01	1.028569e-03	7.099334e-04	3.186355e-04	1.956490e-04	3.476326e-04	3.240869e-02	-5.013758e-04	3.215800e-02	-3.265937e-02
100           	6.620626e-01	3.301002e-01	3.319624e-01	-1.705854e-02	-9.066409e-03	-7.992127e-03	-5.371409e-04	-9.310713e-04	3.244805e-02	-4.367851e-04	3.222966e-02	-3.266645e-02
101           	6.648806e-01	3.094704e-01	3.554102e-01	-4.000268e-02	-2.149669e-02	-1.850599e-02	-1.495352e-03	-2.296989e-02	3.264360e-02	-3.932175e-04	3.244699e-02	-3.284021e-02
102           	6.677353e-01	2.729686e-01	3.947667e-01	-6.162341e-02	-3.319591e-02	-2.842750e-02	-2.384202e-03	-6.089905e-02	3.225803e-02	-3.831362e-04	3.206647e-02	-3.244960e-02
103           	6.709912e-01	2.309011e-01	4.400902e-01	-7.499096e-02	-4.040559e-02	-3.458537e-02	-2.910110e-03	-1.045945e-01	3.105280e-02	-4.024443e-04	3.085158e-02	-3.125402e-02
104           	6.742765e-01	1.941323e-01	4.801442e-01	-7.566806e-02	-4.073808e-02	-3.492997e-02	-2.904053e-03	-1.430060e-01	2.967483e-02	-4.317066e-04	2.945898e-02	-2.989069e-02
105           	6.770278e-01	1.724674e-01	5.045604e-01	-6.336045e-02	-3.407497e-02	-2.928548e-02	-2.394741e-03	-1.660465e-01	2.823923e-02	-4.549941e-04	2.801173e-02	-2.846672e-02
106           	6.793310e-01	1.724863e-01	5.068446e-01	-4.104517e-02	-2.200617e-02	-1.903900e-02	-1.483588e-03	-1.671792e-01	2.631646e-02	-4.619907e-04	2.608547e-02	-2.654746e-02
107           	6.807835e-01	1.969367e-01	4.838468e-01	-1.395186e-02	-7.350428e-03	-6.601429e-03	-3.744993e-04	-1.434551e-01	2.371215e-02	-4.466261e-04	2.348884e-02	-2.393547e-02
108           	6.819450e-01	2.422928e-01	4.396522e-01	1.064172e-02	5.958815e-03	4.682906e-03	6.379542e-04	-9.867969e-02	2.010813e-02	-4.212467e-04	1.989751e-02	-2.031876e-02
109           	6.833168e-01	2.997766e-01	3.835402e-01	2.538492e-02	1.394757e-02	1.143735e-02	1.255105e-03	-4.188176e-02	1.568741e-02	-3.971739e-04	1.548882e-02	-1.588600e-02
110           	6.850375e-01	3.569337e-01	3.281038e-01	2.585911e-02	1.422749e-02	1.163162e-02	1.297935e-03	1.441498e-02	1.160241e-02	-3.693353e-04	1.141774e-02	-1.178708e-02
111           	6.869051e-01	4.022290e-01	2.846761e-01	1.200350e-02	6.780448e-03	5.223048e-03	7.786997e-04	5.877647e-02	8.960751e-03	-3.409111e-04	8.790295e-03	-9.131206e-03
112           	6.886885e-01	4.249812e-01	2.637073e-01	-1.260495e-02	-6.472561e-03	-6.132389e-03	-1.700861e-04	8.063698e-02	7.651101e-03	-3.031888e-04	7.499507e-03	-7.802696e-03
113           	6.900395e-01	4.188650e-01	2.711745e-01	-4.216213e-02	-2.242892e-02	-1.973321e-02	-1.347852e-03	7.384528e-02	7.203544e-03	-2.644158e-04	7.071336e-03	-7.335752e-03
114           	6.915362e-01	3.841404e-01	3.073958e-01	-6.943730e-02	-3.717987e-02	-3.225743e-02	-2.461220e-03	3.837231e-02	7.076878e-03	-2.487771e-04	6.952489e-03	-7.201266e-03
115           	6.937400e-01	3.292400e-01	3.645000e-01	-8.683441e-02	-4.658017e-02	-4.025424e-02	-3.162969e-03	-1.763004e-02	6.371756e-03	-2.704286e-04	6.236542e-03	-6.506970e-03
116           	6.964325e-01	2.668904e-01	4.295421e-01	-8.892246e-02	-4.767578e-02	-4.124668e-02	-3.214545e-03	-8.132587e-02	4.953679e-03	-3.199248e-04	4.793716e-03	-5.113641e-03
117           	6.993108e-01	2.119664e-01	4.873444e-01	-7.462784e-02	-3.992737e-02	-3.470047e-02	-2.613446e-03	-1.376890e-01	3.133806e-03	-3.753292e-04	2.946141e-03	-3.321470e-03
118           	7.019689e-01	1.773925e-01	5.245763e-01	-4.793395e-02	-2.551762e-02	-2.241633e-02	-1.550641e-03	-1.735919e-01	1.231807e-03	-4.062063e-04	1.028704e-03	-1.434910e-03
119           	7.036583e-01	1.728298e-01	5.308285e-01	-1.553365e-02	-8.007663e-03	-7.525990e-03	-2.408367e-04	-1.789993e-01	-8.556409e-04	-4.036600e-04	-1.057471e-03	6.538109e-04
120           	7.044699e-01	2.008643e-01	5.036056e-01	1.535748e-02	8.739924e-03	6.617554e-03	1.061185e-03	-1.513706e-01	-2.852718e-03	-3.784060e-04	-3.041921e-03	2.663515e-03
121           	7.052828e-01	2.572880e-01	4.479947e-01	3.720123e-02	2.059331e-02	1.660792e-02	1.992698e-03	-9.535336e-02	-4.949022e-03	-3.612726e-04	-5.129658e-03	4.768385e-03
122           	7.064518e-01	3.302613e-01	3.761905e-01	4.410549e-02	2.433523e-02	1.977026e-02	2.282485e-03	-2.296463e-02	-7.750043e-03	-3.462029e-04	-7.923145e-03	7.576942e-03
123           	7.083057e-01	4.044383e-01	3.038674e-01	3.418933e-02	1.899207e-02	1.519726e-02	1.897407e-03	5.028546e-02	-1.095622e-02	-3.249344e-04	-1.111869e-02	1.079376e-02
124           	7.105470e-01	4.621997e-01	2.483472e-01	1.101390e-02	6.535833e-03	4.478062e-03	1.028885e-03	1.069263e-01	-1.352567e-02	-2.965489e-04	-1.367395e-02	1.337740e-02
125           	7.121298e-01	4.900838e-01	2.220460e-01	-1.873602e-02	-9.465410e-03	-9.270614e-03	-9.739804e-05	1.340189e-01	-1.477897e-02	-2.612469e-04	-1.490960e-02	1.464835e-02
126           	7.133198e-01	4.802558e-01	2.330640e-01	-4.816888e-02	-2.532949e-02	-2.283939e-02	-1.245053e-03	1.235959e-01	-1.411169e-02	-2.349947e-04	-1.422918e-02	1.399419e-02
127           	7.146730e-01	4.351149e-01	2.795581e-01	-7.022299e-02	-3.718717e-02	-3.303582e-02	-2.075671e-03	7.777844e-02	-1.152612e-02	-2.486046e-04	-1.165042e-02	1.140181e-02
128           	7.157609e-01	3.640861e-01	3.516749e-01	-7.945529e-02	-4.209321e-02	-3.736208e-02	-2.365563e-03	6.205622e-03	-8.261946e-03	-2.926514e-04	-8.408272e-03	8.115620e-03
129           	7.172735e-01	2.839926e-01	4.332809e-01	-7.409034e-02	-3.916411e-02	-3.492623e-02	-2.118939e-03	-7.464413e-02	-6.025296e-03	-3.429237e-04	-6.196758e-03	5.853835e-03
130           	7.192325e-01	2.136149e-01	5.056176e-01	-5.704789e-02	-3.000978e-02	-2.703811e-02	-1.485837e-03	-1.460013e-01	-5.920661e-03	-3.837089e-04	-6.112516e-03	5.728807e-03
131           	7.206712e-01	1.681939e-01	5.524773e-01	-3.343141e-02	-1.733235e-02	-1.609906e-02	-6.166412e-04	-1.921417e-01	-8.113159e-03	-4.019250e-04	-8.314122e-03	7.912197e-03
132           	7.218813e-01	1.576278e-01	5.642535e-01	-8.390142e-03	-3.891803e-03	-4.498339e-03	3.032679e-04	-2.033129e-01	-1.115344e-02	-3.944422e-04	-1.135067e-02	1.095622e-02
133           	7.227335e-01	1.840197e-01	5.387138e-01	1.283103e-02	7.476806e-03	5.354227e-03	1.061289e-03	-1.773471e-01	-1.384891e-02	-3.882799e-04	-1.404305e-02	1.365477e-02
134           	7.231153e-01	2.424853e-01	4.806300e-01	2.612869e-02	1.460887e-02	1.151982e-02	1.544527e-03	-1.190723e-01	-1.524587e-02	-3.851019e-04	-1.543842e-02	1.505332e-02
135           	7.234082e-01	3.212562e-01	4.021519e-01	3.006082e-02	1.678748e-02	1.327334e-02	1.757070e-03	-4.044784e-02	-1.619178e-02	-3.731599e-04	-1.637836e-02	1.600520e-02
136           	7.236478e-01	4.025198e-01	3.211280e-01	2.589344e-02	1.467482e-02	1.121863e-02	1.728097e-03	4.069586e-02	-1.813537e-02	-3.478334e-04	-1.830929e-02	1.796145e-02
137           	7.237885e-01	4.706763e-01	2.531122e-01	1.567943e-02	9.292575e-03	6.386859e-03	1.452858e-03	1.087821e-01	-2.124984e-02	-3.156314e-04	-2.140765e-02	2.109202e-02
138           	7.247289e-01	5.120575e-01	2.126713e-01	3.242346e-04	1.103446e-03	-7.792119e-04	9.413292e-04	1.496931e-01	-2.373457e-02	-2.946474e-04	-2.388190e-02	2.358725e-02
139           	7.253924e-01	5.185476e-01	2.068447e-01	-1.773759e-02	-8.549450e-03	-9.188141e-03	3.193455e-04	1.558514e-01	-2.442501e-02	-3.119996e-04	-2.458101e-02	2.426901e-02
140           	7.250102e-01	4.896269e-01	2.353833e-01	-3.522632e-02	-1.795150e-02	-1.727483e-02	-3.383353e-04	1.271218e-01	-2.236487e-02	-3.635133e-04	-2.254662e-02	2.218311e-02
141           	7.240781e-01	4.314621e-01	2.926161e-01	-4.995176e-02	-2.594699e-02	-2.400476e-02	-9.711160e-04	6.942298e-02	-1.819575e-02	-4.219795e-04	-1.840674e-02	1.798476e-02
142           	7.229893e-01	3.550587e-01	3.679305e-01	-6.032855e-02	-3.164201e-02	-2.868654e-02	-1.477737e-03	-6.435917e-03	-1.363988e-02	-4.726550e-04	-1.387620e-02	1.340355e-02
143           	7.223489e-01	2.755491e-01	4.467998e-01	-6.438789e-02	-3.392542e-02	-3.046247e-02	-1.731478e-03	-8.562533e-02	-1.141677e-02	-4.983024e-04	-1.166592e-02	1.116762e-02
144           	7.226612e-01	2.077151e-01	5.149461e-01	-6.043303e-02	-3.189319e-02	-2.853985e-02	-1.676671e-03	-1.536155e-01	-1.290324e-02	-5.075663e-04	-1.315703e-02	1.264946e-02
145           	7.232543e-01	1.636973e-01	5.595569e-01	-4.819904e-02	-2.542162e-02	-2.277742e-02	-1.322099e-03	-1.979298e-01	-1.792849e-02	-5.236687e-04	-1.819033e-02	1.766666e-02
146           	7.235283e-01	1.502754e-01	5.732528e-01	-2.932678e-02	-1.538566e-02	-1.394112e-02	-7.222688e-04	-2.114887e-01	-2.452701e-02	-5.457839e-04	-2.479990e-02	2.425412e-02
147           	7.234528e-01	1.696048e-01	5.538480e-01	-6.834279e-03	-3.367978e-03	-3.466301e-03	4.916125e-05	-1.921216e-01	-3.018950e-02	-5.669651e-04	-3.047299e-02	2.990602e-02
148           	7.228458e-01	2.182197e-01	5.046261e-01	1.570963e-02	8.753738e-03	6.955890e-03	8.989239e-04	-1.432032e-01	-3.279325e-02	-5.677935e-04	-3.307715e-02	3.250936e-02
149           	7.216258e-01	2.882183e-01	4.334074e-01	3.421157e-02	1.876973e-02	1.544184e-02	1.663947e-03	-7.259456e-02	-3.280677e-02	-5.491995e-04	-3.308137e-02	3.253217e-02
150           	7.204944e-01	3.671649e-01	3.533294e-01	4.493483e-02	2.464749e-02	2.028734e-02	2.180074e-03	6.917747e-03	-3.297556e-02	-5.182973e-04	-3.323471e-02	3.271641e-02
151           	7.198478e-01	4.411787e-01	2.786691e-01	4.548154e-02	2.506845e-02	2.041309e-02	2.327681e-03	8.125478e-02	-3.506942e-02	-4.991245e-04	-3.531899e-02	3.481986e-02
152           	7.195953e-01	4.964067e-01	2.231887e-01	3.528038e-02	1.968068e-02	1.559969e-02	2.040497e-03	1.366090e-01	-3.855927e-02	-5.151007e-04	-3.881682e-02	3.830172e-02
153           	7.195665e-01	5.232652e-01	1.963012e-01	1.560373e-02	9.139526e-03	6.464204e-03	1.337661e-03	1.634820e-01	-4.174195e-02	-5.698701e-04	-4.202688e-02	4.145701e-02
154           	7.196139e-01	5.170815e-01	2.025323e-01	-1.034385e-02	-4.848758e-03	-5.495089e-03	3.231656e-04	1.572746e-01	-4.244074e-02	-6.509028e-04	-4.276619e-02	4.211529e-02
155           	7.193683e-01	4.788884e-01	2.404799e-01	-3.814420e-02	-1.990803e-02	-1.823617e-02	-8.359280e-04	1.192043e-01	-4.017935e-02	-7.297237e-04	-4.054421e-02	3.981449e-02
156           	7.184523e-01	4.140717e-01	3.043807e-01	-6.293429e-02	-3.339968e-02	-2.953461e-02	-1.932535e-03	5.484551e-02	-3.621020e-02	-7.858270e-04	-3.660311e-02	3.581728e-02
157           	7.173348e-01	3.345258e-01	3.828090e-01	-8.007874e-02	-4.278573e-02	-3.729301e-02	-2.746360e-03	-2.414159e-02	-3.367110e-02	-8.072019e-04	-3.407470e-02	3.326750e-02
158           	7.166826e-01	2.550493e-01	4.616333e-01	-8.597405e-02	-4.609838e-02	-3.987567e-02	-3.111353e-03	-1.032920e-01	-3.491095e-02	-8.066435e-04	-3.531427e-02	3.450763e-02
159           	7.167133e-01	1.906531e-01	5.260602e-01	-7.869887e-02	-4.230165e-02	-3.639723e-02	-2.952209e-03	-1.677035e-01	-4.021854e-02	-8.076221e-04	-4.062235e-02	3.981473e-02
160           	7.173552e-01	1.518012e-01	5.655540e-01	-5.874969e-02	-3.167152e-02	-2.707816e-02	-2.296680e-03	-2.068764e-01	-4.742581e-02	-8.212671e-04	-4.783645e-02	4.701518e-02
161           	7.183171e-01	1.444968e-01	5.738203e-01	-2.935165e-02	-1.594328e-02	-1.340836e-02	-1.267461e-03	-2.146618e-01	-5.353144e-02	-8.465901e-04	-5.395473e-02	5.310814e-02
162           	7.190700e-01	1.690560e-01	5.500141e-01	4.174274e-03	2.042980e-03	2.131295e-03	-4.415737e-05	-1.904790e-01	-5.602306e-02	-8.593288e-04	-5.645273e-02	5.559340e-02
163           	7.188866e-01	2.215724e-01	4.973142e-01	3.557654e-02	1.894912e-02	1.662741e-02	1.160856e-03	-1.378709e-01	-5.432955e-02	-8.463112e-04	-5.475271e-02	5.390639e-02
164           	7.179254e-01	2.925552e-01	4.253702e-01	5.884938e-02	3.153086e-02	2.731851e-02	2.106173e-03	-6.640753e-02	-5.094631e-02	-8.134425e-04	-5.135303e-02	5.053959e-02
165           	7.169223e-01	3.697064e-01	3.472159e-01	6.967378e-02	3.744012e-02	3.223365e-02	2.603236e-03	1.124524e-02	-4.929237e-02	-7.810433e-04	-4.968289e-02	4.890185e-02
166           	7.164851e-01	4.395325e-01	2.769526e-01	6.620094e-02	3.565192e-02	3.054902e-02	2.551450e-03	8.128995e-02	-5.079293e-02	-7.684540e-04	-5.117715e-02	5.040870e-02
167           	7.169342e-01	4.909729e-01	2.259613e-01	4.913884e-02	2.653134e-02	2.260750e-02	1.961920e-03	1.325058e-01	-5.478719e-02	-7.951842e-04	-5.518478e-02	5.438960e-02
168           	7.182389e-01	5.156750e-01	2.025639e-01	2.176211e-02	1.183633e-02	9.925789e-03	9.552686e-04	1.565555e-01	-5.867219e-02	-8.643485e-04	-5.910436e-02	5.824001e-02
169           	7.197679e-01	5.106647e-01	2.091032e-01	-1.040989e-02	-5.458061e-03	-4.951831e-03	-2.531153e-04	1.507807e-01	-5.978683e-02	-9.564603e-04	-6.026506e-02	5.930860e-02
170           	7.205069e-01	4.768635e-01	2.436434e-01	-4.091845e-02	-2.188710e-02	-1.903135e-02	-1.427877e-03	1.166101e-01	-5.697323e-02	-1.030244e-03	-5.748836e-02	5.645811e-02
171           	7.201120e-01	4.205691e-01	2.995429e-01	-6.388527e-02	-3.428844e-02	-2.959682e-02	-2.345810e-03	6.051312e-02	-5.187315e-02	-1.066474e-03	-5.240639e-02	5.133992e-02
172           	7.191387e-01	3.514718e-01	3.676669e-01	-7.531207e-02	-4.050371e-02	-3.480836e-02	-2.847674e-03	-8.097591e-03	-4.764419e-02	-1.059655e-03	-4.817401e-02	4.711436e-02
173           	7.181329e-01	2.816112e-01	4.365217e-01	-7.365762e-02	-3.970504e-02	-3.395258e-02	-2.876233e-03	-7.745523e-02	-4.704696e-02	-1.035253e-03	-4.756459e-02	4.652934e-02
174           	7.177159e-01	2.220121e-01	4.957037e-01	-5.982637e-02	-3.237569e-02	-2.745068e-02	-2.462506e-03	-1.368458e-01	-5.033806e-02	-1.018967e-03	-5.084755e-02	4.982858e-02
175           	7.181693e-01	1.821420e-01	5.360272e-01	-3.689875e-02	-2.015413e-02	-1.674462e-02	-1.704757e-03	-1.769426e-01	-5.568495e-02	-1.032711e-03	-5.620131e-02	5.516860e-02
176           	7.191274e-01	1.671058e-01	5.520215e-01	-9.691310e-03	-5.626442e-03	-4.064868e-03	-7.807870e-04	-1.924578e-01	-5.960498e-02	-1.071127e-03	-6.014054e-02	5.906942e-02
177           	7.199447e-01	1.782747e-01	5.416700e-01	1.616143e-02	8.203223e-03	7.958210e-03	1.225063e-04	-1.816977e-01	-5.996815e-02	-1.100449e-03	-6.051838e-02	5.941793e-02
178           	7.200582e-01	2.126388e-01	5.074193e-01	3.569407e-02	1.869422e-02	1.699984e-02	8.471894e-04	-1.473902e-01	-5.684925e-02	-1.104389e-03	-5.740145e-02	5.629706e-02
179           	7.193461e-01	2.649928e-01	4.543534e-01	4.583993e-02	2.420093e-02	2.163901e-02	1.280959e-03	-9.468028e-02	-5.252853e-02	-1.079820e-03	-5.306844e-02	5.198862e-02
180           	7.182838e-01	3.274079e-01	3.908760e-01	4.577781e-02	2.425735e-02	2.152046e-02	1.368445e-03	-3.173406e-02	-4.954493e-02	-1.046191e-03	-5.006802e-02	4.902183e-02
181           	7.177129e-01	3.909752e-01	3.267377e-01	3.654910e-02	1.939562e-02	1.715348e-02	1.121073e-03	3.211870e-02	-4.979000e-02	-1.029965e-03	-5.030498e-02	4.927502e-02
182           	7.182437e-01	4.457527e-01	2.724910e-01	2.055920e-02	1.088442e-02	9.674774e-03	6.048252e-04	8.663087e-02	-5.297454e-02	-1.044065e-03	-5.349658e-02	5.245251e-02
183           	7.196751e-01	4.835567e-01	2.361184e-01	1.330664e-03	6.094456e-04	7.212189e-04	-5.588666e-05	1.237192e-01	-5.693672e-02	-1.087959e-03	-5.748070e-02	5.639274e-02
184           	7.210944e-01	4.982573e-01	2.228371e-01	-1.726809e-02	-9.351941e-03	-7.916147e-03	-7.178971e-04	1.377101e-01	-5.876062e-02	-1.130861e-03	-5.932605e-02	5.819519e-02
185           	7.217489e-01	4.881671e-01	2.335818e-01	-3.175521e-02	-1.713306e-02	-1.462215e-02	-1.255451e-03	1.272926e-01	-5.745160e-02	-1.157633e-03	-5.803042e-02	5.687279e-02
186           	7.212636e-01	4.544290e-01	2.668346e-01	-3.989339e-02	-2.154620e-02	-1.834719e-02	-1.599504e-03	9.379719e-02	-5.373398e-02	-1.160667e-03	-5.431432e-02	5.315365e-02
187           	7.197039e-01	4.018681e-01	3.178358e-01	-4.107626e-02	-2.225879e-02	-1.881747e-02	-1.720657e-03	4.201615e-02	-4.951001e-02	-1.148445e-03	-5.008423e-02	4.893578e-02
188           	7.179116e-01	3.377175e-01	3.801941e-01	-3.613694e-02	-1.969837e-02	-1.643856e-02	-1.629905e-03	-2.123831e-02	-4.676505e-02	-1.131629e-03	-4.733087e-02	4.619924e-02
189           	7.168466e-01	2.720784e-01	4.447682e-01	-2.665604e-02	-1.469212e-02	-1.196392e-02	-1.364100e-03	-8.634489e-02	-4.702874e-02	-1.128204e-03	-4.759284e-02	4.646464e-02
190           	7.169516e-01	2.148823e-01	5.020693e-01	-1.472274e-02	-8.342854e-03	-6.379884e-03	-9.814852e-04	-1.435935e-01	-4.950971e-02	-1.143821e-03	-5.008162e-02	4.893779e-02
191           	7.179696e-01	1.753538e-01	5.426158e-01	-2.554188e-03	-1.834981e-03	-7.192068e-04	-5.578871e-04	-1.836310e-01	-5.239453e-02	-1.170326e-03	-5.297969e-02	5.180937e-02
192           	7.190712e-01	1.590189e-01	5.600523e-01	7.627381e-03	3.637407e-03	3.989974e-03	-1.762835e-04	-2.005167e-01	-5.391624e-02	-1.194325e-03	-5.451340e-02	5.331908e-02
193           	7.195097e-01	1.681837e-01	5.513259e-01	1.407785e-02	7.133719e-03	6.944130e-03	9.479469e-05	-1.915711e-01	-5.342556e-02	-1.206060e-03	-5.402858e-02	5.282253e-02
194           	7.190322e-01	2.009874e-01	5.180449e-01	1.599604e-02	8.226999e-03	7.769039e-03	2.289799e-04	-1.585287e-01	-5.130957e-02	-1.199177e-03	-5.190916e-02	5.070998e-02
195           	7.179454e-01	2.532679e-01	4.646774e-01	1.384521e-02	7.163656e-03	6.681551e-03	2.410523e-04	-1.057048e-01	-4.852975e-02	-1.177692e-03	-4.911860e-02	4.794090e-02
196           	7.169001e-01	3.174356e-01	3.994645e-01	8.742315e-03	4.523965e-03	4.218350e-03	1.528077e-04	-4.101448e-02	-4.640849e-02	-1.147680e-03	-4.698233e-02	4.583465e-02
197           	7.166900e-01	3.841573e-01	3.325327e-01	2.021073e-03	9.978393e-04	1.023234e-03	-1.269730e-05	2.581232e-02	-4.631573e-02	-1.120474e-03	-4.687597e-02	4.575549e-02
198           	7.174334e-01	4.423665e-01	2.750669e-01	-5.108051e-03	-2.782121e-03	-2.325930e-03	-2.280954e-04	8.364984e-02	-4.790443e-02	-1.099562e-03	-4.845421e-02	4.735465e-02
199           	7.185200e-01	4.823606e-01	2.361595e-01	-1.150470e-02	-6.206344e-03	-5.298359e-03	-4.539925e-04	1.231006e-01	-5.010858e-02	-1.085028e-03	-5.065109e-02	4.956606e-02
200           	7.191526e-01	4.969047e-01	2.222480e-01	-1.608279e-02	-8.681842e-03	-7.400946e-03	-6.404481e-04	1.373283e-01	-5.118583e-02	-1.077194e-03	-5.172443e-02	5.064724e-02
201           	7.187934e-01	4.838652e-01	2.349282e-01	-1.815947e-02	-9.830506e-03	-8.328968e-03	-7.507688e-04	1.244685e-01	-5.030519e-02	-1.084922e-03	-5.084765e-02	4.976273e-02
202           	7.174929e-01	4.451197e-01	2.723733e-01	-1.780992e-02	-9.691411e-03	-8.118511e-03	-7.864502e-04	8.637319e-02	-4.741709e-02	-1.100966e-03	-4.796757e-02	4.686660e-02
203           	7.156083e-01	3.866599e-01	3.289484e-01	-1.588348e-02	-8.715932e-03	-7.167549e-03	-7.741914e-04	2.885574e-02	-4.354696e-02	-1.125261e-03	-4.410959e-02	4.298433e-02
204           	7.138758e-01	3.167579e-01	3.971179e-01	-1.337705e-02	-7.423346e-03	-5.953707e-03	-7.348193e-04	-4.018001e-02	-4.016591e-02	-1.142021e-03	-4.073692e-02	3.959490e-02
205           	7.131051e-01	2.463171e-01	4.667880e-01	-1.099689e-02	-6.179275e-03	-4.817616e-03	-6.808295e-04	-1.102355e-01	-3.877104e-02	-1.159994e-03	-3.935104e-02	3.819105e-02
206           	7.134216e-01	1.859162e-01	5.275054e-01	-9.051003e-03	-5.144011e-03	-3.906992e-03	-6.185093e-04	-1.707946e-01	-3.959755e-02	-1.174430e-03	-4.018476e-02	3.901033e-02
207           	7.143262e-01	1.451924e-01	5.691338e-01	-7.743346e-03	-4.428068e-03	-3.315278e-03	-5.563951e-04	-2.119707e-01	-4.212679e-02	-1.188827e-03	-4.272120e-02	4.153238e-02
208           	7.151678e-01	1.296992e-01	5.854685e-01	-7.243939e-03	-4.133941e-03	-3.109998e-03	-5.119712e-04	-2.278847e-01	-4.474868e-02	-1.194643e-03	-4.534600e-02	4.415136e-02
209           	7.154407e-01	1.412274e-01	5.742133e-01	-7.557819e-03	-4.272896e-03	-3.284922e-03	-4.939871e-04	-2.164929e-01	-4.642174e-02	-1.191333e-03	-4.701740e-02	4.582607e-02
210           	7.150586e-01	1.768974e-01	5.381613e-01	-8.177683e-03	-4.562231e-03	-3.615453e-03	-4.733889e-04	-1.806320e-01	-4.648471e-02	-1.167660e-03	-4.706854e-02	4.590088e-02
211           	7.140499e-01	2.316122e-01	4.824376e-01	-8.279508e-03	-4.545340e-03	-3.734168e-03	-4.055856e-04	-1.254127e-01	-4.515250e-02	-1.127630e-03	-4.571631e-02	4.458868e-02
212           	7.128214e-01	2.973897e-01	4.154317e-01	-7.236338e-03	-3.891770e-03	-3.344568e-03	-2.736011e-04	-5.902100e-02	-4.301997e-02	-1.069760e-03	-4.355485e-02	4.248509e-02
213           	7.121525e-01	3.650076e-01	3.471450e-01	-5.033579e-03	-2.612308e-03	-2.421271e-03	-9.551843e-05	8.931315e-03	-4.151526e-02	-1.010215e-03	-4.202037e-02	4.101015e-02
214           	7.123904e-01	4.236490e-01	2.887414e-01	-2.253079e-03	-1.043023e-03	-1.210055e-03	8.351583e-05	6.745379e-02	-4.121680e-02	-9.559565e-04	-4.169478e-02	4.073882e-02
215           	7.132222e-01	4.640220e-01	2.492002e-01	2.819875e-04	3.562951e-04	-7.430757e-05	2.153013e-04	1.074109e-01	-4.210398e-02	-9.269841e-04	-4.256747e-02	4.164049e-02
216           	7.139892e-01	4.791664e-01	2.348228e-01	1.828722e-03	1.185798e-03	6.429240e-04	2.714369e-04	1.221718e-01	-4.308529e-02	-9.222447e-04	-4.354641e-02	4.262416e-02
217           	7.140388e-01	4.674215e-01	2.466174e-01	1.837053e-03	1.160682e-03	6.763710e-04	2.421553e-04	1.104020e-01	-4.315244e-02	-9.470815e-04	-4.362598e-02	4.267889e-02
218           	7.131492e-01	4.309052e-01	2.822441e-01	-1.072999e-04	6.720862e-05	-1.745085e-04	1.208586e-04	7.433055e-02	-4.161497e-02	-9.848479e-04	-4.210740e-02	4.112255e-02
219           	7.115106e-01	3.754548e-01	3.360558e-01	-4.159784e-03	-2.177763e-03	-1.982021e-03	-9.787129e-05	1.969949e-02	-3.883930e-02	-1.031687e-03	-3.935514e-02	3.832345e-02
220           	7.096670e-01	3.084379e-01	4.012292e-01	-1.008935e-02	-5.443367e-03	-4.645983e-03	-3.986921e-04	-4.639564e-02	-3.557445e-02	-1.069426e-03	-3.610916e-02	3.503974e-02
221           	7.084763e-01	2.398843e-01	4.685920e-01	-1.695917e-02	-9.204940e-03	-7.754229e-03	-7.253557e-04	-1.143539e-01	-3.325141e-02	-1.095540e-03	-3.379918e-02	3.270364e-02
222           	7.085007e-01	1.797417e-01	5.287590e-01	-2.326681e-02	-1.264200e-02	-1.062481e-02	-1.008599e-03	-1.745087e-01	-3.271062e-02	-1.103767e-03	-3.326251e-02	3.215874e-02
223           	7.094307e-01	1.371582e-01	5.722725e-01	-2.753297e-02	-1.495464e-02	-1.257834e-02	-1.188150e-03	-2.175572e-01	-3.429505e-02	-1.101974e-03	-3.484603e-02	3.374406e-02
224           	7.105890e-01	1.176553e-01	5.929337e-01	-2.880937e-02	-1.564241e-02	-1.316696e-02	-1.237723e-03	-2.376392e-01	-3.742035e-02	-1.088140e-03	-3.796442e-02	3.687628e-02
225           	7.112714e-01	1.234166e-01	5.878547e-01	-2.682613e-02	-1.457206e-02	-1.225407e-02	-1.158997e-03	-2.322191e-01	-4.113038e-02	-1.060730e-03	-4.166074e-02	4.060001e-02
226           	7.111493e-01	1.524174e-01	5.587318e-01	-2.186509e-02	-1.189413e-02	-9.970965e-03	-9.615803e-04	-2.031572e-01	-4.411040e-02	-1.013341e-03	-4.461707e-02	4.360373e-02
227           	7.102599e-01	2.007178e-01	5.095420e-01	-1.458770e-02	-7.941217e-03	-6.646487e-03	-6.473647e-04	-1.544121e-01	-4.551006e-02	-9.512380e-04	-4.598568e-02	4.503445e-02
228           	7.088853e-01	2.617067e-01	4.471786e-01	-5.934103e-03	-3.210872e-03	-2.723231e-03	-2.438208e-04	-9.273597e-02	-4.463342e-02	-8.832796e-04	-4.507506e-02	4.419178e-02
229           	7.077188e-01	3.273726e-01	3.803462e-01	2.687549e-03	1.525942e-03	1.161607e-03	1.821673e-04	-2.648682e-02	-4.244443e-02	-8.200815e-04	-4.285447e-02	4.203439e-02
230           	7.073564e-01	3.878269e-01	3.195295e-01	9.663190e-03	5.371511e-03	4.291679e-03	5.399161e-04	3.414871e-02	-4.039731e-02	-7.710220e-04	-4.078282e-02	4.001180e-02
231           	7.077088e-01	4.337980e-01	2.739108e-01	1.364696e-02	7.576120e-03	6.070844e-03	7.526379e-04	7.994358e-02	-3.977264e-02	-7.512335e-04	-4.014826e-02	3.939702e-02
232           	7.082665e-01	4.572802e-01	2.509863e-01	1.389630e-02	7.731862e-03	6.164442e-03	7.837099e-04	1.031469e-01	-4.065076e-02	-7.569728e-04	-4.102924e-02	4.027227e-02
233           	7.084613e-01	4.548556e-01	2.536056e-01	1.051132e-02	5.898190e-03	4.613135e-03	6.425276e-04	1.006250e-01	-4.224747e-02	-7.931919e-04	-4.264407e-02	4.185088e-02
234           	7.080190e-01	4.269160e-01	2.811030e-01	4.318316e-03	2.529115e-03	1.789201e-03	3.699569e-04	7.290651e-02	-4.307208e-02	-8.487096e-04	-4.349643e-02	4.264772e-02
235           	7.070180e-01	3.779861e-01	3.290319e-01	-3.497079e-03	-1.734991e-03	-1.762088e-03	1.354833e-05	2.447706e-02	-4.229176e-02	-9.163093e-04	-4.274991e-02	4.183360e-02
236           	7.056730e-01	3.145006e-01	3.911724e-01	-1.167437e-02	-6.210136e-03	-5.464236e-03	-3.729497e-04	-3.833592e-02	-3.974741e-02	-9.752685e-04	-4.023504e-02	3.925978e-02
237           	7.044545e-01	2.457334e-01	4.587211e-01	-1.900979e-02	-1.022742e-02	-8.782373e-03	-7.225218e-04	-1.064938e-01	-3.663461e-02	-1.017055e-03	-3.714314e-02	3.612608e-02
238           	7.038483e-01	1.816129e-01	5.222354e-01	-2.439972e-02	-1.318169e-02	-1.121803e-02	-9.818266e-04	-1.703113e-01	-3.468955e-02	-1.032104e-03	-3.520560e-02	3.417350e-02
239           	7.038848e-01	1.322961e-01	5.715887e-01	-2.709226e-02	-1.466588e-02	-1.242638e-02	-1.119748e-03	-2.196463e-01	-3.534236e-02	-1.030859e-03	-3.585779e-02	3.482693e-02
240           	7.043557e-01	1.050081e-01	5.993476e-01	-2.691879e-02	-1.459623e-02	-1.232256e-02	-1.136833e-03	-2.471698e-01	-3.876404e-02	-1.013055e-03	-3.927057e-02	3.825752e-02
241           	7.049519e-01	1.037863e-01	6.011656e-01	-2.429314e-02	-1.320554e-02	-1.108760e-02	-1.058973e-03	-2.486897e-01	-4.382893e-02	-9.882409e-04	-4.432305e-02	4.333481e-02
242           	7.053810e-01	1.279342e-01	5.774467e-01	-1.994988e-02	-1.089064e-02	-9.059234e-03	-9.157053e-04	-2.247562e-01	-4.845939e-02	-9.522429e-04	-4.893551e-02	4.798327e-02
243           	7.053800e-01	1.740208e-01	5.313593e-01	-1.458382e-02	-8.006120e-03	-6.577704e-03	-7.142081e-04	-1.786692e-01	-5.106363e-02	-9.094117e-04	-5.151833e-02	5.060892e-02
244           	7.046891e-01	2.349459e-01	4.697431e-01	-8.719404e-03	-4.816862e-03	-3.902542e-03	-4.571599e-04	-1.173986e-01	-5.054229e-02	-8.617580e-04	-5.097316e-02	5.011141e-02
245           	7.035338e-01	3.018657e-01	4.016681e-01	-2.750403e-03	-1.539124e-03	-1.211279e-03	-1.639227e-04	-4.990121e-02	-4.779004e-02	-8.142053e-04	-4.819714e-02	4.738294e-02
246           	7.025270e-01	3.641062e-01	3.384208e-01	2.791886e-03	1.519360e-03	1.272526e-03	1.234165e-04	1.284273e-02	-4.488976e-02	-7.683233e-04	-4.527392e-02	4.450560e-02
247           	7.020817e-01	4.119014e-01	2.901802e-01	7.302466e-03	4.010644e-03	3.291822e-03	3.594107e-04	6.086058e-02	-4.382297e-02	-7.369972e-04	-4.419147e-02	4.345447e-02
248           	7.022714e-01	4.369538e-01	2.653176e-01	1.024113e-02	5.628852e-03	4.612280e-03	5.082859e-04	8.581809e-02	-4.508764e-02	-7.269077e-04	-4.545110e-02	4.472419e-02
249           	7.028098e-01	4.356112e-01	2.671986e-01	1.130698e-02	6.215357e-03	5.091622e-03	5.618676e-04	8.420628e-02	-4.752259e-02	-7.476416e-04	-4.789641e-02	4.714876e-02
250           	7.032785e-01	4.083289e-01	2.949496e-01	1.041524e-02	5.731858e-03	4.683383e-03	5.242374e-04	5.668963e-02	-4.907297e-02	-7.984564e-04	-4.947220e-02	4.867374e-02
251           	7.032478e-01	3.603705e-01	3.428773e-01	7.586311e-03	4.189681e-03	3.396630e-03	3.965253e-04	8.746616e-03	-4.832802e-02	-8.705424e-04	-4.876329e-02	4.789275e-02
252           	7.025145e-01	2.991695e-01	4.033450e-01	2.802646e-03	1.576836e-03	1.225809e-03	1.755134e-04	-5.208777e-02	-4.519002e-02	-9.405045e-04	-4.566027e-02	4.471976e-02
253           	7.012991e-01	2.344481e-01	4.668509e-01	-3.788769e-03	-2.014765e-03	-1.774004e-03	-1.203805e-04	-1.162014e-01	-4.104563e-02	-9.877546e-04	-4.153951e-02	4.055175e-02
254           	7.002447e-01	1.758980e-01	5.243467e-01	-1.160144e-02	-6.261970e-03	-5.339473e-03	-4.612487e-04	-1.742243e-01	-3.804888e-02	-1.000244e-03	-3.854901e-02	3.754876e-02
255           	6.998542e-01	1.327644e-01	5.670898e-01	-1.964702e-02	-1.063350e-02	-9.013513e-03	-8.099956e-04	-2.171627e-01	-3.797697e-02	-9.907197e-04	-3.847233e-02	3.748161e-02
256           	7.002759e-01	1.108736e-01	5.894023e-01	-2.678395e-02	-1.452403e-02	-1.225992e-02	-1.132056e-03	-2.392644e-01	-4.106516e-02	-9.725640e-04	-4.155144e-02	4.057887e-02
257           	7.012448e-01	1.128237e-01	5.884212e-01	-3.185332e-02	-1.731371e-02	-1.453961e-02	-1.387051e-03	-2.377988e-01	-4.589365e-02	-9.579732e-04	-4.637264e-02	4.541466e-02
258           	7.022603e-01	1.365509e-01	5.657094e-01	-3.377518e-02	-1.841909e-02	-1.535608e-02	-1.531503e-03	-2.145792e-01	-5.013667e-02	-9.477159e-04	-5.061053e-02	4.966281e-02
259           	7.028065e-01	1.772914e-01	5.255151e-01	-3.167344e-02	-1.734539e-02	-1.432805e-02	-1.508668e-03	-1.741119e-01	-5.221925e-02	-9.356287e-04	-5.268707e-02	5.175144e-02
260           	7.025244e-01	2.276334e-01	4.748910e-01	-2.517651e-02	-1.386598e-02	-1.131053e-02	-1.277722e-03	-1.236288e-01	-5.134751e-02	-9.032034e-04	-5.179911e-02	5.089591e-02
261           	7.015234e-01	2.800907e-01	4.214327e-01	-1.471912e-02	-8.203684e-03	-6.515438e-03	-8.441230e-04	-7.067101e-02	-4.823313e-02	-8.443749e-04	-4.865532e-02	4.781095e-02
262           	7.005349e-01	3.268810e-01	3.736539e-01	-1.680646e-03	-1.110840e-03	-5.698061e-04	-2.705170e-04	-2.338646e-02	-4.517985e-02	-7.650416e-04	-4.556237e-02	4.479733e-02
263           	7.001248e-01	3.617491e-01	3.383757e-01	1.175996e-02	6.220104e-03	5.539861e-03	3.401214e-04	1.168671e-02	-4.419463e-02	-6.877447e-04	-4.453850e-02	4.385076e-02
264           	7.004278e-01	3.796319e-01	3.207960e-01	2.310324e-02	1.241895e-02	1.068429e-02	8.673343e-04	2.941795e-02	-4.555301e-02	-6.395923e-04	-4.587281e-02	4.523322e-02
265           	7.011318e-01	3.789611e-01	3.221707e-01	3.004528e-02	1.623403e-02	1.381125e-02	1.211387e-03	2.839520e-02	-4.797698e-02	-6.421552e-04	-4.829806e-02	4.765591e-02
266           	7.017490e-01	3.608706e-01	3.408785e-01	3.105129e-02	1.683319e-02	1.421811e-02	1.307541e-03	9.996069e-03	-4.948506e-02	-6.950247e-04	-4.983257e-02	4.913755e-02
267           	7.018570e-01	3.298015e-01	3.720555e-01	2.566329e-02	1.396519e-02	1.169811e-02	1.133539e-03	-2.112703e-02	-4.863140e-02	-7.830988e-04	-4.902295e-02	4.823985e-02
268           	7.013017e-01	2.908809e-01	4.104208e-01	1.452862e-02	7.964969e-03	6.563649e-03	7.006596e-04	-5.976992e-02	-4.519975e-02	-8.736409e-04	-4.563657e-02	4.476293e-02
269           	7.003340e-01	2.498083e-01	4.505257e-01	-7.226401e-04	-2.899727e-04	-4.326673e-04	7.134730e-05	-1.003587e-01	-4.063903e-02	-9.406767e-04	-4.110937e-02	4.016869e-02
270           	6.995488e-01	2.112829e-01	4.882659e-01	-1.753711e-02	-9.417565e-03	-8.119548e-03	-6.490087e-04	-1.384915e-01	-3.707337e-02	-9.758561e-04	-3.756129e-02	3.658544e-02
271           	6.993594e-01	1.799500e-01	5.194094e-01	-3.291271e-02	-1.779273e-02	-1.511997e-02	-1.336379e-03	-1.697297e-01	-3.628104e-02	-9.940397e-04	-3.677806e-02	3.578402e-02
272           	6.998020e-01	1.586200e-01	5.411820e-01	-4.400301e-02	-2.387762e-02	-2.012539e-02	-1.876114e-03	-1.912810e-01	-3.867129e-02	-1.007725e-03	-3.917515e-02	3.816742e-02
273           	7.005938e-01	1.490479e-01	5.515459e-01	-4.874745e-02	-2.654936e-02	-2.219810e-02	-2.175629e-03	-2.012490e-01	-4.311127e-02	-1.022273e-03	-4.362240e-02	4.260013e-02
274           	7.014294e-01	1.508959e-01	5.505335e-01	-4.622291e-02	-2.529609e-02	-2.092682e-02	-2.184639e-03	-1.998188e-01	-4.748264e-02	-1.026464e-03	-4.799587e-02	4.696941e-02
275           	7.020247e-01	1.633405e-01	5.386843e-01	-3.681001e-02	-2.029779e-02	-1.651221e-02	-1.892791e-03	-1.876719e-01	-5.026485e-02	-1.008623e-03	-5.076916e-02	4.976054e-02
276           	7.021318e-01	1.844497e-01	5.176821e-01	-2.214803e-02	-1.240705e-02	-9.740977e-03	-1.333037e-03	-1.666162e-01	-5.067521e-02	-9.576982e-04	-5.115406e-02	5.019636e-02
277           	7.016664e-01	2.128099e-01	4.888564e-01	-4.806601e-03	-2.997203e-03	-1.809398e-03	-5.939027e-04	-1.380233e-01	-4.891486e-02	-8.737908e-04	-4.935176e-02	4.847797e-02
278           	7.009255e-01	2.456799e-01	4.552457e-01	1.203176e-02	6.201231e-03	5.830533e-03	1.853490e-04	-1.047829e-01	-4.658758e-02	-7.700967e-04	-4.697263e-02	4.620253e-02
279           	7.003212e-01	2.798695e-01	4.204517e-01	2.529780e-02	1.350675e-02	1.179106e-02	8.578448e-04	-7.029110e-02	-4.557737e-02	-6.782554e-04	-4.591650e-02	4.523824e-02
280           	7.001418e-01	3.107282e-01	3.894136e-01	3.259235e-02	1.758248e-02	1.500987e-02	1.286304e-03	-3.934268e-02	-4.642383e-02	-6.235213e-04	-4.673559e-02	4.611207e-02
281           	7.004484e-01	3.342540e-01	3.661944e-01	3.264212e-02	1.770860e-02	1.493353e-02	1.387536e-03	-1.597017e-02	-4.829535e-02	-6.227970e-04	-4.860675e-02	4.798395e-02
282           	7.010458e-01	3.465793e-01	3.544665e-01	2.567843e-02	1.399538e-02	1.168305e-02	1.156164e-03	-3.943595e-03	-4.943201e-02	-6.769431e-04	-4.977049e-02	4.909354e-02
283           	7.016025e-01	3.458772e-01	3.557254e-01	1.346579e-02	7.400384e-03	6.065411e-03	6.674862e-04	-4.924083e-03	-4.850735e-02	-7.775896e-04	-4.889615e-02	4.811856e-02
284           	7.016891e-01	3.310514e-01	3.706377e-01	-1.255606e-03	-5.943518e-04	-6.612541e-04	3.345117e-05	-1.979318e-02	-4.507656e-02	-8.996218e-04	-4.552637e-02	4.462675e-02
285           	7.010559e-01	3.028925e-01	3.981634e-01	-1.568461e-02	-8.469123e-03	-7.215485e-03	-6.268190e-04	-4.763542e-02	-4.032256e-02	-1.013167e-03	-4.082914e-02	3.981597e-02
286           	6.999734e-01	2.635190e-01	4.364544e-01	-2.743080e-02	-1.491630e-02	-1.251450e-02	-1.200900e-03	-8.646768e-02	-3.619313e-02	-1.096143e-03	-3.674120e-02	3.564505e-02
287           	6.990867e-01	2.179702e-01	4.811164e-01	-3.466113e-02	-1.891856e-02	-1.574257e-02	-1.587996e-03	-1.315731e-01	-3.448686e-02	-1.142988e-03	-3.505835e-02	3.391536e-02
288           	6.989081e-01	1.722382e-01	5.266699e-01	-3.645012e-02	-1.996209e-02	-1.648803e-02	-1.737028e-03	-1.772159e-01	-3.595936e-02	-1.153604e-03	-3.653616e-02	3.538256e-02
289           	6.995459e-01	1.335852e-01	5.659607e-01	-3.319003e-02	-1.825159e-02	-1.493844e-02	-1.656579e-03	-2.161878e-01	-3.997653e-02	-1.135174e-03	-4.054412e-02	3.940895e-02
290           	7.006960e-01	1.081145e-01	5.925815e-01	-2.637373e-02	-1.459902e-02	-1.177471e-02	-1.412152e-03	-2.422335e-01	-4.473445e-02	-1.093675e-03	-4.528129e-02	4.418762e-02
291           	7.018193e-01	1.007822e-01	6.010371e-01	-1.794340e-02	-1.004829e-02	-7.895112e-03	-1.076588e-03	-2.501275e-01	-4.865847e-02	-1.033389e-03	-4.917517e-02	4.814178e-02
292           	7.023383e-01	1.132237e-01	5.891146e-01	-9.529139e-03	-5.466296e-03	-4.062842e-03	-7.017270e-04	-2.379454e-01	-5.053510e-02	-9.562614e-04	-5.101323e-02	5.005697e-02
293           	7.019347e-01	1.451237e-01	5.568110e-01	-2.285247e-03	-1.472154e-03	-8.130932e-04	-3.295305e-04	-2.058436e-01	-4.974946e-02	-8.678044e-04	-5.018336e-02	4.931555e-02
294           	7.009277e-01	1.923532e-01	5.085745e-01	2.988389e-03	1.479598e-03	1.508791e-03	-1.459635e-05	-1.581106e-01	-4.716863e-02	-7.708628e-04	-4.755406e-02	4.678320e-02
295           	7.000374e-01	2.482969e-01	4.517405e-01	6.024014e-03	3.218273e-03	2.805741e-03	2.062665e-04	-1.017218e-01	-4.462134e-02	-6.802148e-04	-4.496145e-02	4.428123e-02
296           	6.998394e-01	3.033063e-01	3.965331e-01	7.062124e-03	3.842181e-03	3.219944e-03	3.111184e-04	-4.661343e-02	-4.333307e-02	-6.161864e-04	-4.364117e-02	4.302498e-02
297           	7.003908e-01	3.476979e-01	3.526929e-01	6.733439e-03	3.678225e-03	3.055215e-03	3.115051e-04	-2.497489e-03	-4.348637e-02	-5.941036e-04	-4.378342e-02	4.318932e-02
298           	7.012590e-01	3.728492e-01	3.284098e-01	5.687420e-03	3.077718e-03	2.609703e-03	2.340075e-04	2.221972e-02	-4.394506e-02	-6.276041e-04	-4.425887e-02	4.363126e-02
299           	7.019374e-01	3.745142e-01	3.274233e-01	4.427364e-03	2.336754e-03	2.090611e-03	1.230716e-04	2.354546e-02	-4.330965e-02	-7.177410e-04	-4.366852e-02	4.295078e-02
300           	7.020089e-01	3.518525e-01	3.501564e-01	3.250010e-03	1.637649e-03	1.612361e-03	1.264379e-05	8.480371e-04	-4.062898e-02	-8.409232e-04	-4.104945e-02	4.020852e-02
301           	7.013690e-01	3.084370e-01	3.929321e-01	1.922595e-03	8.684741e-04	1.054121e-03	-9.282349e-05	-4.224753e-02	-3.628570e-02	-9.595381e-04	-3.676547e-02	3.580594e-02
302           	7.003410e-01	2.506594e-01	4.496816e-01	-2.404845e-04	-3.302998e-04	8.981523e-05	-2.100575e-04	-9.951111e-02	-3.163138e-02	-1.039977e-03	-3.215137e-02	3.111139e-02
303           	6.994288e-01	1.882032e-01	5.112256e-01	-3.939573e-03	-2.322491e-03	-1.617082e-03	-3.527046e-04	-1.615112e-01	-2.866609e-02	-1.069093e-03	-2.920063e-02	2.813154e-02
304           	6.991119e-01	1.312133e-01	5.678986e-01	-9.452770e-03	-5.266098e-03	-4.186673e-03	-5.397126e-04	-2.183426e-01	-2.881517e-02	-1.053786e-03	-2.934206e-02	2.828827e-02
305           	6.996110e-01	8.933904e-02	6.102720e-01	-1.654705e-02	-9.058292e-03	-7.488757e-03	-7.847676e-04	-2.604665e-01	-3.217432e-02	-1.010880e-03	-3.267976e-02	3.166888e-02
306           	7.008008e-01	6.892515e-02	6.318757e-01	-2.445823e-02	-1.331828e-02	-1.113995e-02	-1.089169e-03	-2.814753e-01	-3.713773e-02	-9.588175e-04	-3.761714e-02	3.665832e-02
307           	7.022820e-01	7.342944e-02	6.288526e-01	-3.167510e-02	-1.723634e-02	-1.443876e-02	-1.398787e-03	-2.777116e-01	-4.172583e-02	-9.084949e-04	-4.218008e-02	4.127158e-02
308           	7.034918e-01	1.012111e-01	6.022807e-01	-3.606199e-02	-1.964255e-02	-1.641944e-02	-1.611556e-03	-2.505348e-01	-4.411772e-02	-8.570617e-04	-4.454625e-02	4.368919e-02
309           	7.037868e-01	1.471477e-01	5.566392e-01	-3.567238e-02	-1.946068e-02	-1.621170e-02	-1.624486e-03	-2.047458e-01	-4.346162e-02	-7.944156e-04	-4.385883e-02	4.306441e-02
310           	7.030301e-01	2.029823e-01	5.000478e-01	-2.956860e-02	-1.618087e-02	-1.338774e-02	-1.396564e-03	-1.485328e-01	-4.026675e-02	-7.111097e-04	-4.062230e-02	3.991119e-02
311           	7.018385e-01	2.599225e-01	4.419160e-01	-1.809231e-02	-9.984802e-03	-8.107505e-03	-9.386486e-04	-9.099672e-02	-3.667909e-02	-6.149094e-04	-3.698654e-02	3.637163e-02
312           	7.010322e-01	3.082083e-01	3.928239e-01	-2.781152e-03	-1.700240e-03	-1.080912e-03	-3.096643e-04	-4.230784e-02	-3.461015e-02	-5.254929e-04	-3.487290e-02	3.434741e-02
313           	7.011162e-01	3.398513e-01	3.612649e-01	1.376367e-02	7.260245e-03	6.503422e-03	3.784115e-04	-1.070678e-02	-3.491840e-02	-4.707156e-04	-3.515376e-02	3.468305e-02
314           	7.020616e-01	3.492731e-01	3.527885e-01	2.805563e-02	1.499931e-02	1.305632e-02	9.714958e-04	-1.757666e-03	-3.627752e-02	-4.751644e-04	-3.651511e-02	3.603994e-02
315           	7.031674e-01	3.361981e-01	3.669693e-01	3.665807e-02	1.966686e-02	1.699121e-02	1.337822e-03	-1.538562e-02	-3.668863e-02	-5.445965e-04	-3.696092e-02	3.641633e-02
316           	7.035458e-01	3.041232e-01	3.994227e-01	3.747641e-02	2.014283e-02	1.733357e-02	1.404630e-03	-4.764975e-02	-3.468137e-02	-6.610574e-04	-3.501190e-02	3.435085e-02
317           	7.028393e-01	2.597549e-01	4.430844e-01	2.998808e-02	1.614808e-02	1.384000e-02	1.154040e-03	-9.166473e-02	-3.034439e-02	-7.903779e-04	-3.073958e-02	2.994920e-02
318           	7.014602e-01	2.103208e-01	4.911394e-01	1.500087e-02	8.096865e-03	6.904001e-03	5.964321e-04	-1.404093e-01	-2.530489e-02	-8.931617e-04	-2.575147e-02	2.485831e-02
319           	7.002268e-01	1.640181e-01	5.362087e-01	-5.242733e-03	-2.811758e-03	-2.430975e-03	-1.903913e-04	-1.860953e-01	-2.178253e-02	-9.513906e-04	-2.225823e-02	2.130684e-02
320           	7.000186e-01	1.276693e-01	5.723493e-01	-2.706841e-02	-1.459903e-02	-1.246938e-02	-1.064827e-03	-2.223400e-01	-2.121973e-02	-9.707926e-04	-2.170512e-02	2.073433e-02
321           	7.011339e-01	1.062587e-01	5.948752e-01	-4.587555e-02	-2.478023e-02	-2.109532e-02	-1.842450e-03	-2.443082e-01	-2.374325e-02	-9.675240e-04	-2.422702e-02	2.325949e-02
322           	7.029099e-01	1.006421e-01	6.022678e-01	-5.753249e-02	-3.113639e-02	-2.639610e-02	-2.370143e-03	-2.508129e-01	-2.798138e-02	-9.560509e-04	-2.845940e-02	2.750335e-02
323           	7.043903e-01	1.096797e-01	5.947106e-01	-5.967416e-02	-3.240021e-02	-2.727395e-02	-2.563134e-03	-2.425155e-01	-3.212355e-02	-9.361868e-04	-3.259165e-02	3.165546e-02
324           	7.050744e-01	1.300732e-01	5.750012e-01	-5.182028e-02	-2.828165e-02	-2.353864e-02	-2.371504e-03	-2.224640e-01	-3.471141e-02	-8.979381e-04	-3.516038e-02	3.426245e-02
325           	7.046813e-01	1.582889e-01	5.463924e-01	-3.514856e-02	-1.935674e-02	-1.579182e-02	-1.782461e-03	-1.940518e-01	-3.512034e-02	-8.303472e-04	-3.553552e-02	3.470517e-02
326           	7.034940e-01	1.898106e-01	5.136835e-01	-1.255050e-02	-7.164325e-03	-5.386177e-03	-8.890742e-04	-1.619365e-01	-3.340808e-02	-7.275938e-04	-3.377187e-02	3.304428e-02
327           	7.024792e-01	2.210112e-01	4.814680e-01	1.146667e-02	5.854623e-03	5.612051e-03	1.212863e-04	-1.302284e-01	-3.093103e-02	-6.056497e-04	-3.123386e-02	3.062821e-02
328           	7.022796e-01	2.480478e-01	4.542318e-01	3.190557e-02	1.698231e-02	1.492326e-02	1.029527e-03	-1.030920e-01	-2.918715e-02	-4.919243e-04	-2.943312e-02	2.894119e-02
329           	7.027624e-01	2.682317e-01	4.345307e-01	4.474852e-02	2.403407e-02	2.071445e-02	1.659808e-03	-8.314954e-02	-2.894993e-02	-4.208289e-04	-2.916035e-02	2.873952e-02
330           	7.034903e-01	2.790632e-01	4.244271e-01	4.766173e-02	2.571862e-02	2.194311e-02	1.887756e-03	-7.268196e-02	-2.956428e-02	-4.131981e-04	-2.977088e-02	2.935768e-02
331           	7.038251e-01	2.799257e-01	4.238994e-01	4.026466e-02	2.180461e-02	1.846006e-02	1.672275e-03	-7.198689e-02	-2.943200e-02	-4.778015e-04	-2.967090e-02	2.919310e-02
332           	7.035642e-01	2.713197e-01	4.322445e-01	2.423507e-02	1.318622e-02	1.104885e-02	1.068684e-03	-8.046242e-02	-2.722775e-02	-6.014829e-04	-2.752849e-02	2.692701e-02
333           	7.028615e-01	2.553607e-01	4.475007e-01	3.162916e-03	1.809643e-03	1.353273e-03	2.281849e-04	-9.607000e-02	-2.271134e-02	-7.492244e-04	-2.308595e-02	2.233672e-02
334           	7.021048e-01	2.334285e-01	4.686763e-01	-1.836773e-02	-9.845289e-03	-8.522439e-03	-6.614249e-04	-1.176239e-01	-1.710437e-02	-8.784962e-04	-1.754362e-02	1.666512e-02
335           	7.016930e-01	2.075567e-01	4.941363e-01	-3.606849e-02	-1.945724e-02	-1.661126e-02	-1.422989e-03	-1.432898e-01	-1.229367e-02	-9.707984e-04	-1.277907e-02	1.180827e-02
336           	7.019856e-01	1.795868e-01	5.223988e-01	-4.680475e-02	-2.532936e-02	-2.147539e-02	-1.926988e-03	-1.714060e-01	-1.005226e-02	-1.024195e-03	-1.056436e-02	9.540162e-03
337           	7.027789e-01	1.521874e-01	5.505916e-01	-4.898876e-02	-2.659026e-02	-2.239850e-02	-2.095880e-03	-1.992021e-01	-1.118488e-02	-1.044801e-03	-1.170728e-02	1.066248e-02
338           	7.036078e-01	1.277333e-01	5.758745e-01	-4.286889e-02	-2.337254e-02	-1.949634e-02	-1.938098e-03	-2.240706e-01	-1.490479e-02	-1.035630e-03	-1.542260e-02	1.438697e-02
339           	7.041845e-01	1.096921e-01	5.944924e-01	-3.039472e-02	-1.672048e-02	-1.367424e-02	-1.523119e-03	-2.424001e-01	-1.956821e-02	-9.912097e-04	-2.006381e-02	1.907260e-02
340           	7.045421e-01	1.007911e-01	6.037510e-01	-1.460725e-02	-8.262404e-03	-6.344845e-03	-9.587795e-04	-2.514799e-01	-2.348911e-02	-9.099288e-04	-2.394408e-02	2.303415e-02
341           	7.045279e-01	1.034266e-01	6.011012e-01	1.283983e-03	3.026621e-04	9.813212e-04	-3.393296e-04	-2.488373e-01	-2.539073e-02	-7.967660e-04	-2.578911e-02	2.499235e-02
342           	7.041830e-01	1.182987e-01	5.858843e-01	1.434400e-02	7.397216e-03	6.946780e-03	2.252180e-04	-2.337928e-01	-2.467448e-02	-6.593861e-04	-2.500417e-02	2.434478e-02
343           	7.038654e-01	1.452029e-01	5.586625e-01	2.235317e-02	1.181359e-02	1.053958e-02	6.370083e-04	-2.067298e-01	-2.248439e-02	-5.206325e-04	-2.274470e-02	2.222407e-02
344           	7.039148e-01	1.811299e-01	5.227849e-01	2.449368e-02	1.309224e-02	1.140144e-02	8.453987e-04	-1.708275e-01	-2.029942e-02	-4.133123e-04	-2.050607e-02	2.009276e-02
345           	7.043533e-01	2.214364e-01	4.829169e-01	2.142630e-02	1.156047e-02	9.865834e-03	8.473174e-04	-1.307402e-01	-1.905973e-02	-3.579883e-04	-1.923872e-02	1.888073e-02
346           	7.049093e-01	2.590466e-01	4.458626e-01	1.468753e-02	8.006808e-03	6.680718e-03	6.630451e-04	-9.340799e-02	-1.860785e-02	-3.596797e-04	-1.878769e-02	1.842801e-02
347           	7.051877e-01	2.880690e-01	4.171187e-01	6.010179e-03	3.347596e-03	2.662583e-03	3.425066e-04	-6.452485e-02	-1.761551e-02	-4.198839e-04	-1.782545e-02	1.740557e-02
348           	7.053808e-01	3.024765e-01	4.029044e-01	-2.707688e-03	-1.369945e-03	-1.337744e-03	-1.610043e-05	-5.021395e-02	-1.566545e-02	-5.287589e-04	-1.592983e-02	1.540107e-02
349           	7.050548e-01	3.000592e-01	4.049956e-01	-9.473541e-03	-5.053400e-03	-4.420141e-03	-3.166296e-04	-5.246819e-02	-1.167286e-02	-6.680956e-04	-1.200691e-02	1.133881e-02
350           	7.045877e-01	2.796312e-01	4.249565e-01	-1.338144e-02	-7.220726e-03	-6.160718e-03	-5.300040e-04	-7.266263e-02	-6.683519e-03	-8.071114e-04	-7.087075e-03	6.279964e-03
351           	7.042724e-01	2.431545e-01	4.611179e-01	-1.482492e-02	-8.078855e-03	-6.746062e-03	-6.663965e-04	-1.089817e-01	-2.466986e-03	-9.173349e-04	-2.925653e-03	2.008318e-03
352           	7.041149e-01	1.949662e-01	5.091487e-01	-1.475230e-02	-8.123536e-03	-6.628763e-03	-7.473866e-04	-1.570912e-01	-5.911349e-04	-9.826823e-04	-1.082476e-03	9.979373e-05
353           	7.040429e-01	1.424655e-01	5.615774e-01	-1.389544e-02	-7.720582e-03	-6.174857e-03	-7.728627e-04	-2.095559e-01	-1.930867e-03	-9.977117e-04	-2.429723e-03	1.432011e-03
354           	7.042338e-01	9.355283e-02	6.106809e-01	-1.281844e-02	-7.191226e-03	-5.627211e-03	-7.820076e-04	-2.585641e-01	-6.152344e-03	-9.630111e-04	-6.633850e-03	5.670839e-03
355           	7.046694e-01	5.658945e-02	6.480800e-01	-1.187436e-02	-6.742708e-03	-5.131652e-03	-8.055278e-04	-2.957452e-01	-1.183791e-02	-8.898087e-04	-1.228282e-02	1.139301e-02
356           	7.054673e-01	3.830830e-02	6.671590e-01	-1.102594e-02	-6.334993e-03	-4.690951e-03	-8.220214e-04	-3.144253e-01	-1.707300e-02	-7.965951e-04	-1.747130e-02	1.667470e-02
357           	7.065097e-01	4.340190e-02	6.631078e-01	-9.467118e-03	-5.488067e-03	-3.979051e-03	-7.545078e-04	-3.098530e-01	-2.014196e-02	-7.017338e-04	-2.049283e-02	1.979110e-02
358           	7.071225e-01	7.170075e-02	6.354218e-01	-6.099503e-03	-3.596440e-03	-2.503062e-03	-5.466890e-04	-2.818605e-01	-1.996421e-02	-6.099962e-04	-2.026921e-02	1.965922e-02
359           	7.067801e-01	1.191551e-01	5.876250e-01	-7.802851e-04	-6.155544e-04	-1.647307e-04	-2.254119e-04	-2.342350e-01	-1.717318e-02	-5.192749e-04	-1.743281e-02	1.691354e-02
360           	7.059331e-01	1.780105e-01	5.279226e-01	5.533280e-03	2.905805e-03	2.627475e-03	1.391651e-04	-1.749561e-01	-1.390509e-02	-4.373093e-04	-1.412375e-02	1.368644e-02
361           	7.049427e-01	2.389343e-01	4.660084e-01	1.138443e-02	6.162791e-03	5.221641e-03	4.705754e-04	-1.135371e-01	-1.191942e-02	-3.819578e-04	-1.211040e-02	1.172844e-02
362           	7.042288e-01	2.907567e-01	4.134721e-01	1.513930e-02	8.235863e-03	6.903435e-03	6.662140e-04	-6.135770e-02	-1.165046e-02	-3.700027e-04	-1.183546e-02	1.146545e-02
363           	7.041454e-01	3.241139e-01	3.800315e-01	1.537942e-02	8.354630e-03	7.024789e-03	6.649208e-04	-2.795879e-02	-1.194019e-02	-4.152079e-04	-1.214780e-02	1.173259e-02
364           	7.044401e-01	3.326106e-01	3.718295e-01	1.159657e-02	6.261960e-03	5.334607e-03	4.636767e-04	-1.960942e-02	-1.113435e-02	-5.186867e-04	-1.139369e-02	1.087501e-02
365           	7.042878e-01	3.153409e-01	3.889469e-01	4.668068e-03	2.463400e-03	2.204668e-03	1.293658e-04	-3.680298e-02	-8.264272e-03	-6.611873e-04	-8.594866e-03	7.933678e-03
366           	7.032797e-01	2.748199e-01	4.284598e-01	-3.683262e-03	-2.108084e-03	-1.575177e-03	-2.664537e-04	-7.681996e-02	-4.215902e-03	-8.047051e-04	-4.618255e-03	3.813550e-03
367           	7.015305e-01	2.174529e-01	4.840776e-01	-1.153240e-02	-6.407812e-03	-5.124588e-03	-6.416122e-04	-1.333123e-01	-8.585696e-04	-9.144711e-04	-1.315805e-03	4.013341e-04
368           	6.998084e-01	1.519645e-01	5.478439e-01	-1.706155e-02	-9.442768e-03	-7.618781e-03	-9.119932e-04	-1.979397e-01	2.443973e-04	-9.741446e-04	-2.426750e-04	-7.314696e-04
369           	6.990164e-01	8.942866e-02	6.095878e-01	-1.882314e-02	-1.042256e-02	-8.400581e-03	-1.010992e-03	-2.600796e-01	-1.652587e-03	-9.869739e-04	-2.146074e-03	1.159100e-03
370           	6.994551e-01	3.991578e-02	6.595394e-01	-1.634886e-02	-9.105418e-03	-7.243438e-03	-9.309904e-04	-3.098118e-01	-5.656705e-03	-9.666501e-04	-6.140030e-03	5.173380e-03
371           	7.007073e-01	1.174795e-02	6.889593e-01	-1.052323e-02	-5.976110e-03	-4.547119e-03	-7.144952e-04	-3.386057e-01	-1.016551e-02	-9.240942e-04	-1.062755e-02	9.703460e-03
372           	7.018561e-01	8.643374e-03	6.932127e-01	-3.119546e-03	-1.988086e-03	-1.131460e-03	-4.283128e-04	-3.422847e-01	-1.361174e-02	-8.683109e-04	-1.404589e-02	1.317758e-02
373           	7.020180e-01	3.085881e-02	6.711592e-01	3.977921e-03	1.866551e-03	2.111370e-03	-1.224098e-04	-3.201502e-01	-1.511309e-02	-8.055205e-04	-1.551585e-02	1.471033e-02
374           	7.008697e-01	7.483070e-02	6.260390e-01	9.202350e-03	4.745585e-03	4.456764e-03	1.444105e-04	-2.756041e-01	-1.420526e-02	-7.334174e-04	-1.457197e-02	1.383855e-02
375           	6.989567e-01	1.347558e-01	5.642009e-01	1.139482e-02	6.006262e-03	5.388555e-03	3.088536e-04	-2.147225e-01	-1.152163e-02	-6.525680e-04	-1.184791e-02	1.119535e-02
376           	6.972943e-01	2.013915e-01	4.959028e-01	1.009102e-02	5.371024e-03	4.719992e-03	3.255164e-04	-1.472556e-01	-8.580228e-03	-5.735992e-04	-8.867028e-03	8.293429e-03
377           	6.966701e-01	2.641780e-01	4.324921e-01	5.909176e-03	3.160074e-03	2.749102e-03	2.054858e-04	-8.415703e-02	-6.612404e-03	-5.169383e-04	-6.870873e-03	6.353935e-03
378           	6.970158e-01	3.116526e-01	3.853632e-01	4.256411e-04	2.085738e-04	2.170674e-04	-4.246813e-06	-3.685528e-02	-6.043507e-03	-4.997045e-04	-6.293359e-03	5.793655e-03
379           	6.975109e-01	3.354799e-01	3.620310e-01	-4.423497e-03	-2.430669e-03	-1.992828e-03	-2.189207e-04	-1.327554e-02	-6.351598e-03	-5.315699e-04	-6.617383e-03	6.085813e-03
380           	6.973441e-01	3.313109e-01	3.660332e-01	-7.027464e-03	-3.883214e-03	-3.144250e-03	-3.694816e-04	-1.736116e-02	-6.393810e-03	-6.101265e-04	-6.698873e-03	6.088747e-03
381           	6.962255e-01	3.000104e-01	3.962151e-01	-6.432593e-03	-3.614258e-03	-2.818336e-03	-3.979611e-04	-4.810237e-02	-5.039212e-03	-7.200547e-04	-5.399239e-03	4.679185e-03
382           	6.946132e-01	2.457475e-01	4.488658e-01	-2.498168e-03	-1.531848e-03	-9.663202e-04	-2.827637e-04	-1.015591e-01	-2.268489e-03	-8.284178e-04	-2.682698e-03	1.854280e-03
383           	6.933502e-01	1.771692e-01	5.161810e-01	3.814311e-03	1.858308e-03	1.956003e-03	-4.884783e-05	-1.695059e-01	8.440097e-04	-9.072714e-04	3.903740e-04	-1.297645e-03
384           	6.930814e-01	1.053781e-01	5.877033e-01	1.037902e-02	5.406096e-03	4.972926e-03	2.165848e-04	-2.411626e-01	3.109555e-03	-9.486465e-04	2.635232e-03	-3.583878e-03
385           	6.938774e-01	4.319525e-02	6.506821e-01	1.453525e-02	7.673059e-03	6.862193e-03	4.054331e-04	-3.037434e-01	3.529304e-03	-9.571958e-04	3.050706e-03	-4.007902e-03
386           	6.952140e-01	6.593778e-04	6.945546e-01	1.428095e-02	7.570049e-03	6.710902e-03	4.295736e-04	-3.469476e-01	1.948923e-03	-9.424726e-04	1.477687e-03	-2.420160e-03
387           	6.964531e-01	-1.492673e-02	7.113798e-01	9.041604e-03	4.774596e-03	4.267008e-03	2.537940e-04	-3.631533e-01	-5.739603e-04	-9.167501e-04	-1.032335e-03	1.155853e-04
388           	6.973003e-01	-8.963529e-04	6.981966e-01	-4.584624e-04	-3.587371e-04	-9.972532e-05	-1.295059e-04	-3.495465e-01	-2.676043e-03	-8.827038e-04	-3.117395e-03	2.234691e-03
389           	6.976614e-01	4.135127e-02	6.563101e-01	-1.233193e-02	-6.812601e-03	-5.519334e-03	-6.466331e-04	-3.074794e-01	-3.645973e-03	-8.417960e-04	-4.066871e-03	3.225075e-03
390           	6.975942e-01	1.048152e-01	5.927790e-01	-2.359333e-02	-1.294488e-02	-1.064844e-02	-1.148220e-03	-2.439819e-01	-3.035553e-03	-7.890991e-04	-3.430103e-03	2.641004e-03
391           	6.973891e-01	1.784667e-01	5.189225e-01	-3.071082e-02	-1.682268e-02	-1.388814e-02	-1.467269e-03	-1.702279e-01	-9.813200e-04	-7.217674e-04	-1.342204e-03	6.204363e-04
392           	6.973524e-01	2.483780e-01	4.489744e-01	-3.086959e-02	-1.692772e-02	-1.394188e-02	-1.492919e-03	-1.002982e-01	1.354905e-03	-6.449696e-04	1.032420e-03	-1.677390e-03
393           	6.976310e-01	3.020881e-01	3.955429e-01	-2.300964e-02	-1.268531e-02	-1.032433e-02	-1.180494e-03	-4.672744e-02	2.629287e-03	-5.743742e-04	2.342099e-03	-2.916474e-03
394           	6.981133e-01	3.296359e-01	3.684774e-01	-8.094246e-03	-4.624026e-03	-3.470220e-03	-5.769028e-04	-1.942075e-02	2.232737e-03	-5.256099e-04	1.969932e-03	-2.495542e-03
395           	6.986018e-01	3.262059e-01	3.723959e-01	1.099513e-02	5.704501e-03	5.290632e-03	2.069347e-04	-2.309501e-02	9.613670e-04	-5.121378e-04	7.052981e-04	-1.217436e-03
396           	6.988845e-01	2.923588e-01	4.065256e-01	2.996313e-02	1.597249e-02	1.399064e-02	9.909272e-04	-5.708339e-02	1.479748e-04	-5.374918e-04	-1.207711e-04	-4.167207e-04
397           	6.987588e-01	2.355383e-01	4.632204e-01	4.420126e-02	2.369733e-02	2.050393e-02	1.596698e-03	-1.138411e-01	1.077043e-03	-5.979289e-04	7.780790e-04	-1.376008e-03
398           	6.983832e-01	1.668682e-01	5.315150e-01	5.000419e-02	2.688425e-02	2.311993e-02	1.882160e-03	-1.823234e-01	4.100898e-03	-6.796118e-04	3.761092e-03	-4.440704e-03
399           	6.982511e-01	1.000534e-01	5.981977e-01	4.528201e-02	2.440151e-02	2.088050e-02	1.760503e-03	-2.490722e-01	8.495327e-03	-7.606285e-04	8.115013e-03	-8.875641e-03
400           	6.986610e-01	4.694725e-02	6.517138e-01	3.019270e-02	1.631491e-02	1.387780e-02	1.218554e-03	-3.023833e-01	1.255982e-02	-8.269046e-04	1.214637e-02	-1.297328e-02
401           	6.997735e-01	1.675183e-02	6.830217e-01	7.370147e-03	4.035505e-03	3.334642e-03	3.504312e-04	-3.331349e-01	1.467833e-02	-8.808591e-04	1.423790e-02	-1.511875e-02
402           	7.015689e-01	1.373233e-02	6.878366e-01	-1.823875e-02	-9.786509e-03	-8.452241e-03	-6.671340e-04	-3.370521e-01	1.397353e-02	-9.202615e-04	1.351340e-02	-1.443366e-02
403           	7.035422e-01	3.760101e-02	6.659412e-01	-4.057021e-02	-2.189525e-02	-1.867496e-02	-1.610148e-03	-3.141701e-01	1.052802e-02	-9.458183e-04	1.005511e-02	-1.100093e-02
404           	7.051817e-01	8.273538e-02	6.224463e-01	-5.461305e-02	-2.959539e-02	-2.501766e-02	-2.288862e-03	-2.698555e-01	5.944816e-03	-9.544630e-04	5.467584e-03	-6.422047e-03
405           	7.063600e-01	1.404136e-01	5.659464e-01	-5.731031e-02	-3.118942e-02	-2.612089e-02	-2.534262e-03	-2.127664e-01	2.599111e-03	-9.380927e-04	2.130065e-03	-3.068158e-03
406           	7.067108e-01	1.989483e-01	5.077625e-01	-4.773974e-02	-2.611790e-02	-2.162184e-02	-2.248026e-03	-1.544071e-01	1.882473e-03	-8.873532e-04	1.438796e-03	-2.326150e-03
407           	7.062552e-01	2.478896e-01	4.583656e-01	-2.752860e-02	-1.523813e-02	-1.229047e-02	-1.473831e-03	-1.052380e-01	3.228928e-03	-7.985688e-04	2.829644e-03	-3.628212e-03
408           	7.055466e-01	2.790705e-01	4.264761e-01	-1.155153e-03	-9.909113e-04	-1.642415e-04	-4.133349e-04	-7.370278e-02	4.614735e-03	-6.809638e-04	4.274253e-03	-4.955217e-03
409           	7.050131e-01	2.883719e-01	4.166411e-01	2.533469e-02	1.336280e-02	1.197190e-02	6.954502e-04	-6.413459e-02	4.031990e-03	-5.632669e-04	3.750356e-03	-4.313623e-03
410           	7.049520e-01	2.736079e-01	4.313441e-01	4.582594e-02	2.450561e-02	2.132033e-02	1.592639e-03	-7.886809e-02	1.414239e-03	-4.771636e-04	1.175657e-03	-1.652821e-03
411           	7.054956e-01	2.388935e-01	4.666021e-01	5.607561e-02	3.012556e-02	2.595005e-02	2.087754e-03	-1.138543e-01	-1.355096e-03	-4.465354e-04	-1.578363e-03	1.131828e-03
412           	7.060314e-01	1.916029e-01	5.144285e-01	5.446318e-02	2.931332e-02	2.514986e-02	2.081732e-03	-1.614128e-01	-1.928952e-03	-4.886766e-04	-2.173290e-03	1.684614e-03
413           	7.064025e-01	1.419591e-01	5.644433e-01	4.179736e-02	2.251930e-02	1.927806e-02	1.620621e-03	-2.112421e-01	1.220519e-03	-5.926725e-04	9.241827e-04	-1.516855e-03
414           	7.066267e-01	9.873045e-02	6.078962e-01	2.162198e-02	1.167440e-02	9.947573e-03	8.634159e-04	-2.545829e-01	7.476876e-03	-7.266345e-04	7.113559e-03	-7.840193e-03
415           	7.069648e-01	6.885318e-02	6.381117e-01	-7.475726e-04	-3.507313e-04	-3.968413e-04	2.305502e-05	-2.846292e-01	1.432579e-02	-8.590542e-04	1.389627e-02	-1.475532e-02
416           	7.075755e-01	5.614894e-02	6.514265e-01	-2.062433e-02	-1.106854e-02	-9.555793e-03	-7.563747e-04	-2.976388e-01	1.924425e-02	-9.704059e-04	1.875905e-02	-1.972945e-02
417           	7.087154e-01	6.382771e-02	6.448876e-01	-3.442654e-02	-1.855638e-02	-1.587016e-02	-1.343107e-03	-2.905300e-01	1.991609e-02	-1.048056e-03	1.939206e-02	-2.044012e-02
418           	7.098441e-01	8.919589e-02	6.206482e-01	-4.010305e-02	-2.169515e-02	-1.840790e-02	-1.643626e-03	-2.657262e-01	1.657432e-02	-1.090677e-03	1.602898e-02	-1.711966e-02
419           	7.108643e-01	1.274431e-01	5.834213e-01	-3.745002e-02	-2.037183e-02	-1.707819e-02	-1.646823e-03	-2.279891e-01	1.162346e-02	-1.101009e-03	1.107296e-02	-1.217397e-02
420           	7.115230e-01	1.706849e-01	5.408380e-01	-2.836829e-02	-1.559846e-02	-1.276983e-02	-1.414314e-03	-1.850765e-01	7.871943e-03	-1.071207e-03	7.336339e-03	-8.407546e-03
421           	7.115020e-01	2.112579e-01	5.002441e-01	-1.585738e-02	-8.933371e-03	-6.924011e-03	-1.004680e-03	-1.444931e-01	6.624185e-03	-9.982810e-04	6.125045e-03	-7.123326e-03
422           	7.106027e-01	2.422369e-01	4.683658e-01	-2.436830e-03	-1.690894e-03	-7.459359e-04	-4.724791e-04	-1.130644e-01	7.074867e-03	-8.788496e-04	6.635442e-03	-7.514292e-03
423           	7.093464e-01	2.577049e-01	4.516415e-01	9.757959e-03	4.948540e-03	4.809419e-03	6.956091e-05	-9.696830e-02	8.152014e-03	-7.238375e-04	7.790095e-03	-8.513933e-03
424           	7.080949e-01	2.552401e-01	4.528548e-01	1.856228e-02	9.769190e-03	8.793092e-03	4.880491e-04	-9.880734e-02	7.624874e-03	-5.592909e-04	7.345229e-03	-7.904519e-03
425           	7.078205e-01	2.362709e-01	4.715496e-01	2.283285e-02	1.214123e-02	1.069162e-02	7.248030e-04	-1.176394e-01	5.100218e-03	-4.240140e-04	4.888211e-03	-5.312225e-03
426           	7.086359e-01	2.047493e-01	5.038865e-01	2.327192e-02	1.244360e-02	1.082832e-02	8.076409e-04	-1.495686e-01	2.520710e-03	-3.507523e-04	2.345334e-03	-2.696086e-03
427           	7.098326e-01	1.675235e-01	5.423092e-01	2.178245e-02	1.170127e-02	1.008118e-02	8.100454e-04	-1.873929e-01	2.433991e-03	-3.516861e-04	2.258148e-03	-2.609834e-03
428           	7.104598e-01	1.307663e-01	5.796935e-01	1.971261e-02	1.062170e-02	9.090908e-03	7.653970e-04	-2.244636e-01	6.232128e-03	-4.179878e-04	6.023134e-03	-6.441122e-03
429           	7.105853e-01	1.027649e-01	6.078205e-01	1.699372e-02	9.193827e-03	7.799894e-03	6.969665e-04	-2.525278e-01	1.304060e-02	-5.274999e-04	1.277685e-02	-1.330435e-02
430           	7.100036e-01	8.764829e-02	6.223553e-01	1.396034e-02	7.616317e-03	6.344027e-03	6.361451e-04	-2.673535e-01	2.111795e-02	-6.494299e-04	2.079323e-02	-2.144266e-02
431           	7.095159e-01	8.802014e-02	6.214958e-01	1.041238e-02	5.755768e-03	4.656608e-03	5.495801e-04	-2.667378e-01	2.742853e-02	-7.585527e-04	2.704926e-02	-2.780781e-02
432           	7.098668e-01	1.025386e-01	6.073283e-01	5.131063e-03	2.903308e-03	2.227755e-03	3.377768e-04	-2.523949e-01	2.992242e-02	-8.466051e-04	2.949912e-02	-3.034572e-02
433           	7.108696e-01	1.273568e-01	5.835128e-01	-3.206797e-03	-1.660916e-03	-1.545881e-03	-5.751723e-05	-2.280780e-01	2.863960e-02	-9.078425e-04	2.818568e-02	-2.909352e-02
434           	7.116652e-01	1.564694e-01	5.551958e-01	-1.431067e-02	-7.759247e-03	-6.551419e-03	-6.039142e-04	-1.993632e-01	2.543143e-02	-9.380983e-04	2.496238e-02	-2.590048e-02
435           	7.117186e-01	1.845553e-01	5.271632e-01	-2.604787e-02	-1.421458e-02	-1.183329e-02	-1.190644e-03	-1.713040e-01	2.228882e-02	-9.284799e-04	2.182458e-02	-2.275306e-02
436           	7.111033e-01	2.060949e-01	5.050085e-01	-3.573562e-02	-1.957465e-02	-1.616097e-02	-1.706837e-03	-1.494568e-01	2.038660e-02	-8.722776e-04	1.995046e-02	-2.082274e-02
437           	7.101669e-01	2.177214e-01	4.924455e-01	-4.058509e-02	-2.229101e-02	-1.829408e-02	-1.998466e-03	-1.373621e-01	1.963659e-02	-7.689372e-04	1.925213e-02	-2.002106e-02
438           	7.094579e-01	2.184111e-01	4.910467e-01	-3.792488e-02	-2.087484e-02	-1.705005e-02	-1.912395e-03	-1.363178e-01	1.920373e-02	-6.270654e-04	1.889020e-02	-1.951727e-02
439           	7.094352e-01	2.104461e-01	4.989892e-01	-2.600317e-02	-1.438119e-02	-1.162198e-02	-1.379605e-03	-1.442715e-01	1.811617e-02	-4.625011e-04	1.788492e-02	-1.834742e-02
440           	7.097229e-01	1.963361e-01	5.133868e-01	-5.695486e-03	-3.331361e-03	-2.364126e-03	-4.836176e-04	-1.585253e-01	1.616173e-02	-2.949375e-04	1.601427e-02	-1.630920e-02
441           	7.099979e-01	1.791534e-01	5.308444e-01	1.922339e-02	1.019524e-02	9.028151e-03	5.835446e-04	-1.758455e-01	1.421627e-02	-1.552822e-04	1.413863e-02	-1.429391e-02
442           	7.100729e-01	1.614481e-01	5.486249e-01	4.354784e-02	2.340098e-02	2.014686e-02	1.627062e-03	-1.935884e-01	1.400382e-02	-7.264804e-05	1.396750e-02	-1.404014e-02
443           	7.097028e-01	1.461511e-01	5.635517e-01	6.172081e-02	3.329097e-02	2.842984e-02	2.430564e-03	-2.087003e-01	1.703165e-02	-6.625686e-05	1.699852e-02	-1.706478e-02
444           	7.092522e-01	1.348222e-01	5.744299e-01	6.877851e-02	3.716300e-02	3.161550e-02	2.773751e-03	-2.198039e-01	2.332982e-02	-1.307405e-04	2.326445e-02	-2.339519e-02
445           	7.092801e-01	1.281827e-01	5.810974e-01	6.179649e-02	3.345274e-02	2.834376e-02	2.554491e-03	-2.264573e-01	3.130004e-02	-2.471822e-04	3.117645e-02	-3.142363e-02
446           	7.095614e-01	1.248406e-01	5.847208e-01	4.139214e-02	2.250711e-02	1.888503e-02	1.811037e-03	-2.299401e-01	3.883490e-02	-3.825857e-04	3.864361e-02	-3.902619e-02
447           	7.096967e-01	1.241292e-01	5.855675e-01	1.166035e-02	6.519134e-03	5.141215e-03	6.889595e-04	-2.307192e-01	4.366934e-02	-5.103310e-04	4.341418e-02	-4.392451e-02
448           	7.094441e-01	1.254570e-01	5.839871e-01	-2.150818e-02	-1.139333e-02	-1.011485e-02	-6.392400e-04	-2.292650e-01	4.447441e-02	-6.153515e-04	4.416673e-02	-4.478208e-02
449           	7.089122e-01	1.301797e-01	5.787325e-01	-5.146103e-02	-2.764013e-02	-2.382090e-02	-1.909614e-03	-2.242764e-01	4.201669e-02	-6.923677e-04	4.167051e-02	-4.236287e-02
450           	7.084794e-01	1.391572e-01	5.693222e-01	-7.167607e-02	-3.867564e-02	-3.300043e-02	-2.837604e-03	-2.150825e-01	3.812044e-02	-7.315246e-04	3.775468e-02	-3.848620e-02
451           	7.087315e-01	1.529088e-01	5.558227e-01	-7.726330e-02	-4.183031e-02	-3.543299e-02	-3.198658e-03	-2.014569e-01	3.449518e-02	-7.215434e-04	3.413441e-02	-3.485596e-02
452           	7.095365e-01	1.699826e-01	5.395540e-01	-6.676952e-02	-3.630272e-02	-3.046680e-02	-2.917964e-03	-1.847857e-01	3.169092e-02	-6.490200e-04	3.136641e-02	-3.201543e-02
453           	7.101195e-01	1.889875e-01	5.211321e-01	-4.255382e-02	-2.332599e-02	-1.922784e-02	-2.049076e-03	-1.660723e-01	2.935822e-02	-5.084137e-04	2.910401e-02	-2.961242e-02
454           	7.097175e-01	2.072065e-01	5.025109e-01	-9.803270e-03	-5.668535e-03	-4.134734e-03	-7.669005e-04	-1.476522e-01	2.667296e-02	-3.061854e-04	2.651987e-02	-2.682605e-02
455           	7.084783e-01	2.210909e-01	4.873875e-01	2.486857e-02	1.309631e-02	1.177226e-02	6.620265e-04	-1.331483e-01	2.332510e-02	-8.427267e-05	2.328297e-02	-2.336724e-02
456           	7.071299e-01	2.255773e-01	4.815526e-01	5.445776e-02	2.915170e-02	2.530606e-02	1.922818e-03	-1.279877e-01	2.023026e-02	9.824528e-05	2.027938e-02	-2.018114e-02
457           	7.062075e-01	2.176572e-01	4.885503e-01	7.288544e-02	3.919887e-02	3.368657e-02	2.756148e-03	-1.354465e-01	1.878873e-02	2.025821e-04	1.889002e-02	-1.868744e-02
458           	7.061123e-01	1.966224e-01	5.094899e-01	7.662882e-02	4.132762e-02	3.530119e-02	3.013215e-03	-1.564337e-01	2.024460e-02	2.160892e-04	2.035264e-02	-2.013655e-02
459           	7.066827e-01	1.647044e-01	5.419782e-01	6.549530e-02	3.541925e-02	3.007605e-02	2.671599e-03	-1.886369e-01	2.495008e-02	1.567709e-04	2.502847e-02	-2.487170e-02
460           	7.073934e-01	1.258812e-01	5.815121e-01	4.225933e-02	2.295691e-02	1.930243e-02	1.827239e-03	-2.278155e-01	3.145059e-02	4.224635e-05	3.147171e-02	-3.142947e-02
461           	7.080436e-01	8.777552e-02	6.202681e-01	1.194449e-02	6.655653e-03	5.288836e-03	6.834083e-04	-2.662463e-01	3.717871e-02	-1.057920e-04	3.712581e-02	-3.723160e-02
462           	7.085684e-01	5.948321e-02	6.490852e-01	-1.924241e-02	-1.014777e-02	-9.094633e-03	-5.265710e-04	-2.948010e-01	4.093517e-02	-2.666184e-04	4.080186e-02	-4.106848e-02
463           	7.089190e-01	5.079455e-02	6.581244e-01	-4.463489e-02	-2.387761e-02	-2.075727e-02	-1.560170e-03	-3.036649e-01	4.103678e-02	-4.198150e-04	4.082687e-02	-4.124669e-02
464           	7.091963e-01	6.426139e-02	6.449349e-01	-5.970365e-02	-3.210932e-02	-2.759433e-02	-2.257495e-03	-2.903368e-01	3.782349e-02	-5.437851e-04	3.755160e-02	-3.809538e-02
465           	7.098766e-01	9.948795e-02	6.103887e-01	-6.208816e-02	-3.353577e-02	-2.855239e-02	-2.491687e-03	-2.554504e-01	3.263059e-02	-6.101738e-04	3.232550e-02	-3.293568e-02
466           	7.109499e-01	1.506505e-01	5.602994e-01	-5.200135e-02	-2.824515e-02	-2.375621e-02	-2.244470e-03	-2.048244e-01	2.707670e-02	-5.947123e-04	2.677935e-02	-2.737406e-02
467           	7.120765e-01	2.077295e-01	5.043469e-01	-3.222835e-02	-1.769864e-02	-1.452971e-02	-1.584466e-03	-1.483087e-01	2.187699e-02	-5.028164e-04	2.162559e-02	-2.212840e-02
468           	7.126869e-01	2.580551e-01	4.546317e-01	-7.499216e-03	-4.403439e-03	-3.095777e-03	-6.538307e-04	-9.828829e-02	1.746485e-02	-3.553786e-04	1.728716e-02	-1.764254e-02
469           	7.125520e-01	2.900327e-01	4.225194e-01	1.688017e-02	8.787512e-03	8.092660e-03	3.474262e-04	-6.624336e-02	1.441872e-02	-1.784309e-04	1.432951e-02	-1.450794e-02
470           	7.119885e-01	2.967543e-01	4.152342e-01	3.594401e-02	1.916826e-02	1.677575e-02	1.196254e-03	-5.923997e-02	1.168926e-02	-1.527258e-06	1.168849e-02	-1.169002e-02
471           	7.114740e-01	2.771219e-01	4.343521e-01	4.599181e-02	2.467963e-02	2.131218e-02	1.683728e-03	-7.861513e-02	8.445032e-03	1.477029e-04	8.518883e-03	-8.371180e-03
472           	7.115580e-01	2.332788e-01	4.782792e-01	4.544528e-02	2.444612e-02	2.099916e-02	1.723481e-03	-1.225002e-01	5.690004e-03	2.481769e-04	5.814093e-03	-5.565916e-03
473           	7.124451e-01	1.740267e-01	5.384184e-01	3.575341e-02	1.927742e-02	1.647599e-02	1.400714e-03	-1.821958e-01	4.687570e-03	2.788594e-04	4.827000e-03	-4.548140e-03
474           	7.137554e-01	1.123963e-01	6.013591e-01	2.101192e-02	1.139193e-02	9.619990e-03	8.859701e-04	-2.444814e-01	6.503206e-03	2.337457e-04	6.620078e-03	-6.386333e-03
475           	7.148386e-01	6.126944e-02	6.535691e-01	5.698027e-03	3.180637e-03	2.517390e-03	3.316234e-04	-2.961498e-01	1.182027e-02	1.229063e-04	1.188172e-02	-1.175882e-02
476           	7.160453e-01	3.137351e-02	6.846718e-01	-7.017064e-03	-3.644123e-03	-3.372941e-03	-1.355907e-04	-3.266491e-01	1.821976e-02	-2.685838e-05	1.820633e-02	-1.823319e-02
477           	7.170317e-01	2.701869e-02	6.900130e-01	-1.443551e-02	-7.593663e-03	-6.841850e-03	-3.759069e-04	-3.314972e-01	2.383046e-02	-1.828978e-04	2.373901e-02	-2.392191e-02
478           	7.176878e-01	4.835246e-02	6.693353e-01	-1.533538e-02	-8.047301e-03	-7.288081e-03	-3.796098e-04	-3.104914e-01	2.691384e-02	-3.131344e-04	2.675727e-02	-2.707041e-02
479           	7.183422e-01	9.100084e-02	6.273414e-01	-1.120436e-02	-5.869227e-03	-5.335135e-03	-2.670459e-04	-2.681703e-01	2.617464e-02	-4.088964e-04	2.597020e-02	-2.637909e-02
480           	7.190550e-01	1.451019e-01	5.739531e-01	-5.626452e-03	-3.003101e-03	-2.623351e-03	-1.898747e-04	-2.144256e-01	2.229862e-02	-4.676723e-04	2.206478e-02	-2.253246e-02
481           	7.193310e-01	1.995958e-01	5.197352e-01	-1.882767e-03	-1.162469e-03	-7.202978e-04	-2.210857e-04	-1.600697e-01	1.762327e-02	-4.902078e-04	1.737817e-02	-1.786838e-02
482           	7.189559e-01	2.447179e-01	4.742380e-01	-9.580132e-04	-8.101287e-04	-1.478845e-04	-3.311221e-04	-1.147600e-01	1.456330e-02	-4.788701e-04	1.432387e-02	-1.480274e-02
483           	7.184401e-01	2.738239e-01	4.446162e-01	-2.681442e-03	-1.831786e-03	-8.496565e-04	-4.910646e-04	-8.539611e-02	1.367220e-02	-4.334265e-04	1.345549e-02	-1.388891e-02
484           	7.177888e-01	2.824178e-01	4.353710e-01	-6.734489e-03	-4.068310e-03	-2.666179e-03	-7.010652e-04	-7.647658e-02	1.465290e-02	-3.440243e-04	1.448089e-02	-1.482491e-02
485           	7.175694e-01	2.716653e-01	4.459041e-01	-1.141456e-02	-6.575353e-03	-4.839208e-03	-8.680727e-04	-8.711941e-02	1.544390e-02	-2.101767e-04	1.533881e-02	-1.554899e-02
486           	7.178453e-01	2.460849e-01	4.717604e-01	-1.314433e-02	-7.401292e-03	-5.743037e-03	-8.291277e-04	-1.128378e-01	1.473231e-02	-4.971621e-05	1.470745e-02	-1.475717e-02
487           	7.182021e-01	2.123894e-01	5.058127e-01	-8.489065e-03	-4.726229e-03	-3.762836e-03	-4.816965e-04	-1.467116e-01	1.279593e-02	9.910702e-05	1.284549e-02	-1.274638e-02
488           	7.180174e-01	1.757442e-01	5.422732e-01	2.655618e-03	1.423708e-03	1.231910e-03	9.589878e-05	-1.832645e-01	1.112855e-02	1.916837e-04	1.122439e-02	-1.103271e-02
489           	7.177308e-01	1.420575e-01	5.756733e-01	1.771090e-02	9.645470e-03	8.065429e-03	7.900203e-04	-2.168079e-01	1.217967e-02	1.985728e-04	1.227896e-02	-1.208038e-02
490           	7.172393e-01	1.156023e-01	6.016370e-01	3.318398e-02	1.806696e-02	1.511702e-02	1.474968e-03	-2.430174e-01	1.752579e-02	1.283552e-04	1.758996e-02	-1.746161e-02
491           	7.168756e-01	9.918692e-02	6.176886e-01	4.454361e-02	2.422526e-02	2.031835e-02	1.953457e-03	-2.592509e-01	2.633075e-02	1.321418e-05	2.633736e-02	-2.632414e-02
492           	7.168916e-01	9.220488e-02	6.246867e-01	4.708413e-02	2.558931e-02	2.149482e-02	2.047248e-03	-2.662409e-01	3.584478e-02	-1.094391e-04	3.579006e-02	-3.589950e-02
493           	7.171018e-01	9.332181e-02	6.237800e-01	3.848231e-02	2.094435e-02	1.753795e-02	1.703201e-03	-2.652291e-01	4.348649e-02	-2.179829e-04	4.337750e-02	-4.359548e-02
494           	7.172086e-01	1.010598e-01	6.161488e-01	1.992194e-02	1.090504e-02	9.016898e-03	9.440712e-04	-2.575445e-01	4.723184e-02	-3.125365e-04	4.707557e-02	-4.738811e-02
495           	7.170569e-01	1.148825e-01	6.021744e-01	-5.029931e-03	-2.641499e-03	-2.388432e-03	-1.265333e-04	-2.436460e-01	4.681331e-02	-4.057309e-04	4.661044e-02	-4.701617e-02
496           	7.162642e-01	1.334924e-01	5.827719e-01	-3.114241e-02	-1.686406e-02	-1.427835e-02	-1.292858e-03	-2.246397e-01	4.395874e-02	-4.954883e-04	4.371100e-02	-4.420649e-02
497           	7.152244e-01	1.567647e-01	5.584597e-01	-5.165168e-02	-2.805577e-02	-2.359591e-02	-2.229930e-03	-2.008475e-01	4.127034e-02	-5.625122e-04	4.098908e-02	-4.155159e-02
498           	7.144115e-01	1.830978e-01	5.313137e-01	-6.049297e-02	-3.292893e-02	-2.756403e-02	-2.682452e-03	-1.741080e-01	4.054727e-02	-5.770711e-04	4.025873e-02	-4.083580e-02
499           	7.139719e-01	2.097373e-01	5.042346e-01	-5.511796e-02	-3.009982e-02	-2.501814e-02	-2.540837e-03	-1.472487e-01	4.163395e-02	-5.225201e-04	4.137269e-02	-4.189521e-02
500           	7.135897e-01	2.327358e-01	4.808539e-01	-3.698642e-02	-2.034207e-02	-1.664435e-02	-1.848860e-03	-1.240590e-01	4.307242e-02	-3.914797e-04	4.287668e-02	-4.326816e-02
