# Force and moment coefficients
# dragDir     : (1.000000e+00 0.000000e+00 0.000000e+00)
# sideDir     : (0.000000e+00 0.000000e+00 -1.000000e+00)
# liftDir     : (0.000000e+00 1.000000e+00 0.000000e+00)
# rollAxis    : (1.000000e+00 0.000000e+00 0.000000e+00)
# pitchAxis   : (0.000000e+00 0.000000e+00 -1.000000e+00)
# yawAxis     : (0.000000e+00 1.000000e+00 0.000000e+00)
# magUInf     : 1.250000e+01
# lRef        : 2.380000e-02
# Aref        : 7.140000e-03
# CofR        : (0.000000e+00 0.000000e+00 0.000000e+00)
#
# Time        	Cd            	Cd(f)         	Cd(r)         	Cl            	Cl(f)         	Cl(r)         	CmPitch       	CmRoll        	CmYaw         	Cs            	Cs(f)         	Cs(r)         
1             	2.397955e+02	1.199398e+02	1.198557e+02	1.379917e-02	6.523656e-03	7.275509e-03	-3.759265e-04	4.204157e-02	5.170287e-02	4.169588e-05	5.172372e-02	-5.168203e-02
2             	8.378006e+01	4.218110e+01	4.159896e+01	2.693312e-01	1.260413e-01	1.432899e-01	-8.624317e-03	2.910726e-01	-1.170006e+00	1.812248e-02	-1.160945e+00	1.179068e+00
3             	1.243906e+03	6.266343e+02	6.172715e+02	5.537388e+00	2.714691e+00	2.822697e+00	-5.400335e-02	4.681391e+00	1.043725e+02	-3.458251e-03	1.043707e+02	-1.043742e+02
4             	6.946098e+02	3.528367e+02	3.417731e+02	3.563618e+00	2.808905e-01	3.282728e+00	-1.500919e+00	5.531759e+00	-1.553076e+01	6.094419e-02	-1.550028e+01	1.556123e+01
5             	-2.705293e+01	-9.452271e+00	-1.760066e+01	3.579922e+00	-2.611052e-01	3.841027e+00	-2.051066e+00	4.074194e+00	-2.536891e+01	4.515366e-02	-2.534634e+01	2.539149e+01
6             	-2.672927e+02	-1.328347e+02	-1.344580e+02	2.036849e+00	4.863072e-01	1.550541e+00	-5.321171e-01	8.116796e-01	-2.121639e+01	1.254152e-02	-2.121011e+01	2.122266e+01
7             	-2.320807e+02	-1.161443e+02	-1.159364e+02	5.528733e-01	1.722170e+00	-1.169297e+00	1.445733e+00	-1.039594e-01	-1.237883e+01	-1.075486e-02	-1.238421e+01	1.237345e+01
8             	-2.022276e+02	-1.011357e+02	-1.010919e+02	-6.330484e-01	1.912663e+00	-2.545711e+00	2.229187e+00	-2.191940e-02	-1.001101e+01	-2.063814e-02	-1.002133e+01	1.000069e+01
9             	-1.658791e+02	-8.302520e+01	-8.285386e+01	-9.092925e-01	1.294489e+00	-2.203782e+00	1.749135e+00	-8.567175e-02	-8.647036e+00	-3.051050e-02	-8.662291e+00	8.631780e+00
10            	-7.865199e+01	-3.978932e+01	-3.886268e+01	-1.069196e+00	3.152311e-01	-1.384427e+00	8.498293e-01	-4.633191e-01	-7.031907e+00	-3.347408e-02	-7.048644e+00	7.015170e+00
11            	-3.162898e+01	-1.458492e+01	-1.704405e+01	-9.598232e-01	4.437830e-02	-1.004202e+00	5.242899e-01	1.229564e+00	-3.262965e+00	-3.606437e-02	-3.280997e+00	3.244933e+00
12            	4.896792e+00	5.241821e+00	-3.450297e-01	-6.356871e-01	3.528098e-01	-9.884969e-01	6.706533e-01	2.793425e+00	-1.776724e+00	-5.057847e-02	-1.802013e+00	1.751435e+00
13            	2.529188e+01	1.496216e+01	1.032972e+01	-4.530242e-01	5.315682e-01	-9.845924e-01	7.580803e-01	2.316220e+00	-3.724606e+00	-5.945616e-02	-3.754334e+00	3.694878e+00
14            	3.162267e+01	1.737244e+01	1.425022e+01	-6.501071e-01	6.237046e-01	-1.273812e+00	9.487582e-01	1.561109e+00	-3.420295e+00	-6.573769e-02	-3.453164e+00	3.387426e+00
15            	2.746889e+01	1.569574e+01	1.177315e+01	-7.361417e-01	8.192947e-01	-1.555436e+00	1.187366e+00	1.961294e+00	-1.374218e-01	-7.020398e-02	-1.725238e-01	1.023198e-01
16            	2.001185e+01	1.100188e+01	9.009969e+00	-2.916485e-01	9.697619e-01	-1.261410e+00	1.115586e+00	9.959559e-01	1.382283e+00	-8.512801e-02	1.339719e+00	-1.424847e+00
17            	1.285905e+01	6.619747e+00	6.239307e+00	1.610504e-01	1.038982e+00	-8.779320e-01	9.584572e-01	1.902200e-01	4.441348e+00	-1.100543e-01	4.386321e+00	-4.496375e+00
18            	8.117023e+00	3.615647e+00	4.501376e+00	7.978059e-01	1.053099e+00	-2.552932e-01	6.541962e-01	-4.428650e-01	5.117218e+00	-1.391654e-01	5.047635e+00	-5.186801e+00
19            	4.658261e+00	1.361362e+00	3.296899e+00	1.143494e+00	1.125394e+00	1.810003e-02	5.536468e-01	-9.677688e-01	5.883985e+00	-1.702232e-01	5.798874e+00	-5.969097e+00
20            	3.319052e+00	7.811651e-01	2.537887e+00	1.146677e+00	1.061975e+00	8.470262e-02	4.886361e-01	-8.783608e-01	6.563722e+00	-2.013382e-01	6.463053e+00	-6.664392e+00
21            	2.392728e+00	-5.754833e-02	2.450276e+00	7.881565e-01	8.740185e-01	-8.586201e-02	4.799402e-01	-1.253912e+00	7.894389e+00	-2.349238e-01	7.776927e+00	-8.011851e+00
22            	1.805490e+00	-1.102177e+00	2.907667e+00	3.567131e-01	6.285435e-01	-2.718304e-01	4.501869e-01	-2.004922e+00	7.448581e+00	-2.550770e-01	7.321043e+00	-7.576120e+00
23            	1.199256e+00	-2.118043e+00	3.317299e+00	1.011367e-01	4.417583e-01	-3.406216e-01	3.911900e-01	-2.717671e+00	6.483422e+00	-2.622472e-01	6.352298e+00	-6.614545e+00
24            	8.366417e-01	-2.657122e+00	3.493764e+00	7.519897e-02	3.478299e-01	-2.726309e-01	3.102304e-01	-3.075443e+00	5.196806e+00	-2.460457e-01	5.073783e+00	-5.319829e+00
25            	4.680702e-01	-2.909791e+00	3.377861e+00	2.088819e-01	3.468526e-01	-1.379707e-01	2.424117e-01	-3.143826e+00	3.977763e+00	-2.057585e-01	3.874884e+00	-4.080642e+00
26            	5.117892e-01	-2.866265e+00	3.378054e+00	3.572919e-01	3.893227e-01	-3.203072e-02	2.106767e-01	-3.122160e+00	2.267320e+00	-1.485854e-01	2.193028e+00	-2.341613e+00
27            	7.181301e-01	-2.330381e+00	3.048512e+00	5.070047e-01	4.282137e-01	7.879105e-02	1.747113e-01	-2.689446e+00	9.067683e-01	-1.022813e-01	8.556276e-01	-9.579089e-01
28            	9.829695e-01	-1.684224e+00	2.667193e+00	5.242587e-01	3.827048e-01	1.415539e-01	1.205755e-01	-2.175709e+00	1.799289e-01	-7.284318e-02	1.435073e-01	-2.163505e-01
29            	1.125853e+00	-7.813688e-01	1.907222e+00	5.259206e-01	3.376147e-01	1.883059e-01	7.465436e-02	-1.344295e+00	2.035606e-01	-5.970424e-02	1.737085e-01	-2.334127e-01
30            	1.260808e+00	-3.085747e-02	1.291665e+00	4.650459e-01	2.457955e-01	2.192505e-01	1.327249e-02	-6.612614e-01	7.431094e-01	-5.490525e-02	7.156567e-01	-7.705620e-01
31            	1.292021e+00	7.077669e-01	5.842541e-01	3.844680e-01	1.253265e-01	2.591415e-01	-6.690750e-02	6.175640e-02	1.161844e+00	-5.039134e-02	1.136648e+00	-1.187040e+00
32            	1.285924e+00	1.061685e+00	2.242387e-01	2.870177e-01	8.212104e-03	2.788056e-01	-1.352968e-01	4.187233e-01	1.447668e+00	-4.680445e-02	1.424266e+00	-1.471071e+00
33            	1.260971e+00	1.374780e+00	-1.138092e-01	1.761547e-01	-9.311793e-02	2.692726e-01	-1.811953e-01	7.442948e-01	1.499065e+00	-4.532368e-02	1.476403e+00	-1.521727e+00
34            	1.184462e+00	1.336952e+00	-1.524901e-01	3.726043e-02	-1.975563e-01	2.348167e-01	-2.161865e-01	7.447210e-01	1.379178e+00	-4.346588e-02	1.357445e+00	-1.400911e+00
35            	1.037017e+00	1.136612e+00	-9.959460e-02	-9.746016e-02	-2.801077e-01	1.826476e-01	-2.313776e-01	6.181033e-01	1.051460e+00	-3.945918e-02	1.031730e+00	-1.071189e+00
36            	8.379972e-01	7.106315e-01	1.273658e-01	-2.098814e-01	-3.376527e-01	1.277712e-01	-2.327119e-01	2.916329e-01	5.104783e-01	-3.431091e-02	4.933228e-01	-5.276337e-01
37            	6.814278e-01	4.318286e-01	2.495993e-01	-3.027031e-01	-3.759483e-01	7.324518e-02	-2.245967e-01	9.111466e-02	1.004075e-02	-2.729090e-02	-3.604696e-03	-2.368620e-02
38            	6.047039e-01	7.981103e-02	5.248929e-01	-3.297604e-01	-3.603614e-01	3.060103e-02	-1.954812e-01	-2.225409e-01	-5.823999e-01	-1.975805e-02	-5.922790e-01	5.725209e-01
39            	5.747697e-01	-6.093343e-02	6.357031e-01	-3.274138e-01	-3.199443e-01	-7.469496e-03	-1.562374e-01	-3.483183e-01	-9.851927e-01	-1.158907e-02	-9.909872e-01	9.793981e-01
40            	6.184995e-01	-2.211934e-01	8.396930e-01	-3.094738e-01	-2.625819e-01	-4.689186e-02	-1.078450e-01	-5.304432e-01	-1.127912e+00	-4.562225e-03	-1.130193e+00	1.125631e+00
41            	7.139975e-01	-1.902073e-01	9.042047e-01	-2.637233e-01	-1.961981e-01	-6.752515e-02	-6.433648e-02	-5.472060e-01	-1.040903e+00	1.723567e-03	-1.040041e+00	1.041765e+00
42            	8.390385e-01	-1.928844e-01	1.031923e+00	-2.216574e-01	-1.438512e-01	-7.780614e-02	-3.302254e-02	-6.124036e-01	-9.405439e-01	6.713436e-03	-9.371871e-01	9.439006e-01
43            	9.782663e-01	-9.579708e-02	1.074063e+00	-1.971922e-01	-1.093422e-01	-8.784992e-02	-1.074616e-02	-5.849302e-01	-7.493039e-01	1.079556e-02	-7.439061e-01	7.547016e-01
44            	1.071439e+00	-5.798576e-02	1.129425e+00	-1.748734e-01	-8.810146e-02	-8.677194e-02	-6.647583e-04	-5.937053e-01	-5.974668e-01	1.337054e-02	-5.907815e-01	6.041521e-01
45            	1.144046e+00	4.787610e-02	1.096170e+00	-1.684454e-01	-7.689754e-02	-9.154783e-02	7.325146e-03	-5.241470e-01	-4.645861e-01	1.466685e-02	-4.572527e-01	4.719195e-01
46            	1.199197e+00	9.936860e-02	1.099828e+00	-1.658863e-01	-7.101135e-02	-9.487491e-02	1.193178e-02	-5.002297e-01	-4.104558e-01	1.413098e-02	-4.033903e-01	4.175213e-01
47            	1.245173e+00	2.295252e-01	1.015647e+00	-1.618912e-01	-6.854167e-02	-9.334956e-02	1.240394e-02	-3.930610e-01	-3.932935e-01	1.228722e-02	-3.871499e-01	3.994371e-01
48            	1.282589e+00	3.097140e-01	9.728747e-01	-1.577754e-01	-6.678199e-02	-9.099342e-02	1.210571e-02	-3.315804e-01	-3.889158e-01	1.017917e-02	-3.838262e-01	3.940054e-01
49            	1.326409e+00	4.588772e-01	8.675320e-01	-1.443697e-01	-6.431797e-02	-8.005172e-02	7.866872e-03	-2.043274e-01	-4.001287e-01	7.005930e-03	-3.966257e-01	4.036316e-01
50            	1.351801e+00	5.532372e-01	7.985637e-01	-1.399815e-01	-6.260204e-02	-7.737945e-02	7.388704e-03	-1.226633e-01	-4.028196e-01	4.879744e-03	-4.003797e-01	4.052594e-01
51            	1.368395e+00	6.773599e-01	6.910352e-01	-1.229369e-01	-5.605737e-02	-6.687951e-02	5.411068e-03	-6.837626e-03	-4.188277e-01	2.809730e-03	-4.174228e-01	4.202325e-01
52            	1.384728e+00	7.488605e-01	6.358674e-01	-1.123263e-01	-5.052180e-02	-6.180449e-02	5.641345e-03	5.649655e-02	-4.205563e-01	1.893554e-03	-4.196096e-01	4.215031e-01
53            	1.401615e+00	8.270510e-01	5.745643e-01	-9.378795e-02	-4.350770e-02	-5.028025e-02	3.386276e-03	1.262434e-01	-4.233229e-01	1.498802e-03	-4.225735e-01	4.240723e-01
54            	1.415628e+00	8.537732e-01	5.618550e-01	-7.793588e-02	-3.422124e-02	-4.371464e-02	4.746701e-03	1.459591e-01	-4.290416e-01	1.656663e-03	-4.282133e-01	4.298699e-01
55            	1.412412e+00	8.643973e-01	5.480148e-01	-5.856423e-02	-2.320114e-02	-3.536309e-02	6.080974e-03	1.581912e-01	-4.256858e-01	2.182111e-03	-4.245948e-01	4.267769e-01
56            	1.409037e+00	8.124918e-01	5.965451e-01	-4.316115e-02	-1.202275e-02	-3.113840e-02	9.557823e-03	1.079734e-01	-4.008139e-01	2.699486e-03	-3.994642e-01	4.021637e-01
57            	1.390978e+00	7.490795e-01	6.418981e-01	-2.770328e-02	-1.968155e-03	-2.573513e-02	1.188349e-02	5.359071e-02	-3.540082e-01	3.206278e-03	-3.524051e-01	3.556114e-01
58            	1.367879e+00	6.360174e-01	7.318613e-01	-1.285462e-02	1.000560e-02	-2.286021e-02	1.643290e-02	-4.792196e-02	-2.789871e-01	3.454893e-03	-2.772597e-01	2.807146e-01
59            	1.341786e+00	5.553526e-01	7.864337e-01	-4.630957e-03	1.559406e-02	-2.022501e-02	1.790954e-02	-1.155405e-01	-2.119730e-01	3.618036e-03	-2.101640e-01	2.137820e-01
60            	1.306564e+00	4.473441e-01	8.592197e-01	2.000403e-03	2.100004e-02	-1.899964e-02	1.999984e-02	-2.059378e-01	-1.380673e-01	3.636278e-03	-1.362492e-01	1.398855e-01
61            	1.280802e+00	3.924135e-01	8.883880e-01	2.360945e-03	1.968751e-02	-1.732657e-02	1.850704e-02	-2.479872e-01	-9.879763e-02	3.814718e-03	-9.689028e-02	1.007050e-01
62            	1.245136e+00	3.386887e-01	9.064470e-01	-3.234533e-04	1.644522e-02	-1.676867e-02	1.660694e-02	-2.838792e-01	-5.185678e-02	4.031131e-03	-4.984121e-02	5.387234e-02
63            	1.226583e+00	3.379733e-01	8.886101e-01	-6.341089e-03	1.059499e-02	-1.693608e-02	1.376553e-02	-2.753184e-01	-4.112027e-02	4.403806e-03	-3.891836e-02	4.332217e-02
64            	1.198792e+00	3.550070e-01	8.437846e-01	-1.427890e-02	3.126267e-03	-1.740516e-02	1.026571e-02	-2.443888e-01	-2.664387e-02	4.766386e-03	-2.426068e-02	2.902706e-02
65            	1.180569e+00	4.052602e-01	7.753087e-01	-2.449395e-02	-6.402566e-03	-1.809138e-02	5.844407e-03	-1.850243e-01	-3.106319e-02	5.184270e-03	-2.847105e-02	3.365532e-02
66            	1.163498e+00	4.650720e-01	6.984261e-01	-3.290809e-02	-1.525093e-02	-1.765716e-02	1.203116e-03	-1.166770e-01	-4.261667e-02	5.615003e-03	-3.980917e-02	4.542417e-02
67            	1.146502e+00	5.308775e-01	6.156249e-01	-4.081161e-02	-2.347490e-02	-1.733672e-02	-3.069090e-03	-4.237371e-02	-5.720367e-02	6.186327e-03	-5.411051e-02	6.029684e-02
68            	1.129343e+00	5.888333e-01	5.405098e-01	-4.611616e-02	-2.953286e-02	-1.658330e-02	-6.474778e-03	2.416176e-02	-6.237472e-02	6.865473e-03	-5.894199e-02	6.580746e-02
69            	1.114091e+00	6.355842e-01	4.785071e-01	-4.918111e-02	-3.352678e-02	-1.565432e-02	-8.936229e-03	7.853854e-02	-5.900840e-02	7.624956e-03	-5.519592e-02	6.282088e-02
70            	1.098800e+00	6.618518e-01	4.369486e-01	-4.917188e-02	-3.436675e-02	-1.480513e-02	-9.780809e-03	1.124516e-01	-5.285456e-02	8.307239e-03	-4.870094e-02	5.700818e-02
71            	1.083856e+00	6.677250e-01	4.161312e-01	-4.641496e-02	-3.233907e-02	-1.407589e-02	-9.131592e-03	1.257969e-01	-4.625226e-02	8.742228e-03	-4.188115e-02	5.062337e-02
72            	1.067666e+00	6.507627e-01	4.169034e-01	-4.107119e-02	-2.761186e-02	-1.345933e-02	-7.076263e-03	1.169297e-01	-4.141511e-02	8.865752e-03	-3.698224e-02	4.584799e-02
73            	1.050622e+00	6.159646e-01	4.346575e-01	-3.420505e-02	-2.145679e-02	-1.274826e-02	-4.354266e-03	9.065359e-02	-3.990211e-02	8.658702e-03	-3.557276e-02	4.423146e-02
74            	1.032693e+00	5.672546e-01	4.654381e-01	-2.654140e-02	-1.409856e-02	-1.244284e-02	-8.278575e-04	5.090823e-02	-3.862405e-02	8.172106e-03	-3.453800e-02	4.271011e-02
75            	1.015728e+00	5.106244e-01	5.051037e-01	-1.891076e-02	-6.669429e-03	-1.224133e-02	2.785952e-03	2.760385e-03	-3.614889e-02	7.511710e-03	-3.239303e-02	3.990474e-02
76            	1.000714e+00	4.537315e-01	5.469826e-01	-1.183046e-02	3.331732e-04	-1.216363e-02	6.248403e-03	-4.662555e-02	-2.642122e-02	6.762709e-03	-2.303986e-02	2.980257e-02
77            	9.880879e-01	4.022145e-01	5.858734e-01	-6.156690e-03	5.652349e-03	-1.180904e-02	8.730694e-03	-9.182949e-02	-1.275306e-02	6.047442e-03	-9.729336e-03	1.577678e-02
78            	9.773933e-01	3.610138e-01	6.163795e-01	-2.156421e-03	8.626841e-03	-1.078326e-02	9.705051e-03	-1.276828e-01	7.834903e-04	5.370985e-03	3.468983e-03	1.902002e-03
79            	9.677897e-01	3.338206e-01	6.339691e-01	-2.864923e-04	8.793256e-03	-9.079748e-03	8.936502e-03	-1.500743e-01	8.380271e-03	4.754697e-03	1.075762e-02	-6.002922e-03
80            	9.576752e-01	3.224569e-01	6.352184e-01	-1.698817e-04	6.543698e-03	-6.713579e-03	6.628638e-03	-1.563808e-01	7.006247e-03	4.211996e-03	9.112245e-03	-4.900249e-03
81            	9.463902e-01	3.254159e-01	6.209744e-01	-1.401451e-03	2.305739e-03	-3.707190e-03	3.006464e-03	-1.477792e-01	-3.008864e-03	3.767829e-03	-1.124950e-03	4.892779e-03
82            	9.348241e-01	3.435489e-01	5.912752e-01	-3.820755e-03	-3.061559e-03	-7.591957e-04	-1.151182e-03	-1.238631e-01	-1.380197e-02	3.435483e-03	-1.208423e-02	1.551971e-02
83            	9.209158e-01	3.703422e-01	5.505736e-01	-6.733531e-03	-8.669485e-03	1.935954e-03	-5.302720e-03	-9.011568e-02	-2.522914e-02	3.204903e-03	-2.362669e-02	2.683159e-02
84            	9.064365e-01	4.018557e-01	5.045808e-01	-9.873088e-03	-1.351677e-02	3.643684e-03	-8.580228e-03	-5.136259e-02	-3.370632e-02	3.069700e-03	-3.217147e-02	3.524117e-02
85            	8.916254e-01	4.322627e-01	4.593627e-01	-1.265890e-02	-1.667113e-02	4.012231e-03	-1.034168e-02	-1.355005e-02	-3.705755e-02	3.068520e-03	-3.552329e-02	3.859181e-02
86            	8.786766e-01	4.580688e-01	4.206078e-01	-1.452479e-02	-1.776778e-02	3.242992e-03	-1.050539e-02	1.873049e-02	-3.687822e-02	3.175083e-03	-3.529068e-02	3.846577e-02
87            	8.688716e-01	4.724468e-01	3.964248e-01	-1.431816e-02	-1.587243e-02	1.554276e-03	-8.713355e-03	3.801102e-02	-3.528108e-02	3.391181e-03	-3.358549e-02	3.697667e-02
88            	8.620232e-01	4.736996e-01	3.883235e-01	-1.231249e-02	-1.163101e-02	-6.814863e-04	-5.474761e-03	4.268805e-02	-3.663004e-02	3.674402e-03	-3.479284e-02	3.846724e-02
89            	8.561947e-01	4.602465e-01	3.959481e-01	-8.971819e-03	-5.745926e-03	-3.225893e-03	-1.260017e-03	3.214920e-02	-4.078498e-02	4.011315e-03	-3.877933e-02	4.279064e-02
90            	8.509380e-01	4.335798e-01	4.173582e-01	-4.830038e-03	9.519379e-04	-5.781976e-03	3.366957e-03	8.110811e-03	-4.380195e-02	4.338183e-03	-4.163286e-02	4.597104e-02
91            	8.456684e-01	3.973228e-01	4.483457e-01	-3.263839e-04	7.572248e-03	-7.898632e-03	7.735440e-03	-2.551146e-02	-4.406805e-02	4.640150e-03	-4.174797e-02	4.638812e-02
92            	8.404474e-01	3.580793e-01	4.823681e-01	3.451132e-03	1.241397e-02	-8.962841e-03	1.068841e-02	-6.214443e-02	-4.227869e-02	4.875400e-03	-3.984099e-02	4.471639e-02
93            	8.369778e-01	3.214271e-01	5.155507e-01	6.171301e-03	1.484786e-02	-8.676558e-03	1.176221e-02	-9.706183e-02	-3.586901e-02	5.105334e-03	-3.331634e-02	3.842168e-02
94            	8.342300e-01	2.964796e-01	5.377505e-01	6.209619e-03	1.314030e-02	-6.930678e-03	1.003549e-02	-1.206355e-01	-3.245819e-02	5.270555e-03	-2.982291e-02	3.509346e-02
95            	8.327088e-01	2.888893e-01	5.438195e-01	3.550990e-03	7.961085e-03	-4.410096e-03	6.185591e-03	-1.274651e-01	-3.190100e-02	5.364576e-03	-2.921871e-02	3.458329e-02
96            	8.323650e-01	3.014102e-01	5.309547e-01	-1.190230e-03	3.745238e-04	-1.564753e-03	9.696386e-04	-1.147722e-01	-3.426284e-02	5.371230e-03	-3.157722e-02	3.694845e-02
97            	8.329478e-01	3.334693e-01	4.994785e-01	-7.096853e-03	-8.404492e-03	1.307639e-03	-4.856066e-03	-8.300456e-02	-3.652128e-02	5.287294e-03	-3.387763e-02	3.916493e-02
98            	8.331089e-01	3.805144e-01	4.525945e-01	-1.335353e-02	-1.695903e-02	3.605496e-03	-1.028226e-02	-3.604005e-02	-3.859453e-02	5.124112e-03	-3.603247e-02	4.115658e-02
99            	8.320279e-01	4.339696e-01	3.980583e-01	-1.863398e-02	-2.314514e-02	4.511159e-03	-1.382815e-02	1.795568e-02	-3.912146e-02	4.924321e-03	-3.665930e-02	4.158362e-02
100           	8.304475e-01	4.849563e-01	3.454912e-01	-2.141810e-02	-2.535173e-02	3.933633e-03	-1.464268e-02	6.973257e-02	-3.704665e-02	4.727859e-03	-3.468272e-02	3.941058e-02
101           	8.299570e-01	5.240795e-01	3.058774e-01	-2.034650e-02	-2.261648e-02	2.269980e-03	-1.244323e-02	1.091011e-01	-3.331320e-02	4.533913e-03	-3.104624e-02	3.558015e-02
102           	8.304305e-01	5.432484e-01	2.871821e-01	-1.529160e-02	-1.540033e-02	1.087305e-04	-7.754531e-03	1.280332e-01	-3.101082e-02	4.345901e-03	-2.883787e-02	3.318377e-02
103           	8.319714e-01	5.386855e-01	2.932859e-01	-7.164384e-03	-5.018782e-03	-2.145602e-03	-1.436590e-03	1.226998e-01	-3.032986e-02	4.128315e-03	-2.826571e-02	3.239402e-02
104           	8.342257e-01	5.103585e-01	3.238672e-01	2.551612e-03	6.913319e-03	-4.361708e-03	5.637514e-03	9.324563e-02	-3.064884e-02	3.906727e-03	-2.869548e-02	3.260221e-02
105           	8.359694e-01	4.616231e-01	3.743463e-01	1.268995e-02	1.883012e-02	-6.140168e-03	1.248515e-02	4.363841e-02	-3.210990e-02	3.674734e-03	-3.027253e-02	3.394726e-02
106           	8.364940e-01	3.995212e-01	4.369727e-01	2.153204e-02	2.817800e-02	-6.645960e-03	1.741198e-02	-1.872576e-02	-3.207573e-02	3.458759e-03	-3.034635e-02	3.380511e-02
107           	8.365458e-01	3.364617e-01	5.000841e-01	2.675527e-02	3.221417e-02	-5.458901e-03	1.883653e-02	-8.181123e-02	-2.621330e-02	3.280671e-03	-2.457296e-02	2.785363e-02
108           	8.373932e-01	2.850695e-01	5.523238e-01	2.636534e-02	2.940240e-02	-3.037065e-03	1.621973e-02	-1.336271e-01	-1.821370e-02	3.150196e-03	-1.663860e-02	1.978880e-02
109           	8.397775e-01	2.562063e-01	5.835713e-01	1.969124e-02	1.989771e-02	-2.064701e-04	1.005209e-02	-1.636825e-01	-1.279611e-02	3.050181e-03	-1.127102e-02	1.432120e-02
110           	8.446208e-01	2.572854e-01	5.873354e-01	8.279771e-03	5.890476e-03	2.389294e-03	1.750591e-03	-1.650250e-01	-8.986247e-03	2.956549e-03	-7.507972e-03	1.046452e-02
111           	8.514977e-01	2.895127e-01	5.619850e-01	-5.495241e-03	-1.033627e-02	4.841029e-03	-7.588650e-03	-1.362362e-01	-6.500981e-03	2.856879e-03	-5.072541e-03	7.929421e-03
112           	8.575955e-01	3.484217e-01	5.091738e-01	-1.960525e-02	-2.647598e-02	6.870737e-03	-1.667336e-02	-8.037605e-02	-1.067279e-02	2.754038e-03	-9.295770e-03	1.204981e-02
113           	8.616341e-01	4.254045e-01	4.362296e-01	-3.182185e-02	-3.918397e-02	7.362123e-03	-2.327305e-02	-5.412579e-03	-1.737697e-02	2.676054e-03	-1.603895e-02	1.871500e-02
114           	8.640434e-01	5.075948e-01	3.564486e-01	-3.932021e-02	-4.505061e-02	5.730393e-03	-2.539050e-02	7.557310e-02	-1.812345e-02	2.638819e-03	-1.680405e-02	1.944286e-02
115           	8.669046e-01	5.783236e-01	2.885810e-01	-3.943451e-02	-4.200799e-02	2.573477e-03	-2.229073e-02	1.448713e-01	-1.049999e-02	2.631832e-03	-9.184071e-03	1.181590e-02
116           	8.709298e-01	6.230559e-01	2.478739e-01	-3.115361e-02	-3.017664e-02	-9.769662e-04	-1.459984e-02	1.875910e-01	-1.083015e-03	2.645696e-03	2.398326e-04	2.405863e-03
117           	8.783030e-01	6.325090e-01	2.457940e-01	-1.629358e-02	-1.196509e-02	-4.328494e-03	-3.818295e-03	1.933575e-01	9.009860e-03	2.621081e-03	1.032040e-02	-7.699320e-03
118           	8.878825e-01	6.044732e-01	2.834093e-01	2.204672e-03	9.910189e-03	-7.705517e-03	8.807853e-03	1.605320e-01	1.769987e-02	2.550354e-03	1.897504e-02	-1.642469e-02
119           	8.948779e-01	5.415899e-01	3.532879e-01	2.171197e-02	3.229814e-02	-1.058617e-02	2.144215e-02	9.415101e-02	1.413715e-02	2.415139e-03	1.534472e-02	-1.292958e-02
120           	8.986403e-01	4.542032e-01	4.444371e-01	3.944365e-02	5.086220e-02	-1.141855e-02	3.114037e-02	4.883036e-03	5.886863e-03	2.272399e-03	7.023062e-03	-4.750663e-03
121           	9.004028e-01	3.605506e-01	5.398522e-01	5.143099e-02	6.073180e-02	-9.300812e-03	3.501631e-02	-8.965081e-02	5.035782e-03	2.149166e-03	6.110365e-03	-3.961199e-03
122           	9.016570e-01	2.801105e-01	6.215465e-01	5.383354e-02	5.864713e-02	-4.813597e-03	3.173037e-02	-1.707180e-01	1.279223e-02	2.056863e-03	1.382066e-02	-1.176380e-02
123           	9.058810e-01	2.344484e-01	6.714326e-01	4.475286e-02	4.431571e-02	4.371487e-04	2.193928e-02	-2.184921e-01	2.603159e-02	1.995789e-03	2.702949e-02	-2.503370e-02
124           	9.169570e-01	2.348639e-01	6.820931e-01	2.613698e-02	2.049209e-02	5.644885e-03	7.423603e-03	-2.236146e-01	4.450443e-02	1.942459e-03	4.547566e-02	-4.353320e-02
125           	9.308560e-01	2.794218e-01	6.514342e-01	1.650407e-03	-9.331987e-03	1.098239e-02	-1.015719e-02	-1.860062e-01	5.803968e-02	1.872263e-03	5.897581e-02	-5.710355e-02
126           	9.393487e-01	3.576345e-01	5.817142e-01	-2.496935e-02	-4.023615e-02	1.526680e-02	-2.775147e-02	-1.120398e-01	5.278616e-02	1.785221e-03	5.367877e-02	-5.189355e-02
127           	9.428150e-01	4.574650e-01	4.853500e-01	-4.982491e-02	-6.641146e-02	1.658654e-02	-4.149900e-02	-1.394250e-02	3.941158e-02	1.715388e-03	4.026927e-02	-3.855388e-02
128           	9.435483e-01	5.606539e-01	3.828945e-01	-6.774151e-02	-8.142703e-02	1.368553e-02	-4.755628e-02	8.887970e-02	3.045866e-02	1.681752e-03	3.129953e-02	-2.961778e-02
129           	9.447415e-01	6.452037e-01	2.995378e-01	-7.285136e-02	-7.995349e-02	7.102135e-03	-4.352781e-02	1.728330e-01	3.571404e-02	1.669915e-03	3.654899e-02	-3.487908e-02
130           	9.510369e-01	6.941959e-01	2.568410e-01	-6.208425e-02	-6.141682e-02	-6.674314e-04	-3.037469e-02	2.186775e-01	5.867170e-02	1.672532e-03	5.950797e-02	-5.783544e-02
131           	9.674165e-01	7.026104e-01	2.648060e-01	-3.745463e-02	-2.888361e-02	-8.571019e-03	-1.015630e-02	2.189022e-01	9.435935e-02	1.658094e-03	9.518839e-02	-9.353030e-02
132           	9.800952e-01	6.663008e-01	3.137944e-01	-4.307524e-03	1.174737e-02	-1.605489e-02	1.390113e-02	1.762532e-01	1.144848e-01	1.609994e-03	1.152898e-01	-1.136798e-01
133           	9.828256e-01	5.902951e-01	3.925306e-01	3.193146e-02	5.287162e-02	-2.094016e-02	3.690589e-02	9.888225e-02	1.090284e-01	1.511439e-03	1.097842e-01	-1.082727e-01
134           	9.798143e-01	4.924173e-01	4.873970e-01	6.470994e-02	8.605156e-02	-2.134162e-02	5.369659e-02	2.510177e-03	9.152928e-02	1.376569e-03	9.221757e-02	-9.084100e-02
135           	9.741354e-01	3.956613e-01	5.784741e-01	8.653316e-02	1.028646e-01	-1.633145e-02	5.959803e-02	-9.140642e-02	7.587694e-02	1.206795e-03	7.648034e-02	-7.527355e-02
136           	9.719009e-01	3.235637e-01	6.483372e-01	9.041188e-02	9.811126e-02	-7.699385e-03	5.290532e-02	-1.623867e-01	7.716323e-02	1.069284e-03	7.769787e-02	-7.662858e-02
137           	9.798572e-01	2.933038e-01	6.865534e-01	7.425665e-02	7.260502e-02	1.651628e-03	3.547669e-02	-1.966248e-01	1.048140e-01	9.470222e-04	1.052875e-01	-1.043405e-01
138           	9.953353e-01	3.066997e-01	6.886356e-01	4.222057e-02	3.143161e-02	1.078897e-02	1.032132e-02	-1.909680e-01	1.398133e-01	8.404156e-04	1.402335e-01	-1.393931e-01
139           	1.001833e+00	3.506863e-01	6.511468e-01	1.288852e-03	-1.740118e-02	1.869003e-02	-1.804560e-02	-1.502303e-01	1.520674e-01	7.300859e-04	1.524325e-01	-1.517024e-01
140           	9.992280e-01	4.172536e-01	5.819743e-01	-4.144687e-02	-6.436430e-02	2.291743e-02	-4.364086e-02	-8.236036e-02	1.380149e-01	6.055894e-04	1.383176e-01	-1.377121e-01
141           	9.934710e-01	4.954483e-01	4.980227e-01	-7.753572e-02	-9.970771e-02	2.217199e-02	-6.093985e-02	-1.287174e-03	1.106323e-01	4.891201e-04	1.108769e-01	-1.103878e-01
142           	9.893355e-01	5.699030e-01	4.194325e-01	-9.830826e-02	-1.141582e-01	1.584991e-02	-6.500404e-02	7.523528e-02	8.857558e-02	3.876435e-04	8.876940e-02	-8.838176e-02
143           	9.935737e-01	6.282124e-01	3.653613e-01	-9.782390e-02	-1.041242e-01	6.300275e-03	-5.521222e-02	1.314256e-01	8.981192e-02	3.394105e-04	8.998162e-02	-8.964221e-02
144           	1.007186e+00	6.617126e-01	3.454733e-01	-7.609911e-02	-7.196360e-02	-4.135512e-03	-3.391404e-02	1.581196e-01	1.172324e-01	3.314094e-04	1.173981e-01	-1.170667e-01
145           	1.017307e+00	6.621384e-01	3.551688e-01	-3.912026e-02	-2.538663e-02	-1.373362e-02	-5.826504e-03	1.534848e-01	1.414136e-01	3.466604e-04	1.415870e-01	-1.412403e-01
146           	1.015897e+00	6.292348e-01	3.866617e-01	5.087069e-03	2.548431e-02	-2.039724e-02	2.294078e-02	1.212866e-01	1.462739e-01	3.264920e-04	1.464371e-01	-1.461107e-01
147           	1.007687e+00	5.733853e-01	4.343016e-01	4.801213e-02	7.105364e-02	-2.304151e-02	4.704758e-02	6.954184e-02	1.341112e-01	2.335842e-04	1.342280e-01	-1.339944e-01
148           	9.981718e-01	5.084460e-01	4.897257e-01	8.075972e-02	1.017093e-01	-2.094961e-02	6.132947e-02	9.360134e-03	1.117634e-01	1.238406e-04	1.118254e-01	-1.117015e-01
149           	9.933207e-01	4.494459e-01	5.438748e-01	9.627303e-02	1.110317e-01	-1.475864e-02	6.289516e-02	-4.721448e-02	9.809549e-02	-6.990571e-06	9.809200e-02	-9.809899e-02
150           	9.973597e-01	4.081326e-01	5.892270e-01	9.142321e-02	9.761132e-02	-6.188112e-03	5.189972e-02	-9.054721e-02	1.021602e-01	-1.253530e-04	1.020976e-01	-1.022229e-01
151           	1.004383e+00	3.881223e-01	6.162607e-01	6.809096e-02	6.507365e-02	3.017308e-03	3.102817e-02	-1.140692e-01	1.143151e-01	-2.015977e-04	1.142143e-01	-1.144159e-01
152           	1.007067e+00	3.881130e-01	6.189542e-01	3.190128e-02	2.024950e-02	1.165178e-02	4.298860e-03	-1.154206e-01	1.242105e-01	-2.494042e-04	1.240858e-01	-1.243352e-01
153           	1.002950e+00	4.040483e-01	5.989019e-01	-9.588685e-03	-2.754889e-02	1.796020e-02	-2.275455e-02	-9.742681e-02	1.277980e-01	-3.324445e-04	1.276318e-01	-1.279642e-01
154           	9.950556e-01	4.311199e-01	5.639357e-01	-4.846909e-02	-6.920036e-02	2.073127e-02	-4.496581e-02	-6.640792e-02	1.202290e-01	-4.436848e-04	1.200071e-01	-1.204508e-01
155           	9.892695e-01	4.663660e-01	5.229035e-01	-7.725219e-02	-9.689848e-02	1.964630e-02	-5.827239e-02	-2.826874e-02	1.034101e-01	-5.035414e-04	1.031583e-01	-1.036619e-01
156           	9.912952e-01	5.076343e-01	4.836608e-01	-9.056966e-02	-1.050562e-01	1.448653e-02	-5.977136e-02	1.198675e-02	9.058668e-02	-5.564201e-04	9.030847e-02	-9.086489e-02
157           	9.960708e-01	5.470570e-01	4.490138e-01	-8.591199e-02	-9.261296e-02	6.700971e-03	-4.965697e-02	4.902163e-02	8.319095e-02	-5.770509e-04	8.290242e-02	-8.347947e-02
158           	9.997150e-01	5.759548e-01	4.237602e-01	-6.442265e-02	-6.220287e-02	-2.219781e-03	-2.999155e-02	7.609727e-02	8.006952e-02	-5.647838e-04	7.978712e-02	-8.035191e-02
159           	1.001354e+00	5.889957e-01	4.123585e-01	-3.119176e-02	-2.031926e-02	-1.087250e-02	-4.723376e-03	8.831860e-02	8.343031e-02	-5.384204e-04	8.316110e-02	-8.369953e-02
160           	9.954136e-01	5.834563e-01	4.119573e-01	7.261380e-03	2.471402e-02	-1.745264e-02	2.108333e-02	8.574952e-02	9.050143e-02	-5.125790e-04	9.024514e-02	-9.075772e-02
161           	9.876627e-01	5.643728e-01	4.232898e-01	4.377097e-02	6.446921e-02	-2.069823e-02	4.258372e-02	7.054149e-02	9.486915e-02	-4.917753e-04	9.462326e-02	-9.511504e-02
162           	9.820363e-01	5.360825e-01	4.459539e-01	7.164350e-02	9.139032e-02	-1.974683e-02	5.556858e-02	4.506430e-02	8.897123e-02	-4.792126e-04	8.873163e-02	-8.921084e-02
163           	9.780295e-01	5.017273e-01	4.763022e-01	8.542963e-02	1.000868e-01	-1.465718e-02	5.737199e-02	1.271253e-02	7.558884e-02	-5.090476e-04	7.533431e-02	-7.584336e-02
164           	9.770805e-01	4.673316e-01	5.097489e-01	8.199081e-02	8.903611e-02	-7.045303e-03	4.804071e-02	-2.120861e-02	6.371136e-02	-5.596243e-04	6.343154e-02	-6.399117e-02
165           	9.795109e-01	4.403577e-01	5.391532e-01	6.290356e-02	6.107625e-02	1.827309e-03	2.962447e-02	-4.939778e-02	5.805843e-02	-6.013021e-04	5.775778e-02	-5.835908e-02
166           	9.785620e-01	4.230807e-01	5.554814e-01	3.243317e-02	2.212941e-02	1.030376e-02	5.912824e-03	-6.620034e-02	5.768071e-02	-6.314379e-04	5.736499e-02	-5.799643e-02
167           	9.737094e-01	4.161436e-01	5.575657e-01	-3.263895e-03	-1.986326e-02	1.659936e-02	-1.823131e-02	-7.071105e-02	6.429518e-02	-6.629712e-04	6.396370e-02	-6.462667e-02
168           	9.689393e-01	4.195017e-01	5.494376e-01	-3.697687e-02	-5.660239e-02	1.962552e-02	-3.811395e-02	-6.496795e-02	7.193313e-02	-6.750087e-04	7.159563e-02	-7.227064e-02
169           	9.652595e-01	4.317054e-01	5.335541e-01	-6.226939e-02	-8.106846e-02	1.879907e-02	-4.993377e-02	-5.092432e-02	6.950338e-02	-6.782937e-04	6.916424e-02	-6.984253e-02
170           	9.644321e-01	4.522067e-01	5.122255e-01	-7.441301e-02	-8.873806e-02	1.432504e-02	-5.153155e-02	-3.000940e-02	5.837648e-02	-6.907131e-04	5.803113e-02	-5.872184e-02
171           	9.658137e-01	4.785559e-01	4.872579e-01	-7.178087e-02	-7.887972e-02	7.098853e-03	-4.298929e-02	-4.350997e-03	4.537605e-02	-6.922155e-04	4.502995e-02	-4.572216e-02
172           	9.661700e-01	5.045397e-01	4.616302e-01	-5.588931e-02	-5.462513e-02	-1.264182e-03	-2.668047e-02	2.145475e-02	3.625732e-02	-6.950219e-04	3.590981e-02	-3.660483e-02
173           	9.644719e-01	5.244775e-01	4.399944e-01	-3.036007e-02	-2.154379e-02	-8.816283e-03	-6.363752e-03	4.224156e-02	3.416454e-02	-7.023857e-04	3.381335e-02	-3.451574e-02
174           	9.623356e-01	5.365584e-01	4.257772e-01	-1.023755e-03	1.344612e-02	-1.446987e-02	1.395799e-02	5.539060e-02	4.021792e-02	-6.937591e-04	3.987104e-02	-4.056480e-02
175           	9.601632e-01	5.398695e-01	4.202937e-01	2.620855e-02	4.381555e-02	-1.760700e-02	3.071127e-02	5.978794e-02	5.247134e-02	-6.619714e-04	5.214035e-02	-5.280232e-02
176           	9.572344e-01	5.330458e-01	4.241886e-01	4.725784e-02	6.515424e-02	-1.789641e-02	4.152533e-02	5.442859e-02	5.807907e-02	-6.456023e-04	5.775627e-02	-5.840187e-02
177           	9.532547e-01	5.163084e-01	4.369464e-01	5.932734e-02	7.390253e-02	-1.457519e-02	4.423886e-02	3.968101e-02	5.267747e-02	-6.607036e-04	5.234712e-02	-5.300782e-02
178           	9.481825e-01	4.920861e-01	4.560964e-01	6.063391e-02	6.887790e-02	-8.243986e-03	3.856094e-02	1.799487e-02	4.276307e-02	-6.950379e-04	4.241555e-02	-4.311059e-02
179           	9.447565e-01	4.659058e-01	4.788506e-01	5.091149e-02	5.126296e-02	-3.514688e-04	2.580721e-02	-6.472411e-03	3.665244e-02	-7.398573e-04	3.628251e-02	-3.702237e-02
180           	9.440641e-01	4.438177e-01	5.002464e-01	3.240904e-02	2.533449e-02	7.074543e-03	9.129975e-03	-2.821436e-02	3.660209e-02	-7.861141e-04	3.620904e-02	-3.699515e-02
181           	9.461513e-01	4.298552e-01	5.162961e-01	9.455964e-03	-3.335832e-03	1.279180e-02	-8.063814e-03	-4.322045e-02	4.124971e-02	-8.063218e-04	4.084655e-02	-4.165287e-02
182           	9.485615e-01	4.244373e-01	5.241241e-01	-1.354348e-02	-3.002085e-02	1.647738e-02	-2.324912e-02	-4.984339e-02	5.094899e-02	-7.982253e-04	5.054988e-02	-5.134810e-02
183           	9.478131e-01	4.269064e-01	5.209067e-01	-3.324549e-02	-5.058030e-02	1.733481e-02	-3.395755e-02	-4.700016e-02	5.560801e-02	-7.747854e-04	5.522062e-02	-5.599541e-02
184           	9.431315e-01	4.359067e-01	5.072248e-01	-4.692913e-02	-6.148576e-02	1.455663e-02	-3.802120e-02	-3.565901e-02	5.138206e-02	-7.741860e-04	5.099496e-02	-5.176915e-02
185           	9.370957e-01	4.505294e-01	4.865663e-01	-5.219375e-02	-6.087066e-02	8.676910e-03	-3.477378e-02	-1.801850e-02	4.272299e-02	-7.596114e-04	4.234318e-02	-4.310280e-02
186           	9.340329e-01	4.698101e-01	4.642228e-01	-4.806871e-02	-4.938717e-02	1.318463e-03	-2.535282e-02	2.793642e-03	3.503813e-02	-7.481543e-04	3.466406e-02	-3.541221e-02
187           	9.349327e-01	4.896657e-01	4.452671e-01	-3.604488e-02	-3.047387e-02	-5.571011e-03	-1.245143e-02	2.219929e-02	3.344531e-02	-7.412783e-04	3.307467e-02	-3.381595e-02
188           	9.385228e-01	5.051103e-01	4.334125e-01	-1.944526e-02	-8.483679e-03	-1.096158e-02	1.238953e-03	3.584891e-02	3.695897e-02	-7.254684e-04	3.659624e-02	-3.732170e-02
189           	9.417846e-01	5.125753e-01	4.292093e-01	-1.142401e-03	1.350740e-02	-1.464980e-02	1.407860e-02	4.168298e-02	4.449639e-02	-7.014185e-04	4.414568e-02	-4.484710e-02
190           	9.412120e-01	5.098167e-01	4.313953e-01	1.669485e-02	3.256577e-02	-1.587092e-02	2.421835e-02	3.921067e-02	5.203830e-02	-6.915824e-04	5.169251e-02	-5.238410e-02
191           	9.355490e-01	4.974248e-01	4.381242e-01	3.140713e-02	4.522676e-02	-1.381963e-02	2.952320e-02	2.965032e-02	5.335937e-02	-6.974664e-04	5.301064e-02	-5.370811e-02
192           	9.292983e-01	4.798460e-01	4.494523e-01	4.055069e-02	4.965285e-02	-9.102160e-03	2.937750e-02	1.519683e-02	4.966401e-02	-7.172187e-04	4.930540e-02	-5.002262e-02
193           	9.266586e-01	4.619093e-01	4.647493e-01	4.314346e-02	4.616140e-02	-3.017932e-03	2.458966e-02	-1.420023e-03	4.566738e-02	-7.407258e-04	4.529702e-02	-4.603775e-02
194           	9.291017e-01	4.481315e-01	4.809702e-01	3.961470e-02	3.635220e-02	3.262505e-03	1.654485e-02	-1.641937e-02	4.597273e-02	-7.806508e-04	4.558240e-02	-4.636305e-02
195           	9.346656e-01	4.408468e-01	4.938187e-01	3.080737e-02	2.202935e-02	8.778025e-03	6.625662e-03	-2.648596e-02	5.047567e-02	-7.925430e-04	5.007939e-02	-5.087194e-02
196           	9.402292e-01	4.399045e-01	5.003247e-01	1.756382e-02	4.848600e-03	1.271522e-02	-3.933310e-03	-3.021008e-02	5.655910e-02	-7.890466e-04	5.616458e-02	-5.695362e-02
197           	9.409838e-01	4.425359e-01	4.984479e-01	1.562831e-03	-1.285077e-02	1.441360e-02	-1.363218e-02	-2.795599e-02	6.439463e-02	-7.795594e-04	6.400485e-02	-6.478441e-02
198           	9.360094e-01	4.466756e-01	4.893338e-01	-1.484079e-02	-2.842403e-02	1.358324e-02	-2.100363e-02	-2.132908e-02	6.840321e-02	-7.979238e-04	6.800425e-02	-6.880218e-02
199           	9.287413e-01	4.518826e-01	4.768587e-01	-2.954442e-02	-4.013026e-02	1.058583e-02	-2.535804e-02	-1.248803e-02	6.723579e-02	-8.118540e-04	6.682986e-02	-6.764171e-02
200           	9.241793e-01	4.588842e-01	4.652950e-01	-4.076721e-02	-4.650032e-02	5.733116e-03	-2.611672e-02	-3.205386e-03	6.287081e-02	-8.125341e-04	6.246454e-02	-6.327708e-02
201           	9.244458e-01	4.671972e-01	4.572486e-01	-4.633587e-02	-4.613426e-02	-2.016113e-04	-2.296633e-02	4.974265e-03	5.960074e-02	-8.098436e-04	5.919582e-02	-6.000566e-02
202           	9.282938e-01	4.750602e-01	4.532337e-01	-4.448151e-02	-3.853316e-02	-5.948346e-03	-1.629241e-02	1.091325e-02	5.942014e-02	-8.067691e-04	5.901675e-02	-5.982352e-02
203           	9.328927e-01	4.804358e-01	4.524569e-01	-3.464026e-02	-2.428395e-02	-1.035631e-02	-6.963824e-03	1.398943e-02	6.243695e-02	-7.839762e-04	6.204496e-02	-6.282894e-02
204           	9.342127e-01	4.815367e-01	4.526759e-01	-1.827695e-02	-5.320069e-03	-1.295688e-02	3.818404e-03	1.443039e-02	6.770924e-02	-7.747868e-04	6.732185e-02	-6.809664e-02
205           	9.306601e-01	4.786912e-01	4.519689e-01	2.108492e-03	1.563500e-02	-1.352651e-02	1.458075e-02	1.336118e-02	7.327471e-02	-7.759073e-04	7.288675e-02	-7.366266e-02
206           	9.246266e-01	4.741532e-01	4.504734e-01	2.331213e-02	3.507123e-02	-1.175910e-02	2.341517e-02	1.183988e-02	7.519795e-02	-7.900154e-04	7.480295e-02	-7.559296e-02
207           	9.195477e-01	4.698703e-01	4.496774e-01	4.136674e-02	4.915116e-02	-7.784418e-03	2.846779e-02	1.009643e-02	7.308586e-02	-7.867237e-04	7.269250e-02	-7.347922e-02
208           	9.178419e-01	4.667400e-01	4.511019e-01	5.244845e-02	5.479241e-02	-2.343953e-03	2.856818e-02	7.819067e-03	7.003523e-02	-7.992277e-04	6.963561e-02	-7.043484e-02
209           	9.189671e-01	4.643369e-01	4.546302e-01	5.393527e-02	5.055122e-02	3.384045e-03	2.358359e-02	4.853389e-03	6.955771e-02	-8.117750e-04	6.915182e-02	-6.996360e-02
210           	9.208206e-01	4.615387e-01	4.592819e-01	4.537432e-02	3.724926e-02	8.125058e-03	1.456210e-02	1.128418e-03	7.145742e-02	-8.321135e-04	7.104136e-02	-7.187347e-02
211           	9.213472e-01	4.570655e-01	4.642817e-01	2.884267e-02	1.772696e-02	1.111571e-02	3.305624e-03	-3.608131e-03	7.503890e-02	-8.389249e-04	7.461944e-02	-7.545837e-02
212           	9.194161e-01	4.502959e-01	4.691202e-01	7.858185e-03	-4.421787e-03	1.227997e-02	-8.350879e-03	-9.412179e-03	7.958298e-02	-8.539773e-04	7.915599e-02	-8.000996e-02
213           	9.151239e-01	4.417702e-01	4.733536e-01	-1.375170e-02	-2.540484e-02	1.165314e-02	-1.852899e-02	-1.579170e-02	8.299944e-02	-8.613601e-04	8.256876e-02	-8.343012e-02
214           	9.099049e-01	4.336006e-01	4.763043e-01	-3.236684e-02	-4.165660e-02	9.289754e-03	-2.547317e-02	-2.135182e-02	8.209967e-02	-8.646487e-04	8.166735e-02	-8.253200e-02
215           	9.059594e-01	4.290229e-01	4.769365e-01	-4.496131e-02	-5.056423e-02	5.602921e-03	-2.808358e-02	-2.395679e-02	7.621440e-02	-8.515192e-04	7.578864e-02	-7.664016e-02
216           	9.047375e-01	4.305601e-01	4.741774e-01	-4.967183e-02	-5.096611e-02	1.294280e-03	-2.613019e-02	-2.180867e-02	6.803192e-02	-8.510944e-04	6.760637e-02	-6.845747e-02
217           	9.056629e-01	4.382398e-01	4.674231e-01	-4.605153e-02	-4.311653e-02	-2.934992e-03	-2.009077e-02	-1.459164e-02	6.113416e-02	-8.411579e-04	6.071359e-02	-6.155474e-02
218           	9.071949e-01	4.503116e-01	4.568832e-01	-3.506018e-02	-2.856751e-02	-6.492677e-03	-1.103742e-02	-3.285795e-03	5.783958e-02	-8.221468e-04	5.742851e-02	-5.825065e-02
219           	9.082039e-01	4.644346e-01	4.437693e-01	-1.888667e-02	-9.937959e-03	-8.948708e-03	-4.946254e-04	1.033265e-02	5.824106e-02	-7.847605e-04	5.784868e-02	-5.863344e-02
220           	9.074243e-01	4.775436e-01	4.298807e-01	-4.615512e-04	9.671497e-03	-1.013305e-02	9.902272e-03	2.383144e-02	6.135989e-02	-7.599055e-04	6.097993e-02	-6.173984e-02
221           	9.043183e-01	4.863342e-01	4.179841e-01	1.708256e-02	2.702717e-02	-9.944617e-03	1.848590e-02	3.417509e-02	6.344662e-02	-7.448627e-04	6.307419e-02	-6.381905e-02
222           	8.999120e-01	4.883054e-01	4.116066e-01	3.105225e-02	3.943888e-02	-8.386627e-03	2.391275e-02	3.834944e-02	6.064320e-02	-7.511338e-04	6.026763e-02	-6.101877e-02
223           	8.964288e-01	4.827358e-01	4.136930e-01	3.960308e-02	4.515561e-02	-5.552529e-03	2.535407e-02	3.452141e-02	5.252775e-02	-7.582093e-04	5.214865e-02	-5.290686e-02
224           	8.950830e-01	4.702669e-01	4.248161e-01	4.174729e-02	4.357013e-02	-1.822843e-03	2.269649e-02	2.272540e-02	4.399406e-02	-7.820636e-04	4.360303e-02	-4.438509e-02
225           	8.956325e-01	4.530505e-01	4.425820e-01	3.745753e-02	3.537017e-02	2.087368e-03	1.664140e-02	5.234241e-03	3.981082e-02	-8.093699e-04	3.940614e-02	-4.021551e-02
226           	8.969540e-01	4.343716e-01	4.625825e-01	2.788401e-02	2.248081e-02	5.403204e-03	8.538802e-03	-1.410543e-02	4.102661e-02	-8.437272e-04	4.060475e-02	-4.144848e-02
227           	8.977661e-01	4.175221e-01	4.802440e-01	1.509713e-02	7.308293e-03	7.788841e-03	-2.402742e-04	-3.136093e-02	4.515275e-02	-8.597457e-04	4.472287e-02	-4.558262e-02
228           	8.967055e-01	4.049493e-01	4.917562e-01	1.268098e-03	-7.939429e-03	9.207527e-03	-8.573478e-03	-4.340347e-02	5.001045e-02	-8.792700e-04	4.957081e-02	-5.045008e-02
229           	8.936577e-01	3.986025e-01	4.950552e-01	-1.192683e-02	-2.141894e-02	9.492105e-03	-1.545552e-02	-4.822634e-02	5.137282e-02	-8.987802e-04	5.092343e-02	-5.182221e-02
230           	8.898993e-01	4.001599e-01	4.897393e-01	-2.315689e-02	-3.154880e-02	8.391914e-03	-1.997036e-02	-4.478970e-02	4.632613e-02	-9.332722e-04	4.585950e-02	-4.679277e-02
231           	8.869015e-01	4.103617e-01	4.765398e-01	-3.125033e-02	-3.719833e-02	5.947998e-03	-2.157316e-02	-3.308906e-02	3.638235e-02	-9.526986e-04	3.590601e-02	-3.685870e-02
232           	8.855206e-01	4.279665e-01	4.575541e-01	-3.518078e-02	-3.776310e-02	2.582320e-03	-2.017271e-02	-1.479383e-02	2.635954e-02	-9.745340e-04	2.587227e-02	-2.684680e-02
233           	8.856230e-01	4.494564e-01	4.361666e-01	-3.426485e-02	-3.319248e-02	-1.072375e-03	-1.606005e-02	6.644907e-03	1.993158e-02	-9.775800e-04	1.944279e-02	-2.042037e-02
234           	8.861898e-01	4.702320e-01	4.159578e-01	-2.845771e-02	-2.409348e-02	-4.364235e-03	-9.864621e-03	2.713714e-02	1.839500e-02	-9.690725e-04	1.791046e-02	-1.887953e-02
235           	8.862223e-01	4.861731e-01	4.000492e-01	-1.852262e-02	-1.168740e-02	-6.835215e-03	-2.426095e-03	4.306197e-02	2.117360e-02	-9.457682e-04	2.070072e-02	-2.164649e-02
236           	8.844266e-01	4.941744e-01	3.902522e-01	-5.840181e-03	2.360281e-03	-8.200463e-03	5.280372e-03	5.196107e-02	2.733393e-02	-9.416741e-04	2.686309e-02	-2.780476e-02
237           	8.807977e-01	4.928769e-01	3.879208e-01	7.910732e-03	1.619348e-02	-8.282746e-03	1.223811e-02	5.247806e-02	3.286903e-02	-9.540668e-04	3.239200e-02	-3.334606e-02
238           	8.764578e-01	4.825785e-01	3.938793e-01	2.087135e-02	2.789452e-02	-7.023170e-03	1.745884e-02	4.434962e-02	3.309860e-02	-9.813226e-04	3.260793e-02	-3.358926e-02
239           	8.728964e-01	4.650584e-01	4.078380e-01	3.102971e-02	3.555782e-02	-4.528104e-03	2.004296e-02	2.861024e-02	2.769605e-02	-9.906515e-04	2.720072e-02	-2.819138e-02
240           	8.709840e-01	4.433908e-01	4.275932e-01	3.659118e-02	3.785662e-02	-1.265448e-03	1.956104e-02	7.898783e-03	2.151628e-02	-1.008619e-03	2.101197e-02	-2.202059e-02
241           	8.705422e-01	4.213656e-01	4.491766e-01	3.649892e-02	3.443741e-02	2.061514e-03	1.618795e-02	-1.390551e-02	1.879966e-02	-1.024821e-03	1.828725e-02	-1.931207e-02
242           	8.705781e-01	4.024176e-01	4.681605e-01	3.080963e-02	2.599338e-02	4.816247e-03	1.058857e-02	-3.287143e-02	2.124732e-02	-1.045588e-03	2.072452e-02	-2.177011e-02
243           	8.700654e-01	3.889891e-01	4.810763e-01	2.059981e-02	1.391684e-02	6.682973e-03	3.616932e-03	-4.604359e-02	2.798912e-02	-1.054367e-03	2.746194e-02	-2.851630e-02
244           	8.680481e-01	3.819445e-01	4.861035e-01	7.497575e-03	-2.264324e-05	7.520218e-03	-3.771431e-03	-5.207950e-02	3.719191e-02	-1.068766e-03	3.665753e-02	-3.772629e-02
245           	8.649417e-01	3.817505e-01	4.831912e-01	-6.621149e-03	-1.390282e-02	7.281668e-03	-1.059224e-02	-5.072033e-02	4.446177e-02	-1.073689e-03	4.392492e-02	-4.499861e-02
246           	8.618612e-01	3.885739e-01	4.732873e-01	-1.972251e-02	-2.573085e-02	6.008346e-03	-1.586960e-02	-4.235670e-02	4.505456e-02	-1.069549e-03	4.451979e-02	-4.558934e-02
247           	8.598179e-01	4.018335e-01	4.579843e-01	-2.977850e-02	-3.359776e-02	3.819262e-03	-1.870851e-02	-2.807542e-02	3.885852e-02	-1.039722e-03	3.833866e-02	-3.937838e-02
248           	8.592193e-01	4.197746e-01	4.394447e-01	-3.518443e-02	-3.627060e-02	1.086166e-03	-1.867838e-02	-9.835073e-03	3.049865e-02	-1.013770e-03	2.999177e-02	-3.100554e-02
249           	8.596278e-01	4.394053e-01	4.202225e-01	-3.515754e-02	-3.347256e-02	-1.684975e-03	-1.589379e-02	9.591385e-03	2.503526e-02	-9.772722e-04	2.454662e-02	-2.552390e-02
250           	8.601516e-01	4.572768e-01	4.028747e-01	-2.981808e-02	-2.576337e-02	-4.054711e-03	-1.085433e-02	2.720104e-02	2.526234e-02	-9.362764e-04	2.479421e-02	-2.573048e-02
251           	8.600080e-01	4.705226e-01	3.894853e-01	-2.008128e-02	-1.433406e-02	-5.747218e-03	-4.293420e-03	4.051864e-02	3.143854e-02	-8.787427e-04	3.099917e-02	-3.187791e-02
252           	8.585997e-01	4.774206e-01	3.811790e-01	-7.392760e-03	-8.030125e-04	-6.589747e-03	2.893367e-03	4.812080e-02	4.158207e-02	-8.300282e-04	4.116706e-02	-4.199709e-02
253           	8.563919e-01	4.775295e-01	3.788624e-01	6.411437e-03	1.290074e-02	-6.489305e-03	9.695023e-03	4.933355e-02	5.046066e-02	-7.851553e-04	5.006809e-02	-5.085324e-02
254           	8.539335e-01	4.709226e-01	3.830109e-01	1.929154e-02	2.472895e-02	-5.437400e-03	1.508317e-02	4.395582e-02	5.252510e-02	-7.563010e-04	5.214695e-02	-5.290326e-02
255           	8.517813e-01	4.582515e-01	3.935298e-01	2.920392e-02	3.271044e-02	-3.506516e-03	1.810848e-02	3.236085e-02	4.704297e-02	-7.193547e-04	4.668329e-02	-4.740265e-02
256           	8.503090e-01	4.409845e-01	4.093245e-01	3.454111e-02	3.555416e-02	-1.013053e-03	1.828361e-02	1.583001e-02	3.905243e-02	-7.006860e-04	3.870208e-02	-3.940277e-02
257           	8.495683e-01	4.214945e-01	4.280738e-01	3.446710e-02	3.289393e-02	1.573167e-03	1.566038e-02	-3.289642e-03	3.407497e-02	-6.884374e-04	3.373075e-02	-3.441919e-02
258           	8.490545e-01	4.024850e-01	4.465694e-01	2.909557e-02	2.526187e-02	3.833696e-03	1.071409e-02	-2.204221e-02	3.482297e-02	-6.842079e-04	3.448087e-02	-3.516508e-02
259           	8.483040e-01	3.864248e-01	4.618792e-01	1.939005e-02	1.390793e-02	5.482124e-03	4.212902e-03	-3.772722e-02	4.066065e-02	-6.658929e-04	4.032771e-02	-4.099360e-02
260           	8.469201e-01	3.749490e-01	4.719711e-01	6.915250e-03	6.146569e-04	6.300593e-03	-2.842968e-03	-4.851105e-02	4.920423e-02	-6.530840e-04	4.887769e-02	-4.953077e-02
261           	8.452209e-01	3.695627e-01	4.756582e-01	-6.389950e-03	-1.258081e-02	6.190858e-03	-9.385833e-03	-5.304776e-02	5.557965e-02	-6.430508e-04	5.525813e-02	-5.590118e-02
262           	8.434952e-01	3.714415e-01	4.720537e-01	-1.852536e-02	-2.372215e-02	5.196786e-03	-1.445947e-02	-5.030612e-02	5.468307e-02	-6.461264e-04	5.436001e-02	-5.500614e-02
263           	8.420352e-01	3.811632e-01	4.608719e-01	-2.762794e-02	-3.105503e-02	3.427091e-03	-1.724106e-02	-3.985436e-02	4.606855e-02	-6.355955e-04	4.575075e-02	-4.638634e-02
264           	8.411335e-01	3.980946e-01	4.430389e-01	-3.232533e-02	-3.347335e-02	1.148014e-03	-1.731068e-02	-2.247219e-02	3.481451e-02	-6.286322e-04	3.450019e-02	-3.512882e-02
265           	8.408361e-01	4.198957e-01	4.209404e-01	-3.193073e-02	-3.067333e-02	-1.257396e-03	-1.470797e-02	-5.223838e-04	2.684226e-02	-6.065193e-04	2.653900e-02	-2.714552e-02
266           	8.409088e-01	4.428612e-01	3.980476e-01	-2.658397e-02	-2.315013e-02	-3.433839e-03	-9.858145e-03	2.240680e-02	2.521377e-02	-5.751784e-04	2.492619e-02	-2.550136e-02
267           	8.409579e-01	4.630149e-01	3.779431e-01	-1.720058e-02	-1.212101e-02	-5.079565e-03	-3.520725e-03	4.253590e-02	2.981903e-02	-5.267826e-04	2.955564e-02	-3.008242e-02
268           	8.404527e-01	4.768398e-01	3.636129e-01	-5.355969e-03	5.560400e-04	-5.912009e-03	3.234025e-03	5.661347e-02	3.797943e-02	-4.910335e-04	3.773391e-02	-3.822495e-02
269           	8.393651e-01	4.818692e-01	3.574959e-01	6.980800e-03	1.277900e-02	-5.798202e-03	9.288602e-03	6.218666e-02	4.431528e-02	-4.712636e-04	4.407965e-02	-4.455091e-02
270           	8.378570e-01	4.766861e-01	3.611709e-01	1.787572e-02	2.268798e-02	-4.812256e-03	1.375012e-02	5.775764e-02	4.363965e-02	-4.798655e-04	4.339972e-02	-4.387958e-02
271           	8.361177e-01	4.614428e-01	3.746749e-01	2.569369e-02	2.876565e-02	-3.071961e-03	1.591881e-02	4.338392e-02	3.613953e-02	-4.892180e-04	3.589492e-02	-3.638414e-02
272           	8.345719e-01	4.383178e-01	3.962541e-01	2.932980e-02	3.018637e-02	-8.565750e-04	1.552147e-02	2.103187e-02	2.695371e-02	-5.083818e-04	2.669952e-02	-2.720790e-02
273           	8.335323e-01	4.113282e-01	4.222040e-01	2.838522e-02	2.695126e-02	1.433960e-03	1.275865e-02	-5.437902e-03	2.160019e-02	-5.177778e-04	2.134130e-02	-2.185908e-02
274           	8.328823e-01	3.852363e-01	4.476460e-01	2.324105e-02	1.977706e-02	3.463992e-03	8.156532e-03	-3.120482e-02	2.239007e-02	-5.230844e-04	2.212853e-02	-2.265161e-02
275           	8.322545e-01	3.642064e-01	4.680481e-01	1.488975e-02	9.919147e-03	4.970604e-03	2.474271e-03	-5.192085e-02	2.848547e-02	-5.168615e-04	2.822704e-02	-2.874390e-02
276           	8.313256e-01	3.511731e-01	4.801525e-01	4.722909e-03	-9.722453e-04	5.695154e-03	-3.333700e-03	-6.448967e-02	3.666391e-02	-5.269984e-04	3.640041e-02	-3.692741e-02
277           	8.303721e-01	3.480787e-01	4.822934e-01	-5.674312e-03	-1.121016e-02	5.535850e-03	-8.373006e-03	-6.710734e-02	4.194968e-02	-5.466356e-04	4.167636e-02	-4.222299e-02
278           	8.295398e-01	3.556850e-01	4.738548e-01	-1.479627e-02	-1.937178e-02	4.575506e-03	-1.197364e-02	-5.908490e-02	3.991699e-02	-5.792347e-04	3.962737e-02	-4.020661e-02
279           	8.287743e-01	3.730842e-01	4.556901e-01	-2.139860e-02	-2.434175e-02	2.943151e-03	-1.364245e-02	-4.130295e-02	3.131127e-02	-5.977415e-04	3.101239e-02	-3.161014e-02
280           	8.281748e-01	3.977020e-01	4.304728e-01	-2.464206e-02	-2.554286e-02	9.007991e-04	-1.322183e-02	-1.638541e-02	2.113132e-02	-6.069950e-04	2.082782e-02	-2.143481e-02
281           	8.279075e-01	4.254463e-01	4.024612e-01	-2.418959e-02	-2.299908e-02	-1.190508e-03	-1.090429e-02	1.149254e-02	1.497076e-02	-5.925415e-04	1.467449e-02	-1.526703e-02
282           	8.277639e-01	4.514144e-01	3.763494e-01	-2.024665e-02	-1.719327e-02	-3.053379e-03	-7.069947e-03	3.753251e-02	1.545768e-02	-5.685637e-04	1.517340e-02	-1.574197e-02
283           	8.272328e-01	4.710694e-01	3.561634e-01	-1.345867e-02	-9.053842e-03	-4.404825e-03	-2.324509e-03	5.745297e-02	2.242787e-02	-5.316826e-04	2.216203e-02	-2.269371e-02
284           	8.261887e-01	4.811708e-01	3.450179e-01	-4.889181e-03	6.778984e-05	-4.956971e-03	2.512380e-03	6.807644e-02	3.219236e-02	-5.144193e-04	3.193515e-02	-3.244957e-02
285           	8.250697e-01	4.802904e-01	3.447793e-01	4.107504e-03	8.762592e-03	-4.655088e-03	6.708840e-03	6.775552e-02	3.889201e-02	-5.109989e-04	3.863651e-02	-3.914751e-02
286           	8.241491e-01	4.685228e-01	3.556263e-01	1.219241e-02	1.583416e-02	-3.641749e-03	9.737953e-03	5.644827e-02	3.841062e-02	-5.241544e-04	3.814854e-02	-3.867269e-02
287           	8.232376e-01	4.475620e-01	3.756757e-01	1.824445e-02	2.032127e-02	-2.076824e-03	1.119905e-02	3.594315e-02	3.186874e-02	-5.306860e-04	3.160339e-02	-3.213408e-02
288           	8.223261e-01	4.208480e-01	4.014781e-01	2.147519e-02	2.171260e-02	-2.374121e-04	1.097501e-02	9.684921e-03	2.400565e-02	-5.362747e-04	2.373751e-02	-2.427378e-02
289           	8.214712e-01	3.930498e-01	4.284214e-01	2.153223e-02	1.997390e-02	1.558323e-03	9.207791e-03	-1.768584e-02	2.027605e-02	-5.308869e-04	2.001061e-02	-2.054149e-02
290           	8.205389e-01	3.686833e-01	4.518556e-01	1.849580e-02	1.543325e-02	3.062553e-03	6.185347e-03	-4.158611e-02	2.245314e-02	-5.281162e-04	2.218908e-02	-2.271720e-02
291           	8.193210e-01	3.512841e-01	4.680369e-01	1.284499e-02	8.821130e-03	4.023864e-03	2.398633e-03	-5.837637e-02	2.957375e-02	-5.176708e-04	2.931491e-02	-2.983258e-02
292           	8.180993e-01	3.431958e-01	4.749035e-01	5.484411e-03	1.231970e-03	4.252441e-03	-1.510235e-03	-6.585385e-02	3.741017e-02	-5.222040e-04	3.714907e-02	-3.767127e-02
293           	8.173743e-01	3.454448e-01	4.719295e-01	-2.457713e-03	-6.265285e-03	3.807572e-03	-5.036428e-03	-6.324232e-02	4.110649e-02	-5.299110e-04	4.084154e-02	-4.137145e-02
294           	8.171051e-01	3.575122e-01	4.595929e-01	-9.842849e-03	-1.268605e-02	2.843198e-03	-7.764623e-03	-5.104033e-02	3.830052e-02	-5.458515e-04	3.802759e-02	-3.857345e-02
295           	8.168718e-01	3.774078e-01	4.394640e-01	-1.560854e-02	-1.712734e-02	1.518803e-03	-9.323074e-03	-3.102810e-02	3.040503e-02	-5.480145e-04	3.013102e-02	-3.067903e-02
296           	8.164676e-01	4.019500e-01	4.145176e-01	-1.891067e-02	-1.896321e-02	5.254906e-05	-9.507882e-03	-6.283801e-03	2.218496e-02	-5.414908e-04	2.191422e-02	-2.245571e-02
297           	8.157616e-01	4.270772e-01	3.886844e-01	-1.931518e-02	-1.799501e-02	-1.320170e-03	-8.337420e-03	1.919642e-02	1.876953e-02	-5.160389e-04	1.851151e-02	-1.902755e-02
298           	8.147109e-01	4.487109e-01	3.660001e-01	-1.679189e-02	-1.435561e-02	-2.436284e-03	-5.959663e-03	4.135540e-02	2.182289e-02	-4.859268e-04	2.157993e-02	-2.206586e-02
299           	8.134467e-01	4.634787e-01	3.499680e-01	-1.173228e-02	-8.618493e-03	-3.113788e-03	-2.752352e-03	5.675532e-02	2.990140e-02	-4.472708e-04	2.967777e-02	-3.012504e-02
300           	8.123623e-01	4.692917e-01	3.430706e-01	-4.934675e-03	-1.699157e-03	-3.235519e-03	7.681812e-04	6.311054e-02	3.830792e-02	-4.209418e-04	3.809745e-02	-3.851839e-02
301           	8.118362e-01	4.654646e-01	3.463716e-01	2.534498e-03	5.400244e-03	-2.865746e-03	4.132995e-03	5.954654e-02	4.215415e-02	-4.028324e-04	4.195273e-02	-4.235556e-02
302           	8.114863e-01	4.523178e-01	3.591686e-01	9.519791e-03	1.163884e-02	-2.119047e-03	6.878943e-03	4.657460e-02	3.976742e-02	-4.023199e-04	3.956626e-02	-3.996858e-02
303           	8.107975e-01	4.316370e-01	3.791605e-01	1.492125e-02	1.603586e-02	-1.114614e-03	8.575237e-03	2.623826e-02	3.319479e-02	-4.004529e-04	3.299457e-02	-3.339502e-02
304           	8.095841e-01	4.066956e-01	4.028886e-01	1.791581e-02	1.791223e-02	3.578649e-06	8.954328e-03	1.903487e-03	2.708163e-02	-4.025820e-04	2.688034e-02	-2.728293e-02
305           	8.079998e-01	3.816325e-01	4.263673e-01	1.806203e-02	1.697132e-02	1.090701e-03	7.940311e-03	-2.236736e-02	2.545105e-02	-3.979688e-04	2.525207e-02	-2.565004e-02
306           	8.062916e-01	3.604701e-01	4.458215e-01	1.531596e-02	1.329144e-02	2.024528e-03	5.633454e-03	-4.267567e-02	2.916079e-02	-3.966466e-04	2.896247e-02	-2.935911e-02
307           	8.048190e-01	3.464071e-01	4.584119e-01	1.008272e-02	7.439389e-03	2.643330e-03	2.398030e-03	-5.600240e-02	3.583524e-02	-3.922295e-04	3.563913e-02	-3.603136e-02
308           	8.039460e-01	3.413904e-01	4.625555e-01	3.256577e-03	4.257531e-04	2.830824e-03	-1.202535e-03	-6.058254e-02	4.111053e-02	-4.020677e-04	4.090950e-02	-4.131157e-02
309           	8.037165e-01	3.460776e-01	4.576388e-01	-3.972224e-03	-6.597164e-03	2.624939e-03	-4.611051e-03	-5.578061e-02	4.169722e-02	-4.162688e-04	4.148908e-02	-4.190535e-02
310           	8.036510e-01	3.596797e-01	4.439713e-01	-1.035282e-02	-1.246111e-02	2.108287e-03	-7.284699e-03	-4.214579e-02	3.684256e-02	-4.383158e-04	3.662340e-02	-3.706172e-02
311           	8.031451e-01	3.799391e-01	4.232060e-01	-1.480368e-02	-1.614107e-02	1.337390e-03	-8.739231e-03	-2.163344e-02	2.911250e-02	-4.460956e-04	2.888946e-02	-2.933555e-02
312           	8.021179e-01	4.035736e-01	3.985443e-01	-1.663325e-02	-1.703094e-02	3.976876e-04	-8.714315e-03	2.514673e-03	2.307097e-02	-4.440257e-04	2.284896e-02	-2.329299e-02
313           	8.008424e-01	4.267589e-01	3.740836e-01	-1.559180e-02	-1.497680e-02	-6.149963e-04	-7.180902e-03	2.633765e-02	2.201430e-02	-4.214217e-04	2.180359e-02	-2.222502e-02
314           	7.997466e-01	4.457343e-01	3.540123e-01	-1.188549e-02	-1.032436e-02	-1.561128e-03	-4.381618e-03	4.586099e-02	2.625674e-02	-3.959083e-04	2.605879e-02	-2.645470e-02
315           	7.990982e-01	4.573205e-01	3.417777e-01	-6.215002e-03	-3.973832e-03	-2.241170e-03	-8.663308e-04	5.777142e-02	3.287924e-02	-3.671908e-04	3.269564e-02	-3.306283e-02
316           	7.988994e-01	4.594895e-01	3.394099e-01	2.970358e-04	2.843086e-03	-2.546051e-03	2.694569e-03	6.003980e-02	3.757927e-02	-3.547606e-04	3.740189e-02	-3.775665e-02
317           	7.988015e-01	4.515657e-01	3.472358e-01	6.406434e-03	8.889792e-03	-2.483358e-03	5.686575e-03	5.216497e-02	3.775587e-02	-3.513817e-04	3.758018e-02	-3.793156e-02
318           	7.981126e-01	4.344530e-01	3.636596e-01	1.104480e-02	1.312668e-02	-2.081878e-03	7.604277e-03	3.539668e-02	3.368396e-02	-3.626022e-04	3.350266e-02	-3.386527e-02
319           	7.966292e-01	4.109919e-01	3.856373e-01	1.349696e-02	1.485716e-02	-1.360202e-03	8.108681e-03	1.267728e-02	2.787208e-02	-3.724384e-04	2.768586e-02	-2.805830e-02
320           	7.947550e-01	3.853979e-01	4.093572e-01	1.347966e-02	1.386917e-02	-3.895084e-04	7.129338e-03	-1.197965e-02	2.426059e-02	-3.851158e-04	2.406803e-02	-2.445315e-02
321           	7.931324e-01	3.622629e-01	4.308695e-01	1.110480e-02	1.040614e-02	6.986612e-04	4.853740e-03	-3.430330e-02	2.473725e-02	-3.930465e-04	2.454073e-02	-2.493378e-02
322           	7.922022e-01	3.455764e-01	4.466258e-01	6.916696e-03	5.215089e-03	1.701607e-03	1.756741e-03	-5.052467e-02	2.849957e-02	-4.081425e-04	2.829550e-02	-2.870364e-02
323           	7.919908e-01	3.379869e-01	4.540039e-01	1.823371e-03	-5.884291e-04	2.411800e-03	-1.500115e-03	-5.800847e-02	3.256637e-02	-4.236709e-04	3.235453e-02	-3.277820e-02
324           	7.922683e-01	3.404629e-01	4.518053e-01	-3.118715e-03	-5.846395e-03	2.727680e-03	-4.287038e-03	-5.567119e-02	3.359781e-02	-4.482021e-04	3.337371e-02	-3.382191e-02
325           	7.924615e-01	3.522943e-01	4.401672e-01	-6.998156e-03	-9.621894e-03	2.623738e-03	-6.122816e-03	-4.393641e-02	3.043111e-02	-4.655609e-04	3.019833e-02	-3.066389e-02
326           	7.920521e-01	3.712586e-01	4.207935e-01	-9.196204e-03	-1.130700e-02	2.110801e-03	-6.708903e-03	-2.476741e-02	2.410473e-02	-4.779680e-04	2.386575e-02	-2.434371e-02
327           	7.910493e-01	3.940252e-01	3.970241e-01	-9.472547e-03	-1.070600e-02	1.233451e-03	-5.969725e-03	-1.499443e-03	1.781233e-02	-4.739853e-04	1.757534e-02	-1.804933e-02
328           	7.899831e-01	4.168156e-01	3.731676e-01	-7.958227e-03	-8.082919e-03	1.246923e-04	-4.103806e-03	2.182399e-02	1.482220e-02	-4.637248e-04	1.459034e-02	-1.505406e-02
329           	7.893483e-01	4.357533e-01	3.535950e-01	-5.121732e-03	-4.117014e-03	-1.004718e-03	-1.556148e-03	4.107914e-02	1.626362e-02	-4.447267e-04	1.604125e-02	-1.648598e-02
330           	7.892322e-01	4.474349e-01	3.417973e-01	-1.680751e-03	2.395327e-04	-1.920284e-03	1.079908e-03	5.281879e-02	2.047770e-02	-4.320718e-04	2.026166e-02	-2.069373e-02
331           	7.894775e-01	4.497697e-01	3.397078e-01	1.598350e-03	4.044156e-03	-2.445806e-03	3.244981e-03	5.503095e-02	2.440853e-02	-4.239336e-04	2.419656e-02	-2.462049e-02
332           	7.895122e-01	4.420105e-01	3.475018e-01	4.094417e-03	6.614574e-03	-2.520157e-03	4.567365e-03	4.725436e-02	2.551343e-02	-4.288517e-04	2.529900e-02	-2.572785e-02
333           	7.891109e-01	4.256056e-01	3.635053e-01	5.457414e-03	7.550324e-03	-2.092910e-03	4.821617e-03	3.105013e-02	2.290741e-02	-4.332269e-04	2.269080e-02	-2.312403e-02
334           	7.880955e-01	4.037106e-01	3.843849e-01	5.527275e-03	6.784682e-03	-1.257407e-03	4.021044e-03	9.662873e-03	1.820826e-02	-4.422966e-04	1.798711e-02	-1.842941e-02
335           	7.870137e-01	3.806062e-01	4.064075e-01	4.454874e-03	4.629141e-03	-1.742670e-04	2.401704e-03	-1.290066e-02	1.432962e-02	-4.481446e-04	1.410555e-02	-1.455369e-02
336           	7.863934e-01	3.606535e-01	4.257399e-01	2.663293e-03	1.739968e-03	9.233248e-04	4.083216e-04	-3.254320e-02	1.330452e-02	-4.594505e-04	1.307480e-02	-1.353425e-02
337           	7.862980e-01	3.473073e-01	4.389907e-01	6.854133e-04	-1.114146e-03	1.799560e-03	-1.456853e-03	-4.584172e-02	1.482082e-02	-4.681884e-04	1.458672e-02	-1.505491e-02
338           	7.865032e-01	3.425273e-01	4.439759e-01	-1.027174e-03	-3.292283e-03	2.265109e-03	-2.778696e-03	-5.072426e-02	1.673664e-02	-4.807213e-04	1.649628e-02	-1.697700e-02
339           	7.867092e-01	3.468622e-01	4.398469e-01	-2.126781e-03	-4.356808e-03	2.230027e-03	-3.293417e-03	-4.649233e-02	1.657880e-02	-4.858619e-04	1.633587e-02	-1.682173e-02
340           	7.867228e-01	3.593472e-01	4.273755e-01	-2.414063e-03	-4.144681e-03	1.730618e-03	-2.937650e-03	-3.401416e-02	1.331573e-02	-4.875742e-04	1.307194e-02	-1.355952e-02
341           	7.865491e-01	3.775649e-01	4.089842e-01	-1.943782e-03	-2.856199e-03	9.124170e-04	-1.884308e-03	-1.570964e-02	8.068159e-03	-4.766172e-04	7.829851e-03	-8.306468e-03
342           	7.862823e-01	3.980805e-01	3.882018e-01	-1.017093e-03	-9.730052e-04	-4.408800e-05	-4.644586e-04	4.939359e-03	3.286143e-03	-4.632044e-04	3.054541e-03	-3.517745e-03
343           	7.859588e-01	4.171215e-01	3.688373e-01	-4.921745e-05	8.888584e-04	-9.380759e-04	9.134672e-04	2.414213e-02	1.209483e-03	-4.443649e-04	9.873010e-04	-1.431666e-03
344           	7.855370e-01	4.311702e-01	3.543668e-01	6.547757e-04	2.224358e-03	-1.569583e-03	1.896971e-03	3.840167e-02	2.491983e-03	-4.296460e-04	2.277160e-03	-2.706806e-03
345           	7.850772e-01	4.377460e-01	3.473312e-01	9.278583e-04	2.701747e-03	-1.773888e-03	2.237817e-03	4.520737e-02	5.615245e-03	-4.143205e-04	5.408085e-03	-5.822406e-03
346           	7.847008e-01	4.356796e-01	3.490211e-01	6.779589e-04	2.196883e-03	-1.518924e-03	1.857904e-03	4.332925e-02	7.995470e-03	-4.057510e-04	7.792595e-03	-8.198346e-03
347           	7.845215e-01	4.255664e-01	3.589551e-01	-3.016046e-05	8.880777e-04	-9.182382e-04	9.031579e-04	3.330568e-02	7.915197e-03	-3.939792e-04	7.718208e-03	-8.112187e-03
348           	7.845568e-01	4.096018e-01	3.749550e-01	-8.947653e-04	-7.349650e-04	-1.598004e-04	-2.875823e-04	1.732341e-02	5.541541e-03	-3.855964e-04	5.348743e-03	-5.734340e-03
349           	7.846589e-01	3.910346e-01	3.936242e-01	-1.503520e-03	-2.085678e-03	5.821574e-04	-1.333918e-03	-1.294781e-03	2.503406e-03	-3.733128e-04	2.316750e-03	-2.690062e-03
350           	7.845749e-01	3.732872e-01	4.112877e-01	-1.597344e-03	-2.762861e-03	1.165516e-03	-1.964188e-03	-1.900025e-02	5.299441e-04	-3.672361e-04	3.463260e-04	-7.135621e-04
351           	7.842237e-01	3.595677e-01	4.246560e-01	-1.168409e-03	-2.607983e-03	1.439574e-03	-2.023778e-03	-3.254412e-02	4.796693e-04	-3.590533e-04	3.001426e-04	-6.591959e-04
352           	7.838064e-01	3.524414e-01	4.313650e-01	-2.923955e-04	-1.581229e-03	1.288834e-03	-1.435032e-03	-3.946182e-02	1.649649e-03	-3.559576e-04	1.471670e-03	-1.827628e-03
353           	7.836078e-01	3.532581e-01	4.303497e-01	8.738130e-04	9.016881e-05	7.836442e-04	-3.467377e-04	-3.854582e-02	2.247948e-03	-3.501808e-04	2.072858e-03	-2.423038e-03
354           	7.837064e-01	3.615934e-01	4.221129e-01	2.017488e-03	1.886154e-03	1.313347e-04	8.774094e-04	-3.025975e-02	9.801951e-04	-3.443974e-04	8.079964e-04	-1.152394e-03
355           	7.839108e-01	3.754377e-01	4.084732e-01	2.666697e-03	3.145730e-03	-4.790339e-04	1.812382e-03	-1.651775e-02	-1.836622e-03	-3.291825e-04	-2.001213e-03	1.672031e-03
356           	7.838947e-01	3.918524e-01	3.920423e-01	2.513571e-03	3.441874e-03	-9.283034e-04	2.185089e-03	-9.496482e-05	-4.826336e-03	-3.110042e-04	-4.981839e-03	4.670834e-03
357           	7.833236e-01	4.076391e-01	3.756845e-01	1.643513e-03	2.775401e-03	-1.131888e-03	1.953645e-03	1.597726e-02	-6.402510e-03	-2.871198e-04	-6.546070e-03	6.258950e-03
358           	7.824400e-01	4.198197e-01	3.626203e-01	2.901582e-04	1.274692e-03	-9.845341e-04	1.129613e-03	2.859967e-02	-5.732141e-03	-2.660259e-04	-5.865154e-03	5.599129e-03
359           	7.816325e-01	4.261148e-01	3.555177e-01	-1.242648e-03	-7.395743e-04	-5.030737e-04	-1.182503e-04	3.529855e-02	-3.465181e-03	-2.409740e-04	-3.585668e-03	3.344694e-03
360           	7.813872e-01	4.255210e-01	3.558662e-01	-2.588031e-03	-2.717803e-03	1.297726e-04	-1.423788e-03	3.482738e-02	-1.384772e-03	-2.207544e-04	-1.495149e-03	1.274395e-03
361           	7.817002e-01	4.184367e-01	3.632635e-01	-3.271366e-03	-3.967087e-03	6.957213e-04	-2.331404e-03	2.758660e-02	-7.567528e-04	-1.976685e-04	-8.555870e-04	6.579186e-04
362           	7.822028e-01	4.064113e-01	3.757915e-01	-2.945910e-03	-4.020960e-03	1.075050e-03	-2.548005e-03	1.530989e-02	-1.538177e-03	-1.801311e-04	-1.628242e-03	1.448111e-03
363           	7.823514e-01	3.916082e-01	3.907432e-01	-1.674965e-03	-2.868820e-03	1.193855e-03	-2.031338e-03	4.324907e-04	-2.809094e-03	-1.598295e-04	-2.889009e-03	2.729179e-03
364           	7.820001e-01	3.767641e-01	4.052360e-01	1.847267e-04	-8.120720e-04	9.967986e-04	-9.044353e-04	-1.423593e-02	-3.488001e-03	-1.457720e-04	-3.560887e-03	3.415115e-03
365           	7.813284e-01	3.649024e-01	4.164259e-01	2.157609e-03	1.648792e-03	5.088171e-04	5.699874e-04	-2.576176e-02	-2.771850e-03	-1.313430e-04	-2.837521e-03	2.706178e-03
366           	7.808373e-01	3.585626e-01	4.222747e-01	3.673699e-03	3.805703e-03	-1.320036e-04	1.968853e-03	-3.185604e-02	-1.166289e-03	-1.230652e-04	-1.227822e-03	1.104756e-03
367           	7.806673e-01	3.588694e-01	4.217978e-01	4.205651e-03	4.924751e-03	-7.190994e-04	2.821925e-03	-3.146420e-02	-4.554237e-05	-1.134839e-04	-1.022843e-04	-1.119957e-05
368           	7.806735e-01	3.653232e-01	4.153503e-01	3.498821e-03	4.611216e-03	-1.112396e-03	2.861806e-03	-2.501352e-02	-4.240131e-04	-1.087513e-04	-4.783888e-04	3.696375e-04
369           	7.804635e-01	3.766746e-01	4.037889e-01	1.644493e-03	2.856191e-03	-1.211698e-03	2.033945e-03	-1.355713e-02	-2.184963e-03	-9.843529e-05	-2.234181e-03	2.135745e-03
370           	7.799895e-01	3.905624e-01	3.894271e-01	-7.980192e-04	1.650519e-04	-9.630711e-04	5.640615e-04	5.676473e-04	-4.151819e-03	-8.849209e-05	-4.196065e-03	4.107573e-03
371           	7.792895e-01	4.042488e-01	3.750407e-01	-3.320671e-03	-2.898985e-03	-4.216862e-04	-1.238649e-03	1.460402e-02	-4.782152e-03	-7.088146e-05	-4.817592e-03	4.746711e-03
372           	7.788657e-01	4.150689e-01	3.637968e-01	-5.249072e-03	-5.502795e-03	2.537236e-04	-2.878259e-03	2.563605e-02	-3.508829e-03	-5.251438e-05	-3.535086e-03	3.482572e-03
373           	7.789851e-01	4.208754e-01	3.581097e-01	-5.927274e-03	-6.801140e-03	8.738663e-04	-3.837503e-03	3.138284e-02	-1.105031e-03	-2.392519e-05	-1.116994e-03	1.093069e-03
374           	7.794768e-01	4.205553e-01	3.589216e-01	-4.998195e-03	-6.290432e-03	1.292237e-03	-3.791335e-03	3.081684e-02	1.078152e-03	1.853416e-06	1.079079e-03	-1.077225e-03
375           	7.799655e-01	4.139415e-01	3.660240e-01	-2.652081e-03	-4.019219e-03	1.367137e-03	-2.693178e-03	2.395877e-02	2.058773e-03	2.611556e-05	2.071831e-03	-2.045716e-03
376           	7.801409e-01	4.022779e-01	3.778630e-01	5.487532e-04	-4.834576e-04	1.032211e-03	-7.578342e-04	1.220746e-02	2.019796e-03	3.927319e-05	2.039433e-03	-2.000160e-03
377           	7.799535e-01	3.877870e-01	3.921665e-01	4.044366e-03	3.664134e-03	3.802321e-04	1.641951e-03	-2.189713e-03	1.991010e-03	5.146084e-05	2.016741e-03	-1.965280e-03
378           	7.797901e-01	3.736264e-01	4.061637e-01	6.958427e-03	7.326038e-03	-3.676114e-04	3.846825e-03	-1.626866e-02	2.888350e-03	5.673753e-05	2.916719e-03	-2.859981e-03
379           	7.798747e-01	3.630162e-01	4.168584e-01	8.318799e-03	9.310451e-03	-9.916521e-04	5.151052e-03	-2.692109e-02	4.902856e-03	6.328744e-05	4.934499e-03	-4.871212e-03
380           	7.801554e-01	3.581096e-01	4.220458e-01	7.599565e-03	8.980484e-03	-1.380919e-03	5.180702e-03	-3.196806e-02	7.259711e-03	6.457477e-05	7.291998e-03	-7.227423e-03
381           	7.802231e-01	3.595870e-01	4.206361e-01	4.909188e-03	6.329186e-03	-1.419999e-03	3.874593e-03	-3.052451e-02	8.746745e-03	6.642329e-05	8.779957e-03	-8.713533e-03
382           	7.800470e-01	3.672711e-01	4.127759e-01	9.533159e-04	1.971727e-03	-1.018411e-03	1.495069e-03	-2.275242e-02	8.606886e-03	6.037711e-05	8.637075e-03	-8.576697e-03
383           	7.796971e-01	3.797703e-01	3.999269e-01	-3.594214e-03	-3.340483e-03	-2.537307e-04	-1.543376e-03	-1.007828e-02	7.614903e-03	5.766905e-05	7.643738e-03	-7.586069e-03
384           	7.797265e-01	3.949199e-01	3.848066e-01	-7.767113e-03	-8.383399e-03	6.162857e-04	-4.499842e-03	5.056605e-03	7.020790e-03	5.501806e-05	7.048300e-03	-6.993281e-03
385           	7.803040e-01	4.095078e-01	3.707962e-01	-1.036151e-02	-1.165930e-02	1.297793e-03	-6.478549e-03	1.935578e-02	7.538749e-03	6.322264e-05	7.570360e-03	-7.507138e-03
386           	7.813186e-01	4.203068e-01	3.610118e-01	-1.049525e-02	-1.216390e-02	1.668652e-03	-6.916275e-03	2.964748e-02	9.329449e-03	7.626335e-05	9.367581e-03	-9.291317e-03
387           	7.821616e-01	4.250967e-01	3.570649e-01	-8.060846e-03	-9.726889e-03	1.666043e-03	-5.696466e-03	3.401593e-02	1.179973e-02	9.743036e-05	1.184845e-02	-1.175102e-02
388           	7.828884e-01	4.227914e-01	3.600970e-01	-3.724517e-03	-4.894029e-03	1.169511e-03	-3.031770e-03	3.134722e-02	1.436401e-02	1.073673e-04	1.441770e-02	-1.431033e-02
389           	7.831722e-01	4.136651e-01	3.695072e-01	1.753443e-03	1.490483e-03	2.629602e-04	6.137613e-04	2.207895e-02	1.598168e-02	1.117335e-04	1.603754e-02	-1.592581e-02
390           	7.836548e-01	3.997465e-01	3.839084e-01	7.241560e-03	8.005351e-03	-7.637907e-04	4.384571e-03	7.919045e-03	1.718027e-02	1.044493e-04	1.723249e-02	-1.712804e-02
391           	7.841651e-01	3.840160e-01	4.001491e-01	1.125475e-02	1.281007e-02	-1.555328e-03	7.182701e-03	-8.066538e-03	1.820210e-02	9.334189e-05	1.824877e-02	-1.815543e-02
392           	7.845887e-01	3.696913e-01	4.148974e-01	1.255376e-02	1.453367e-02	-1.979907e-03	8.256788e-03	-2.260305e-02	1.947515e-02	7.479081e-05	1.951254e-02	-1.943775e-02
393           	7.847942e-01	3.597695e-01	4.250248e-01	1.087075e-02	1.281281e-02	-1.942060e-03	7.377435e-03	-3.262767e-02	2.144329e-02	5.974882e-05	2.147316e-02	-2.141342e-02
394           	7.850277e-01	3.565401e-01	4.284875e-01	6.729341e-03	8.054972e-03	-1.325631e-03	4.690301e-03	-3.597369e-02	2.385496e-02	4.054485e-05	2.387524e-02	-2.383469e-02
395           	7.849934e-01	3.604659e-01	4.245275e-01	8.578170e-04	1.110538e-03	-2.527207e-04	6.816292e-04	-3.203079e-02	2.522922e-02	1.999006e-05	2.523922e-02	-2.521923e-02
396           	7.855774e-01	3.712519e-01	4.143254e-01	-5.501589e-03	-6.451040e-03	9.494517e-04	-3.700246e-03	-2.153676e-02	2.555106e-02	-8.560854e-06	2.554678e-02	-2.555534e-02
397           	7.865700e-01	3.866593e-01	3.999107e-01	-1.071021e-02	-1.259627e-02	1.886054e-03	-7.241160e-03	-6.625739e-03	2.494853e-02	-3.355788e-05	2.493175e-02	-2.496531e-02
398           	7.877760e-01	4.037655e-01	3.840106e-01	-1.329256e-02	-1.570866e-02	2.416108e-03	-9.062386e-03	9.877441e-03	2.431514e-02	-5.556997e-05	2.428735e-02	-2.434292e-02
399           	7.888086e-01	4.191252e-01	3.696834e-01	-1.269004e-02	-1.509747e-02	2.407431e-03	-8.752453e-03	2.472086e-02	2.459080e-02	-6.470356e-05	2.455845e-02	-2.462315e-02
400           	7.897904e-01	4.297721e-01	3.600183e-01	-9.189025e-03	-1.090739e-02	1.718367e-03	-6.312880e-03	3.487693e-02	2.635451e-02	-6.986108e-05	2.631958e-02	-2.638944e-02
401           	7.903702e-01	4.337232e-01	3.566469e-01	-3.393387e-03	-3.894921e-03	5.015347e-04	-2.198228e-03	3.853816e-02	2.844332e-02	-6.737572e-05	2.840963e-02	-2.847701e-02
402           	7.915086e-01	4.307700e-01	3.607386e-01	3.361012e-03	4.220198e-03	-8.591860e-04	2.539692e-03	3.501572e-02	3.037682e-02	-7.418094e-05	3.033973e-02	-3.041391e-02
403           	7.928340e-01	4.214563e-01	3.713777e-01	9.195814e-03	1.115356e-02	-1.957745e-03	6.555652e-03	2.503927e-02	3.151180e-02	-8.984030e-05	3.146688e-02	-3.155672e-02
404           	7.939009e-01	4.071704e-01	3.867306e-01	1.252203e-02	1.519243e-02	-2.670402e-03	8.931415e-03	1.021989e-02	3.204684e-02	-1.253917e-04	3.198415e-02	-3.210954e-02
405           	7.943940e-01	3.903067e-01	4.040873e-01	1.278318e-02	1.563808e-02	-2.854902e-03	9.246490e-03	-6.890339e-03	3.268790e-02	-1.632923e-04	3.260625e-02	-3.276955e-02
406           	7.944293e-01	3.741804e-01	4.202490e-01	1.014966e-02	1.239534e-02	-2.245678e-03	7.320510e-03	-2.303431e-02	3.355155e-02	-1.995840e-04	3.345176e-02	-3.365134e-02
407           	7.939692e-01	3.615783e-01	4.323909e-01	4.939430e-03	5.890397e-03	-9.509675e-04	3.420682e-03	-3.540631e-02	3.420343e-02	-2.257230e-04	3.409057e-02	-3.431629e-02
408           	7.945219e-01	3.555128e-01	4.390090e-01	-1.776049e-03	-2.361037e-03	5.849873e-04	-1.473012e-03	-4.174810e-02	3.463477e-02	-2.544797e-04	3.450753e-02	-3.476201e-02
409           	7.961693e-01	3.572711e-01	4.388982e-01	-8.093448e-03	-9.956217e-03	1.862769e-03	-5.909493e-03	-4.081357e-02	3.426209e-02	-2.822412e-04	3.412097e-02	-3.440321e-02
410           	7.984841e-01	3.667274e-01	4.317567e-01	-1.208237e-02	-1.482120e-02	2.738836e-03	-8.780020e-03	-3.251466e-02	3.303481e-02	-3.203607e-04	3.287463e-02	-3.319499e-02
411           	8.006993e-01	3.823755e-01	4.183238e-01	-1.290129e-02	-1.601473e-02	3.113434e-03	-9.564081e-03	-1.797417e-02	3.142160e-02	-3.558261e-04	3.124369e-02	-3.159951e-02
412           	8.023635e-01	4.018697e-01	4.004937e-01	-1.047517e-02	-1.313906e-02	2.663891e-03	-7.901477e-03	6.879931e-04	2.981618e-02	-3.839452e-04	2.962421e-02	-3.000815e-02
413           	8.027903e-01	4.215103e-01	3.812799e-01	-5.271102e-03	-6.671581e-03	1.400480e-03	-4.036031e-03	2.011520e-02	2.836778e-02	-3.899822e-04	2.817279e-02	-2.856277e-02
414           	8.031745e-01	4.387234e-01	3.644511e-01	1.759540e-03	1.960344e-03	-2.008042e-04	1.080574e-03	3.713614e-02	2.683764e-02	-3.891669e-04	2.664306e-02	-2.703222e-02
415           	8.041723e-01	4.505950e-01	3.535772e-01	8.597200e-03	1.016608e-02	-1.568880e-03	5.867480e-03	4.850889e-02	2.596728e-02	-3.832620e-04	2.577565e-02	-2.615891e-02
416           	8.058101e-01	4.545889e-01	3.512213e-01	1.296349e-02	1.545593e-02	-2.492439e-03	8.974183e-03	5.168382e-02	2.560578e-02	-3.940559e-04	2.540875e-02	-2.580281e-02
417           	8.078078e-01	4.495815e-01	3.582264e-01	1.378734e-02	1.681271e-02	-3.025368e-03	9.919039e-03	4.567754e-02	2.533963e-02	-4.190703e-04	2.513010e-02	-2.554917e-02
418           	8.098147e-01	4.358991e-01	3.739156e-01	1.120253e-02	1.405849e-02	-2.855964e-03	8.457228e-03	3.099178e-02	2.507054e-02	-4.544410e-04	2.484332e-02	-2.529776e-02
419           	8.102826e-01	4.151821e-01	3.951005e-01	5.729819e-03	7.487562e-03	-1.757743e-03	4.622653e-03	1.004078e-02	2.400109e-02	-4.779239e-04	2.376213e-02	-2.424005e-02
420           	8.098415e-01	3.909239e-01	4.189176e-01	-1.897025e-03	-1.742510e-03	-1.545148e-04	-7.939976e-04	-1.399684e-02	2.194280e-02	-4.978577e-04	2.169387e-02	-2.219172e-02
421           	8.101806e-01	3.680322e-01	4.421484e-01	-9.813313e-03	-1.111923e-02	1.305913e-03	-6.212570e-03	-3.705810e-02	1.883190e-02	-5.143712e-04	1.857471e-02	-1.908909e-02
422           	8.118149e-01	3.514240e-01	4.603909e-01	-1.545271e-02	-1.770196e-02	2.249258e-03	-9.975610e-03	-5.448347e-02	1.577289e-02	-5.372179e-04	1.550428e-02	-1.604150e-02
423           	8.147401e-01	3.448305e-01	4.699096e-01	-1.698491e-02	-1.972997e-02	2.745053e-03	-1.123751e-02	-6.253954e-02	1.227699e-02	-5.574679e-04	1.199825e-02	-1.255572e-02
424           	8.187412e-01	3.500987e-01	4.686424e-01	-1.423420e-02	-1.687863e-02	2.644431e-03	-9.761532e-03	-5.927186e-02	8.363527e-03	-5.813612e-04	8.072846e-03	-8.654207e-03
425           	8.221113e-01	3.664672e-01	4.556441e-01	-7.746128e-03	-9.399229e-03	1.653101e-03	-5.526165e-03	-4.458844e-02	3.770611e-03	-5.964323e-04	3.472395e-03	-4.068827e-03
426           	8.234135e-01	3.907153e-01	4.326982e-01	1.178984e-03	1.091679e-03	8.730569e-05	5.021866e-04	-2.099149e-02	-6.184931e-04	-6.013240e-04	-9.191551e-04	3.178311e-04
427           	8.229537e-01	4.193914e-01	4.035623e-01	1.061909e-02	1.186060e-02	-1.241511e-03	6.551058e-03	7.914570e-03	-4.407225e-03	-5.996755e-04	-4.707063e-03	4.107388e-03
428           	8.227325e-01	4.482260e-01	3.745065e-01	1.774518e-02	1.985259e-02	-2.107407e-03	1.098000e-02	3.685973e-02	-8.156744e-03	-6.049131e-04	-8.459201e-03	7.854287e-03
429           	8.235072e-01	4.717745e-01	3.517327e-01	2.043742e-02	2.292468e-02	-2.487259e-03	1.270597e-02	6.002090e-02	-1.152967e-02	-6.038846e-04	-1.183161e-02	1.122773e-02
430           	8.260682e-01	4.860815e-01	3.399868e-01	1.808476e-02	2.046085e-02	-2.376098e-03	1.141848e-02	7.304734e-02	-1.524084e-02	-6.072898e-04	-1.554449e-02	1.493720e-02
431           	8.294452e-01	4.876595e-01	3.417858e-01	1.142495e-02	1.295675e-02	-1.531801e-03	7.244276e-03	7.293687e-02	-1.943227e-02	-6.102317e-04	-1.973739e-02	1.912715e-02
432           	8.315444e-01	4.750933e-01	3.564511e-01	1.845708e-03	1.982275e-03	-1.365668e-04	1.059421e-03	5.932114e-02	-2.298777e-02	-6.200641e-04	-2.329780e-02	2.267774e-02
433           	8.322148e-01	4.507965e-01	3.814183e-01	-8.374919e-03	-9.567912e-03	1.192993e-03	-5.380452e-03	3.468912e-02	-2.573999e-02	-6.370030e-04	-2.605849e-02	2.542149e-02
434           	8.324649e-01	4.194245e-01	4.130404e-01	-1.674140e-02	-1.883555e-02	2.094154e-03	-1.046485e-02	3.192026e-03	-2.827861e-02	-6.622153e-04	-2.860972e-02	2.794751e-02
435           	8.332655e-01	3.872237e-01	4.460417e-01	-2.107394e-02	-2.358378e-02	2.509838e-03	-1.304681e-02	-2.940899e-02	-3.142450e-02	-6.705287e-04	-3.175976e-02	3.108923e-02
436           	8.348571e-01	3.601695e-01	4.746876e-01	-2.049691e-02	-2.289114e-02	2.394233e-03	-1.264269e-02	-5.725907e-02	-3.559152e-02	-6.724841e-04	-3.592776e-02	3.525527e-02
437           	8.370348e-01	3.427802e-01	4.942546e-01	-1.557288e-02	-1.726977e-02	1.696881e-03	-9.483323e-03	-7.573718e-02	-4.124150e-02	-6.701517e-04	-4.157658e-02	4.090643e-02
438           	8.388430e-01	3.377768e-01	5.010662e-01	-7.701585e-03	-8.205134e-03	5.035486e-04	-4.354341e-03	-8.164470e-02	-4.705023e-02	-6.762448e-04	-4.738835e-02	4.671211e-02
439           	8.398538e-01	3.460117e-01	4.938421e-01	1.141258e-03	1.994114e-03	-8.528564e-04	1.423485e-03	-7.391523e-02	-5.186724e-02	-6.985089e-04	-5.221649e-02	5.151798e-02
440           	8.402653e-01	3.662054e-01	4.740598e-01	8.910756e-03	1.093715e-02	-2.026396e-03	6.481774e-03	-5.392721e-02	-5.552425e-02	-7.345315e-04	-5.589152e-02	5.515699e-02
441           	8.404373e-01	3.957441e-01	4.446932e-01	1.410848e-02	1.702921e-02	-2.920733e-03	9.974971e-03	-2.447456e-02	-5.848404e-02	-7.508769e-04	-5.885948e-02	5.810861e-02
442           	8.402233e-01	4.301344e-01	4.100889e-01	1.603873e-02	1.935354e-02	-3.314812e-03	1.133418e-02	1.002277e-02	-6.075534e-02	-7.494711e-04	-6.113008e-02	6.038061e-02
443           	8.395510e-01	4.635339e-01	3.760171e-01	1.493805e-02	1.782190e-02	-2.883854e-03	1.035288e-02	4.375838e-02	-6.255073e-02	-7.373389e-04	-6.291940e-02	6.218206e-02
444           	8.388319e-01	4.907125e-01	3.481194e-01	1.124177e-02	1.289994e-02	-1.658167e-03	7.279052e-03	7.129656e-02	-6.436530e-02	-7.329052e-04	-6.473175e-02	6.399884e-02
445           	8.389171e-01	5.070988e-01	3.318183e-01	5.854426e-03	5.811061e-03	4.336543e-05	2.883848e-03	8.764023e-02	-6.609733e-02	-7.303400e-04	-6.646250e-02	6.573216e-02
446           	8.400169e-01	5.097315e-01	3.302855e-01	8.717677e-05	-1.651742e-03	1.738918e-03	-1.695330e-03	8.972301e-02	-6.714903e-02	-7.392433e-04	-6.751865e-02	6.677941e-02
447           	8.419570e-01	4.980301e-01	3.439269e-01	-4.766704e-03	-7.857528e-03	3.090824e-03	-5.474176e-03	7.705158e-02	-6.769013e-02	-7.409296e-04	-6.806060e-02	6.731967e-02
448           	8.435835e-01	4.732467e-01	3.703368e-01	-7.829871e-03	-1.162653e-02	3.796657e-03	-7.711592e-03	5.145494e-02	-6.774677e-02	-7.324433e-04	-6.811299e-02	6.738054e-02
449           	8.436468e-01	4.382586e-01	4.053882e-01	-8.823424e-03	-1.249627e-02	3.672843e-03	-8.084555e-03	1.643519e-02	-6.665178e-02	-7.099873e-04	-6.700677e-02	6.629678e-02
450           	8.424172e-01	3.986465e-01	4.437707e-01	-8.006403e-03	-1.073971e-02	2.733311e-03	-6.736513e-03	-2.256206e-02	-6.376493e-02	-6.959414e-04	-6.411290e-02	6.341696e-02
451           	8.408891e-01	3.608086e-01	4.800805e-01	-5.903900e-03	-7.106880e-03	1.202980e-03	-4.154930e-03	-5.963595e-02	-5.998385e-02	-6.833937e-04	-6.032554e-02	5.964215e-02
452           	8.407771e-01	3.320881e-01	5.086889e-01	-3.469701e-03	-2.937368e-03	-5.323324e-04	-1.202518e-03	-8.830039e-02	-5.761949e-02	-6.783555e-04	-5.795867e-02	5.728031e-02
453           	8.420684e-01	3.177320e-01	5.243364e-01	-1.565124e-03	6.160166e-04	-2.181141e-03	1.398579e-03	-1.033022e-01	-5.662683e-02	-6.680963e-04	-5.696087e-02	5.629278e-02
454           	8.442779e-01	3.208877e-01	5.233902e-01	-4.720450e-04	2.905454e-03	-3.377499e-03	3.141477e-03	-1.012512e-01	-5.716279e-02	-6.659514e-04	-5.749577e-02	5.682981e-02
455           	8.461606e-01	3.414433e-01	5.047172e-01	-1.387992e-04	3.597054e-03	-3.735853e-03	3.666453e-03	-8.163694e-02	-5.802924e-02	-6.609930e-04	-5.835974e-02	5.769875e-02
456           	8.467854e-01	3.757769e-01	4.710084e-01	-4.765337e-04	2.728825e-03	-3.205358e-03	2.967092e-03	-4.761574e-02	-5.786206e-02	-6.545569e-04	-5.818934e-02	5.753478e-02
457           	8.461641e-01	4.187684e-01	4.273957e-01	-1.371407e-03	7.076683e-04	-2.079075e-03	1.393372e-03	-4.313663e-03	-5.470689e-02	-6.312588e-04	-5.502252e-02	5.439126e-02
458           	8.454715e-01	4.639754e-01	3.814961e-01	-2.200829e-03	-1.520710e-03	-6.801190e-04	-4.202955e-04	4.123963e-02	-4.911338e-02	-5.988023e-04	-4.941278e-02	4.881397e-02
459           	8.457826e-01	5.039265e-01	3.418561e-01	-2.192355e-03	-2.926423e-03	7.340681e-04	-1.830245e-03	8.103518e-02	-4.272410e-02	-5.498661e-04	-4.299903e-02	4.244916e-02
460           	8.473636e-01	5.317659e-01	3.155978e-01	-8.673661e-04	-2.793855e-03	1.926489e-03	-2.360172e-03	1.080840e-01	-3.676124e-02	-4.962572e-04	-3.700937e-02	3.651311e-02
461           	8.501857e-01	5.419476e-01	3.082381e-01	1.592740e-03	-1.003717e-03	2.596457e-03	-1.800087e-03	1.168547e-01	-3.170221e-02	-4.439845e-04	-3.192421e-02	3.148022e-02
462           	8.531037e-01	5.317124e-01	3.213913e-01	4.817647e-03	2.358959e-03	2.458687e-03	-4.986400e-05	1.051605e-01	-2.759658e-02	-4.040357e-04	-2.779860e-02	2.739456e-02
463           	8.549883e-01	5.026577e-01	3.523307e-01	8.245506e-03	6.551459e-03	1.694047e-03	2.428706e-03	7.516348e-02	-2.425783e-02	-3.592980e-04	-2.443748e-02	2.407818e-02
464           	8.556133e-01	4.599403e-01	3.956729e-01	1.118032e-02	1.041464e-02	7.656819e-04	4.824479e-03	3.213371e-02	-2.067676e-02	-3.184012e-04	-2.083596e-02	2.051756e-02
465           	8.552312e-01	4.110222e-01	4.442090e-01	1.242704e-02	1.245469e-02	-2.765414e-05	6.241173e-03	-1.659340e-02	-1.629562e-02	-2.785622e-04	-1.643490e-02	1.615633e-02
466           	8.543552e-01	3.644862e-01	4.898690e-01	1.105848e-02	1.163428e-02	-5.758014e-04	6.105042e-03	-6.269140e-02	-1.126202e-02	-2.533034e-04	-1.138867e-02	1.113537e-02
467           	8.540740e-01	3.280826e-01	5.259914e-01	6.878129e-03	7.762616e-03	-8.844871e-04	4.323552e-03	-9.895439e-02	-5.520362e-03	-2.330100e-04	-5.636867e-03	5.403857e-03
468           	8.557289e-01	3.090848e-01	5.466441e-01	5.528205e-04	1.322531e-03	-7.697103e-04	1.046121e-03	-1.187797e-01	-1.252876e-04	-2.229411e-04	-2.367581e-04	1.381703e-05
469           	8.581091e-01	3.106692e-01	5.474399e-01	-6.879942e-03	-6.640354e-03	-2.395886e-04	-3.200382e-03	-1.183853e-01	3.100340e-03	-2.063705e-04	2.997155e-03	-3.203525e-03
470           	8.601540e-01	3.321817e-01	5.279723e-01	-1.385936e-02	-1.408410e-02	2.247395e-04	-7.154420e-03	-9.789532e-02	3.029601e-03	-1.877607e-04	2.935721e-03	-3.123482e-03
471           	8.615367e-01	3.693057e-01	4.922310e-01	-1.873374e-02	-1.916295e-02	4.292069e-04	-9.796077e-03	-6.146266e-02	1.288556e-03	-1.656101e-04	1.205751e-03	-1.371361e-03
472           	8.623551e-01	4.154983e-01	4.468568e-01	-2.006269e-02	-2.045941e-02	3.967170e-04	-1.042806e-02	-1.567926e-02	-4.000384e-04	-1.547418e-04	-4.774093e-04	3.226674e-04
473           	8.624247e-01	4.631643e-01	3.992604e-01	-1.727851e-02	-1.745830e-02	1.797905e-04	-8.819047e-03	3.195194e-02	-2.982204e-06	-1.355803e-04	-7.077236e-05	-6.480796e-05
474           	8.622056e-01	5.057449e-01	3.564607e-01	-1.085240e-02	-1.062518e-02	-2.272193e-04	-5.198979e-03	7.464214e-02	4.059175e-03	-1.123042e-04	4.003023e-03	-4.115327e-03
475           	8.630766e-01	5.365376e-01	3.265390e-01	-2.245739e-03	-1.449249e-03	-7.964904e-04	-3.263794e-04	1.049993e-01	1.069568e-02	-7.676372e-05	1.065730e-02	-1.073406e-02
476           	8.636850e-01	5.504371e-01	3.132480e-01	6.838279e-03	8.068394e-03	-1.230115e-03	4.649255e-03	1.185946e-01	1.611220e-02	-3.399074e-05	1.609520e-02	-1.612920e-02
477           	8.641084e-01	5.455899e-01	3.185185e-01	1.431125e-02	1.551409e-02	-1.202833e-03	8.358460e-03	1.135357e-01	1.881719e-02	1.675421e-05	1.882557e-02	-1.880881e-02
478           	8.648070e-01	5.237573e-01	3.410497e-01	1.832850e-02	1.924922e-02	-9.207250e-04	1.008497e-02	9.135377e-02	1.913600e-02	4.468585e-05	1.915835e-02	-1.911366e-02
479           	8.653773e-01	4.887609e-01	3.766164e-01	1.823331e-02	1.891226e-02	-6.789507e-04	9.795606e-03	5.607224e-02	1.803178e-02	5.092412e-05	1.805724e-02	-1.800632e-02
480           	8.655070e-01	4.450437e-01	4.204633e-01	1.456252e-02	1.499452e-02	-4.319982e-04	7.713260e-03	1.229022e-02	1.596861e-02	3.938619e-05	1.598830e-02	-1.594892e-02
481           	8.653419e-01	3.995318e-01	4.658101e-01	8.534305e-03	8.434158e-03	1.001469e-04	4.167006e-03	-3.313919e-02	1.502260e-02	3.333634e-05	1.503927e-02	-1.500594e-02
482           	8.640011e-01	3.584330e-01	5.055681e-01	1.356664e-03	5.778457e-04	7.788184e-04	-1.004864e-04	-7.356756e-02	1.598704e-02	2.632296e-05	1.600020e-02	-1.597387e-02
483           	8.626529e-01	3.283662e-01	5.342867e-01	-5.545844e-03	-6.739371e-03	1.193527e-03	-3.966449e-03	-1.029602e-01	1.852030e-02	2.516393e-05	1.853288e-02	-1.850772e-02
484           	8.623950e-01	3.139820e-01	5.484130e-01	-1.068432e-02	-1.200914e-02	1.324812e-03	-6.666974e-03	-1.172155e-01	2.064271e-02	1.968948e-05	2.065256e-02	-2.063287e-02
485           	8.630270e-01	3.171354e-01	5.458916e-01	-1.314151e-02	-1.437953e-02	1.238026e-03	-7.808779e-03	-1.143781e-01	2.076634e-02	1.737021e-05	2.077503e-02	-2.075766e-02
486           	8.641998e-01	3.375993e-01	5.266004e-01	-1.273089e-02	-1.371743e-02	9.865425e-04	-7.351987e-03	-9.450056e-02	1.832241e-02	6.182528e-06	1.832550e-02	-1.831932e-02
487           	8.654600e-01	3.723306e-01	4.931295e-01	-1.012217e-02	-1.072324e-02	6.010785e-04	-5.662161e-03	-6.039946e-02	1.374020e-02	1.650863e-06	1.374102e-02	-1.373937e-02
488           	8.650402e-01	4.153528e-01	4.496874e-01	-6.304567e-03	-6.388985e-03	8.441797e-05	-3.236701e-03	-1.716728e-02	7.353829e-03	1.741061e-06	7.354700e-03	-7.352959e-03
489           	8.628969e-01	4.604693e-01	4.024275e-01	-2.292583e-03	-1.739657e-03	-5.529261e-04	-5.933653e-04	2.902089e-02	2.474424e-03	2.315084e-05	2.486000e-03	-2.462849e-03
490           	8.599781e-01	5.015484e-01	3.584298e-01	1.127754e-03	2.316370e-03	-1.188616e-03	1.752493e-03	7.155931e-02	1.953543e-03	4.266152e-05	1.974873e-03	-1.932212e-03
491           	8.574150e-01	5.328048e-01	3.246101e-01	3.579584e-03	5.215823e-03	-1.636238e-03	3.426031e-03	1.040974e-01	5.192496e-03	6.405167e-05	5.224522e-03	-5.160470e-03
492           	8.561181e-01	5.493285e-01	3.067896e-01	4.936301e-03	6.722172e-03	-1.785871e-03	4.254021e-03	1.212695e-01	9.136669e-03	8.507276e-05	9.179205e-03	-9.094133e-03
493           	8.561472e-01	5.481657e-01	3.079814e-01	5.302289e-03	6.858355e-03	-1.556066e-03	4.207211e-03	1.200921e-01	1.164470e-02	1.102262e-04	1.169981e-02	-1.158958e-02
494           	8.569857e-01	5.292070e-01	3.277788e-01	4.996783e-03	5.994759e-03	-9.979760e-04	3.496367e-03	1.007141e-01	1.101757e-02	1.172590e-04	1.107620e-02	-1.095894e-02
495           	8.575364e-01	4.951332e-01	3.624032e-01	4.456660e-03	4.713211e-03	-2.565510e-04	2.484881e-03	6.636504e-02	7.162913e-03	1.164041e-04	7.221115e-03	-7.104711e-03
496           	8.568452e-01	4.508716e-01	4.059736e-01	4.017408e-03	3.409158e-03	6.082499e-04	1.400454e-03	2.244903e-02	1.093256e-03	1.034796e-04	1.144995e-03	-1.041516e-03
497           	8.545949e-01	4.026958e-01	4.518991e-01	3.681384e-03	2.169511e-03	1.511873e-03	3.288189e-04	-2.460164e-02	-3.595855e-03	9.703503e-05	-3.547337e-03	3.644372e-03
498           	8.515482e-01	3.576041e-01	4.939441e-01	3.216065e-03	1.012628e-03	2.203437e-03	-5.954047e-04	-6.817001e-02	-4.196131e-03	8.561759e-05	-4.153322e-03	4.238940e-03
499           	8.489337e-01	3.225273e-01	5.264064e-01	2.390101e-03	-6.306111e-05	2.453162e-03	-1.258112e-03	-1.019396e-01	-1.433016e-03	7.633804e-05	-1.394846e-03	1.471185e-03
500           	8.476907e-01	3.031081e-01	5.445826e-01	1.100824e-03	-1.105782e-03	2.206606e-03	-1.656194e-03	-1.207372e-01	1.441167e-03	5.923498e-05	1.470785e-03	-1.411550e-03
