# Force and moment coefficients
# dragDir     : (1.000000e+00 0.000000e+00 0.000000e+00)
# sideDir     : (0.000000e+00 0.000000e+00 -1.000000e+00)
# liftDir     : (0.000000e+00 1.000000e+00 0.000000e+00)
# rollAxis    : (1.000000e+00 0.000000e+00 0.000000e+00)
# pitchAxis   : (0.000000e+00 0.000000e+00 -1.000000e+00)
# yawAxis     : (0.000000e+00 1.000000e+00 0.000000e+00)
# magUInf     : 1.250000e+01
# lRef        : 2.380000e-02
# Aref        : 7.140000e-03
# CofR        : (0.000000e+00 0.000000e+00 0.000000e+00)
#
# Time        	Cd            	Cd(f)         	Cd(r)         	Cl            	Cl(f)         	Cl(r)         	CmPitch       	CmRoll        	CmYaw         	Cs            	Cs(f)         	Cs(r)         
1             	2.237432e+02	1.118712e+02	1.118719e+02	-1.101847e-03	-6.209427e-04	-4.809044e-04	-7.001917e-05	-3.420663e-04	-1.304951e-03	-7.415120e-08	-1.304988e-03	1.304914e-03
2             	8.091160e+01	4.063970e+01	4.027189e+01	1.889924e-01	9.573809e-02	9.325430e-02	1.241896e-03	1.839045e-01	9.292852e-01	3.542591e-02	9.469981e-01	-9.115722e-01
3             	8.336144e+02	4.209137e+02	4.127007e+02	3.383609e+00	1.903216e+00	1.480392e+00	2.114121e-01	4.106529e+00	-3.709664e+01	-1.640997e-01	-3.717869e+01	3.701459e+01
4             	1.296640e+02	6.315055e+01	6.651342e+01	1.965031e+00	1.182197e+00	7.828342e-01	1.996812e-01	-1.681431e+00	-2.226114e+01	-1.678203e-01	-2.234505e+01	2.217723e+01
5             	-3.453241e+01	-1.785482e+01	-1.667759e+01	1.049675e+00	9.398324e-02	9.556920e-01	-4.308544e-01	-5.886176e-01	-1.201700e+01	-8.728711e-02	-1.206064e+01	1.197336e+01
6             	-3.507813e+00	2.332845e-01	-3.741098e+00	9.388443e-01	6.175015e-01	3.213428e-01	1.480794e-01	1.987191e+00	-6.068450e+00	3.888629e-02	-6.049007e+00	6.087893e+00
7             	1.361258e+01	6.227765e+00	7.384813e+00	4.157459e-01	8.273684e-01	-4.116225e-01	6.194955e-01	-5.785239e-01	1.259940e+00	8.351349e-02	1.301697e+00	-1.218184e+00
8             	1.493822e+01	7.410201e+00	7.528020e+00	-9.891003e-02	5.750600e-01	-6.739701e-01	6.245150e-01	-5.890971e-02	5.184393e+00	2.817452e-02	5.198480e+00	-5.170306e+00
9             	8.230070e+00	4.407386e+00	3.822683e+00	-6.766113e-01	2.765513e-01	-9.531626e-01	6.148569e-01	2.923515e-01	4.492953e+00	-1.562249e-02	4.485142e+00	-4.500764e+00
10            	1.316902e+01	6.713675e+00	6.455347e+00	-1.094457e+00	1.934174e-01	-1.287874e+00	7.406457e-01	1.291640e-01	4.276655e+00	-2.092875e-02	4.266191e+00	-4.287119e+00
11            	1.426687e+01	7.385181e+00	6.881686e+00	-1.434502e+00	-2.595010e-02	-1.408552e+00	6.913007e-01	2.517476e-01	-8.965729e-03	-1.122520e-02	-1.457833e-02	3.353131e-03
12            	1.793749e+01	9.374229e+00	8.563258e+00	-1.646867e+00	-3.929963e-01	-1.253870e+00	4.304370e-01	4.054858e-01	-1.459553e+00	-5.468979e-04	-1.459827e+00	1.459280e+00
13            	1.847568e+01	9.739456e+00	8.736223e+00	-1.774162e+00	-4.594287e-01	-1.314733e+00	4.276523e-01	5.016164e-01	-1.413709e+00	9.201120e-03	-1.409109e+00	1.418310e+00
14            	1.531004e+01	8.221979e+00	7.088058e+00	-1.725518e+00	-4.992571e-01	-1.226260e+00	3.635017e-01	5.669604e-01	5.088744e-01	9.815068e-03	5.137819e-01	-5.039668e-01
15            	1.034225e+01	6.246259e+00	4.095994e+00	-1.599699e+00	-5.914235e-01	-1.008276e+00	2.084261e-01	1.075133e+00	2.260822e+00	1.115634e-02	2.266400e+00	-2.255244e+00
16            	6.382514e+00	4.563659e+00	1.818855e+00	-1.411073e+00	-5.771367e-01	-8.339360e-01	1.283997e-01	1.372402e+00	3.383900e+00	7.791973e-03	3.387796e+00	-3.380004e+00
17            	4.247176e+00	3.849655e+00	3.975211e-01	-1.253097e+00	-5.737367e-01	-6.793598e-01	5.281160e-02	1.726067e+00	3.811802e+00	3.276226e-03	3.813440e+00	-3.810164e+00
18            	3.320252e+00	3.419806e+00	-9.955460e-02	-1.030550e+00	-5.118473e-01	-5.187028e-01	3.427768e-03	1.759680e+00	2.893930e+00	3.267855e-03	2.895564e+00	-2.892296e+00
19            	2.746163e+00	3.131403e+00	-3.852405e-01	-7.654421e-01	-4.359373e-01	-3.295048e-01	-5.321626e-02	1.758322e+00	1.402324e+00	5.214327e-03	1.404931e+00	-1.399717e+00
20            	2.058415e+00	2.618490e+00	-5.600750e-01	-4.705754e-01	-3.354292e-01	-1.351461e-01	-1.001415e-01	1.589282e+00	6.938469e-01	8.773313e-03	6.982335e-01	-6.894602e-01
21            	1.767237e+00	2.168357e+00	-4.011208e-01	-1.899635e-01	-1.890631e-01	-9.004944e-04	-9.408128e-02	1.284739e+00	-3.597441e-01	1.599330e-02	-3.517475e-01	3.677408e-01
22            	1.562747e+00	1.679076e+00	-1.163290e-01	-8.118994e-02	-1.356981e-01	5.450816e-02	-9.510313e-02	8.977026e-01	-7.824136e-01	2.261675e-02	-7.711053e-01	7.937220e-01
23            	1.566273e+00	1.269716e+00	2.965575e-01	-7.913274e-02	-1.049844e-01	2.585166e-02	-6.541803e-02	4.865790e-01	-1.131161e+00	2.696432e-02	-1.117679e+00	1.144643e+00
24            	1.457625e+00	7.829383e-01	6.746867e-01	-1.062399e-01	-1.100377e-01	3.797743e-03	-5.691772e-02	5.412583e-02	-1.060400e+00	2.677784e-02	-1.047011e+00	1.073789e+00
25            	1.532817e+00	4.296022e-01	1.103215e+00	-1.206064e-01	-1.025223e-01	-1.808410e-02	-4.221910e-02	-3.368065e-01	-8.536918e-01	2.411046e-02	-8.416365e-01	8.657470e-01
26            	1.501567e+00	1.695757e-01	1.331991e+00	-1.553910e-01	-8.318221e-02	-7.220880e-02	-5.486702e-03	-5.812077e-01	-7.764946e-01	1.929200e-02	-7.668486e-01	7.861406e-01
27            	1.591447e+00	-3.315679e-03	1.594763e+00	-1.798739e-01	-6.987408e-02	-1.099999e-01	2.006289e-02	-7.990393e-01	-7.576538e-01	1.539724e-02	-7.499552e-01	7.653524e-01
28            	1.662314e+00	-7.891139e-02	1.741225e+00	-2.398758e-01	-7.432491e-02	-1.655509e-01	4.561298e-02	-9.100683e-01	-6.742273e-01	1.272199e-02	-6.678663e-01	6.805883e-01
29            	1.731921e+00	-1.527121e-01	1.884633e+00	-3.038006e-01	-9.881355e-02	-2.049870e-01	5.308673e-02	-1.018673e+00	-7.123638e-01	1.174976e-02	-7.064889e-01	7.182387e-01
30            	1.795473e+00	-1.793880e-01	1.974861e+00	-3.703707e-01	-1.308692e-01	-2.395014e-01	5.431611e-02	-1.077124e+00	-5.604556e-01	1.295472e-02	-5.539782e-01	5.669329e-01
31            	1.889257e+00	-2.158287e-01	2.105086e+00	-4.124336e-01	-1.497454e-01	-2.626882e-01	5.647143e-02	-1.160457e+00	-3.274508e-01	1.454586e-02	-3.201779e-01	3.347237e-01
32            	1.933249e+00	-3.314972e-01	2.264747e+00	-4.251307e-01	-1.575214e-01	-2.676094e-01	5.504398e-02	-1.298122e+00	-2.660699e-02	1.426998e-02	-1.947200e-02	3.374197e-02
33            	1.961364e+00	-4.899185e-01	2.451282e+00	-3.945389e-01	-1.517100e-01	-2.428289e-01	4.555944e-02	-1.470600e+00	3.298920e-01	1.151139e-02	3.356477e-01	-3.241363e-01
34            	1.978299e+00	-6.860848e-01	2.664383e+00	-3.197920e-01	-1.180889e-01	-2.017031e-01	4.180710e-02	-1.675234e+00	7.272040e-01	7.191804e-03	7.307999e-01	-7.236081e-01
35            	1.974455e+00	-8.801056e-01	2.854561e+00	-2.178078e-01	-6.508080e-02	-1.527270e-01	4.382308e-02	-1.867333e+00	9.622378e-01	1.695368e-03	9.630854e-01	-9.613901e-01
36            	1.966100e+00	-1.032513e+00	2.998613e+00	-1.055093e-01	-3.588312e-03	-1.019210e-01	4.916634e-02	-2.015563e+00	1.065715e+00	-5.071556e-03	1.063180e+00	-1.068251e+00
37            	1.926772e+00	-1.091922e+00	3.018694e+00	-1.289483e-02	4.101382e-02	-5.390865e-02	4.746123e-02	-2.055308e+00	9.464705e-01	-1.129551e-02	9.408227e-01	-9.521182e-01
38            	1.900525e+00	-1.060828e+00	2.961353e+00	6.942278e-02	8.423286e-02	-1.481008e-02	4.952147e-02	-2.011090e+00	8.146287e-01	-1.659598e-02	8.063307e-01	-8.229267e-01
39            	1.892665e+00	-9.990723e-01	2.891737e+00	1.571201e-01	1.295734e-01	2.754669e-02	5.101334e-02	-1.945405e+00	7.028465e-01	-2.039883e-02	6.926471e-01	-7.130459e-01
40            	1.901676e+00	-9.586866e-01	2.860363e+00	2.516943e-01	1.816978e-01	6.999643e-02	5.585070e-02	-1.909525e+00	6.217006e-01	-2.337138e-02	6.100149e-01	-6.333863e-01
41            	1.915532e+00	-9.565186e-01	2.872050e+00	3.397706e-01	2.292208e-01	1.105498e-01	5.933553e-02	-1.914285e+00	5.492951e-01	-2.540153e-02	5.365943e-01	-5.619958e-01
42            	1.932386e+00	-9.644098e-01	2.896796e+00	4.054263e-01	2.634034e-01	1.420229e-01	6.069023e-02	-1.930603e+00	5.127202e-01	-2.639980e-02	4.995203e-01	-5.259201e-01
43            	1.921893e+00	-9.589197e-01	2.880813e+00	4.335194e-01	2.747985e-01	1.587208e-01	5.803884e-02	-1.919866e+00	4.696592e-01	-2.605461e-02	4.566319e-01	-4.826865e-01
44            	1.879017e+00	-8.959479e-01	2.774965e+00	4.268597e-01	2.654525e-01	1.614072e-01	5.202263e-02	-1.835456e+00	4.467978e-01	-2.460761e-02	4.344940e-01	-4.591016e-01
45            	1.809102e+00	-7.648112e-01	2.573914e+00	3.943529e-01	2.429297e-01	1.514233e-01	4.575321e-02	-1.669362e+00	4.040124e-01	-2.234426e-02	3.928403e-01	-4.151846e-01
46            	1.715113e+00	-5.851551e-01	2.300268e+00	3.464312e-01	2.106502e-01	1.357810e-01	3.743463e-02	-1.442712e+00	3.507967e-01	-1.945222e-02	3.410706e-01	-3.605228e-01
47            	1.614700e+00	-3.814874e-01	1.996187e+00	2.910912e-01	1.727864e-01	1.183048e-01	2.724080e-02	-1.188837e+00	2.713434e-01	-1.620157e-02	2.632426e-01	-2.794442e-01
48            	1.511570e+00	-1.827335e-01	1.694304e+00	2.379325e-01	1.377509e-01	1.001816e-01	1.878468e-02	-9.385187e-01	1.641327e-01	-1.294949e-02	1.576580e-01	-1.706075e-01
49            	1.414484e+00	-4.630007e-03	1.419114e+00	1.907898e-01	1.073893e-01	8.340047e-02	1.199442e-02	-7.118719e-01	7.772019e-02	-1.014654e-02	7.264692e-02	-8.279346e-02
50            	1.328461e+00	1.489485e-01	1.179512e+00	1.580443e-01	8.702394e-02	7.102039e-02	8.001774e-03	-5.152819e-01	-1.961881e-02	-8.112308e-03	-2.367497e-02	1.556266e-02
51            	1.261333e+00	2.622755e-01	9.990576e-01	1.396140e-01	7.640113e-02	6.321287e-02	6.594131e-03	-3.683911e-01	-8.411669e-02	-6.704869e-03	-8.746913e-02	8.076426e-02
52            	1.214272e+00	3.367876e-01	8.774839e-01	1.354016e-01	7.470658e-02	6.069504e-02	7.005770e-03	-2.703481e-01	-1.543584e-01	-5.750599e-03	-1.572337e-01	1.514831e-01
53            	1.173433e+00	3.616514e-01	8.117815e-01	1.419089e-01	7.961701e-02	6.229185e-02	8.662582e-03	-2.250650e-01	-1.925737e-01	-5.133953e-03	-1.951407e-01	1.900067e-01
54            	1.141620e+00	3.523311e-01	7.892890e-01	1.551650e-01	8.766502e-02	6.749997e-02	1.008252e-02	-2.184790e-01	-2.425118e-01	-4.674040e-03	-2.448488e-01	2.401748e-01
55            	1.110129e+00	3.160264e-01	7.941025e-01	1.714915e-01	9.665807e-02	7.483347e-02	1.091230e-02	-2.390380e-01	-2.720966e-01	-4.352348e-03	-2.742728e-01	2.699204e-01
56            	1.081565e+00	2.695724e-01	8.119928e-01	1.873362e-01	1.047523e-01	8.258384e-02	1.108425e-02	-2.712102e-01	-3.000050e-01	-4.045413e-03	-3.020277e-01	2.979823e-01
57            	1.049997e+00	2.184359e-01	8.315615e-01	1.996225e-01	1.107336e-01	8.888890e-02	1.092235e-02	-3.065628e-01	-3.103053e-01	-3.769635e-03	-3.121901e-01	3.084204e-01
58            	1.019593e+00	1.737239e-01	8.458695e-01	2.056412e-01	1.132098e-01	9.243137e-02	1.038921e-02	-3.360728e-01	-3.131022e-01	-3.465882e-03	-3.148351e-01	3.113692e-01
59            	9.898823e-01	1.387811e-01	8.511012e-01	2.044573e-01	1.116207e-01	9.283656e-02	9.392071e-03	-3.561601e-01	-3.026052e-01	-3.283364e-03	-3.042469e-01	3.009635e-01
60            	9.612675e-01	1.171439e-01	8.441237e-01	1.964022e-01	1.062996e-01	9.010263e-02	8.098483e-03	-3.634899e-01	-2.768723e-01	-3.155063e-03	-2.784499e-01	2.752948e-01
61            	9.347181e-01	1.072551e-01	8.274630e-01	1.834620e-01	9.828602e-02	8.517597e-02	6.555028e-03	-3.601039e-01	-2.386627e-01	-3.148949e-03	-2.402372e-01	2.370882e-01
62            	9.121565e-01	1.102661e-01	8.018904e-01	1.681803e-01	8.906495e-02	7.911530e-02	4.974826e-03	-3.458122e-01	-1.949747e-01	-3.197434e-03	-1.965734e-01	1.933760e-01
63            	8.934665e-01	1.239065e-01	7.695601e-01	1.530508e-01	8.021743e-02	7.283335e-02	3.692043e-03	-3.228268e-01	-1.501382e-01	-3.248093e-03	-1.517623e-01	1.485142e-01
64            	8.756323e-01	1.464885e-01	7.291439e-01	1.392926e-01	7.252243e-02	6.677014e-02	2.876144e-03	-2.913277e-01	-1.081181e-01	-3.233631e-03	-1.097349e-01	1.065013e-01
65            	8.577107e-01	1.761359e-01	6.815748e-01	1.275283e-01	6.645160e-02	6.107673e-02	2.687434e-03	-2.527195e-01	-7.819752e-02	-3.114191e-03	-7.975462e-02	7.664042e-02
66            	8.407006e-01	2.133520e-01	6.273487e-01	1.175446e-01	6.166956e-02	5.587503e-02	2.897267e-03	-2.069983e-01	-5.245513e-02	-2.899406e-03	-5.390483e-02	5.100543e-02
67            	8.239680e-01	2.549076e-01	5.690605e-01	1.086375e-01	5.767243e-02	5.096508e-02	3.353678e-03	-1.570764e-01	-3.128927e-02	-2.594358e-03	-3.258645e-02	2.999209e-02
68            	8.102890e-01	3.035451e-01	5.067439e-01	1.002157e-01	5.401158e-02	4.620412e-02	3.903727e-03	-1.015994e-01	-1.300773e-02	-2.272224e-03	-1.414384e-02	1.187161e-02
69            	7.948985e-01	3.509126e-01	4.439859e-01	9.316111e-02	5.135194e-02	4.180918e-02	4.771380e-03	-4.653665e-02	2.238594e-03	-1.918431e-03	1.279379e-03	-3.197810e-03
70            	7.805763e-01	3.929125e-01	3.876638e-01	8.799434e-02	4.966062e-02	3.833372e-02	5.663447e-03	2.624359e-03	1.735512e-02	-1.626343e-03	1.654195e-02	-1.816830e-02
71            	7.665864e-01	4.236935e-01	3.428929e-01	8.442663e-02	4.869315e-02	3.573348e-02	6.479838e-03	4.040033e-02	3.006438e-02	-1.378146e-03	2.937530e-02	-3.075345e-02
72            	7.537532e-01	4.396775e-01	3.140757e-01	8.201394e-02	4.803955e-02	3.397438e-02	7.032585e-03	6.280091e-02	4.009505e-02	-1.207115e-03	3.949150e-02	-4.069861e-02
73            	7.415233e-01	4.381522e-01	3.033711e-01	7.994697e-02	4.722792e-02	3.271905e-02	7.254435e-03	6.739052e-02	4.505460e-02	-1.087051e-03	4.451107e-02	-4.559812e-02
74            	7.299542e-01	4.204860e-01	3.094682e-01	7.729942e-02	4.568013e-02	3.161929e-02	7.030422e-03	5.550890e-02	4.503426e-02	-9.965239e-04	4.453600e-02	-4.553252e-02
75            	7.190633e-01	3.899513e-01	3.291121e-01	7.314433e-02	4.310133e-02	3.004300e-02	6.529162e-03	3.041960e-02	3.913783e-02	-9.012272e-04	3.868721e-02	-3.958844e-02
76            	7.091422e-01	3.528029e-01	3.563392e-01	6.689262e-02	3.908055e-02	2.781207e-02	5.634242e-03	-1.768139e-03	3.022799e-02	-7.629237e-04	2.984653e-02	-3.060945e-02
77            	7.012049e-01	3.162274e-01	3.849775e-01	5.856017e-02	3.382659e-02	2.473358e-02	4.546503e-03	-3.437509e-02	2.312907e-02	-6.024857e-04	2.282783e-02	-2.343031e-02
78            	6.950131e-01	2.860696e-01	4.089435e-01	4.887324e-02	2.767618e-02	2.119706e-02	3.239557e-03	-6.143693e-02	1.876451e-02	-4.119308e-04	1.855854e-02	-1.897047e-02
79            	6.902198e-01	2.661223e-01	4.240975e-01	3.888048e-02	2.139268e-02	1.748781e-02	1.952436e-03	-7.898761e-02	1.796666e-02	-2.138377e-04	1.785974e-02	-1.807358e-02
80            	6.864629e-01	2.594367e-01	4.270262e-01	2.977189e-02	1.583202e-02	1.393987e-02	9.460751e-04	-8.379475e-02	1.854556e-02	-2.324899e-05	1.853394e-02	-1.855719e-02
81            	6.835850e-01	2.666135e-01	4.169715e-01	2.300484e-02	1.185119e-02	1.115366e-02	3.487659e-04	-7.517902e-02	2.013780e-02	9.454295e-05	2.018507e-02	-2.009053e-02
82            	6.812160e-01	2.858911e-01	3.953248e-01	1.961054e-02	1.004250e-02	9.568041e-03	2.372274e-04	-5.471687e-02	2.112752e-02	1.158422e-04	2.118544e-02	-2.106960e-02
83            	6.790811e-01	3.133563e-01	3.657248e-01	1.986659e-02	1.050734e-02	9.359245e-03	5.740482e-04	-2.618425e-02	2.171518e-02	2.429731e-05	2.172733e-02	-2.170303e-02
84            	6.775560e-01	3.446956e-01	3.328604e-01	2.336715e-02	1.292217e-02	1.044498e-02	1.238596e-03	5.917618e-03	2.354840e-02	-1.506716e-04	2.347306e-02	-2.362374e-02
85            	6.767485e-01	3.758457e-01	3.009028e-01	2.900983e-02	1.658392e-02	1.242591e-02	2.079003e-03	3.747144e-02	2.722023e-02	-3.685709e-04	2.703594e-02	-2.740451e-02
86            	6.766839e-01	4.037076e-01	2.729763e-01	3.529868e-02	2.059949e-02	1.469919e-02	2.950152e-03	6.536566e-02	3.156469e-02	-6.065562e-04	3.126141e-02	-3.186796e-02
87            	6.764952e-01	4.242715e-01	2.522237e-01	4.040528e-02	2.382369e-02	1.658159e-02	3.621048e-03	8.602387e-02	3.493825e-02	-8.358153e-04	3.452034e-02	-3.535616e-02
88            	6.764113e-01	4.352035e-01	2.412079e-01	4.273493e-02	2.527322e-02	1.746172e-02	3.905750e-03	9.699781e-02	3.528159e-02	-1.027357e-03	3.476791e-02	-3.579527e-02
89            	6.771002e-01	4.354524e-01	2.416478e-01	4.141038e-02	2.437574e-02	1.703464e-02	3.670548e-03	9.690231e-02	3.072353e-02	-1.174125e-03	3.013646e-02	-3.131059e-02
90            	6.785571e-01	4.231627e-01	2.553944e-01	3.580351e-02	2.081668e-02	1.498683e-02	2.914925e-03	8.388417e-02	2.312570e-02	-1.245800e-03	2.250280e-02	-2.374860e-02
91            	6.809753e-01	4.002703e-01	2.807050e-01	2.717651e-02	1.539855e-02	1.177796e-02	1.810296e-03	5.978268e-02	1.482098e-02	-1.258413e-03	1.419178e-02	-1.545019e-02
92            	6.840890e-01	3.691352e-01	3.149538e-01	1.733275e-02	9.266273e-03	8.066478e-03	5.998977e-04	2.709068e-02	9.172032e-03	-1.216285e-03	8.563890e-03	-9.780175e-03
93            	6.874122e-01	3.337410e-01	3.536712e-01	8.231582e-03	3.638779e-03	4.592803e-03	-4.770118e-04	-9.965115e-03	8.473130e-03	-1.125620e-03	7.910320e-03	-9.035940e-03
94            	6.904554e-01	2.981689e-01	3.922865e-01	1.521292e-03	-4.204828e-04	1.941775e-03	-1.181129e-03	-4.705880e-02	1.238381e-02	-1.005265e-03	1.188118e-02	-1.288645e-02
95            	6.930244e-01	2.687107e-01	4.243137e-01	-1.416938e-03	-2.047806e-03	6.308686e-04	-1.339337e-03	-7.780152e-02	1.829951e-02	-8.695328e-04	1.786475e-02	-1.873428e-02
96            	6.951740e-01	2.496149e-01	4.455591e-01	-5.926342e-05	-9.351466e-04	8.758832e-04	-9.055149e-04	-9.797210e-02	2.301986e-02	-7.248868e-04	2.265741e-02	-2.338230e-02
97            	6.973059e-01	2.444081e-01	4.528978e-01	5.390256e-03	2.708007e-03	2.682250e-03	1.287856e-05	-1.042449e-01	2.438478e-02	-5.685067e-04	2.410053e-02	-2.466904e-02
98            	6.995896e-01	2.542154e-01	4.453742e-01	1.339206e-02	7.838514e-03	5.553543e-03	1.142486e-03	-9.557939e-02	2.297749e-02	-4.000056e-04	2.277748e-02	-2.317749e-02
99            	7.019265e-01	2.778755e-01	4.240510e-01	2.161268e-02	1.295081e-02	8.661874e-03	2.144468e-03	-7.308771e-02	2.123142e-02	-2.234058e-04	2.111971e-02	-2.134312e-02
100           	7.038603e-01	3.116602e-01	3.922001e-01	2.789281e-02	1.672082e-02	1.117198e-02	2.774421e-03	-4.026999e-02	2.147424e-02	-5.723597e-05	2.144562e-02	-2.150286e-02
101           	7.055487e-01	3.496845e-01	3.558642e-01	3.082915e-02	1.828233e-02	1.254682e-02	2.867757e-03	-3.089835e-03	2.385565e-02	7.453174e-05	2.389291e-02	-2.381838e-02
102           	7.064757e-01	3.849455e-01	3.215302e-01	2.976197e-02	1.729320e-02	1.246877e-02	2.412218e-03	3.170762e-02	2.752144e-02	1.519207e-04	2.759740e-02	-2.744547e-02
103           	7.071626e-01	4.122522e-01	2.949104e-01	2.483471e-02	1.393725e-02	1.089746e-02	1.519897e-03	5.867089e-02	2.913939e-02	1.664008e-04	2.922259e-02	-2.905619e-02
104           	7.081058e-01	4.292239e-01	2.788818e-01	1.708984e-02	8.979028e-03	8.110808e-03	4.341100e-04	7.517107e-02	2.586685e-02	1.168472e-04	2.592527e-02	-2.580842e-02
105           	7.100119e-01	4.345798e-01	2.754321e-01	8.888667e-03	3.927918e-03	4.960749e-03	-5.164158e-04	7.957388e-02	1.771756e-02	1.899231e-05	1.772706e-02	-1.770807e-02
106           	7.126255e-01	4.271383e-01	2.854871e-01	3.135122e-03	5.766546e-04	2.558467e-03	-9.909062e-04	7.082560e-02	7.395875e-03	-1.041874e-04	7.343782e-03	-7.447969e-03
107           	7.156108e-01	4.072228e-01	3.083880e-01	1.925646e-03	1.687728e-04	1.756873e-03	-7.940500e-04	4.941739e-02	-1.502826e-03	-2.230972e-04	-1.614374e-03	1.391277e-03
108           	7.185451e-01	3.772597e-01	3.412855e-01	5.930918e-03	3.063399e-03	2.867520e-03	9.793950e-05	1.798710e-02	-7.009037e-03	-3.086421e-04	-7.163358e-03	6.854716e-03
109           	7.207054e-01	3.421726e-01	3.785328e-01	1.453473e-02	8.743404e-03	5.791326e-03	1.476039e-03	-1.818012e-02	-7.996708e-03	-3.372846e-04	-8.165350e-03	7.828066e-03
110           	7.218504e-01	3.065186e-01	4.153318e-01	2.610270e-02	1.607771e-02	1.002499e-02	3.026363e-03	-5.440663e-02	-6.742007e-03	-3.057775e-04	-6.894896e-03	6.589118e-03
111           	7.226863e-01	2.758349e-01	4.468515e-01	3.752374e-02	2.303293e-02	1.449081e-02	4.271063e-03	-8.550829e-02	-6.558665e-03	-2.358269e-04	-6.676578e-03	6.440751e-03
112           	7.238654e-01	2.552194e-01	4.686459e-01	4.488493e-02	2.724310e-02	1.764183e-02	4.800638e-03	-1.067133e-01	-9.366109e-03	-1.564781e-04	-9.444348e-03	9.287870e-03
113           	7.252993e-01	2.490504e-01	4.762490e-01	4.543811e-02	2.714182e-02	1.829629e-02	4.422764e-03	-1.135993e-01	-1.460842e-02	-9.429815e-05	-1.465556e-02	1.456127e-02
114           	7.267130e-01	2.595103e-01	4.672027e-01	3.835483e-02	2.234085e-02	1.601398e-02	3.163434e-03	-1.038462e-01	-1.944944e-02	-8.011531e-05	-1.948950e-02	1.940938e-02
115           	7.281703e-01	2.862577e-01	4.419126e-01	2.497791e-02	1.374392e-02	1.123400e-02	1.254960e-03	-7.782746e-02	-2.110099e-02	-1.257898e-04	-2.116388e-02	2.103809e-02
116           	7.290468e-01	3.239270e-01	4.051197e-01	7.903032e-03	3.048493e-03	4.854538e-03	-9.030224e-04	-4.059636e-02	-1.741483e-02	-2.185550e-04	-1.752411e-02	1.730555e-02
117           	7.292177e-01	3.650066e-01	3.642111e-01	-8.859332e-03	-7.154146e-03	-1.705186e-03	-2.724480e-03	3.977707e-04	-1.032179e-02	-3.215996e-04	-1.048259e-02	1.016099e-02
118           	7.289016e-01	4.030041e-01	3.258975e-01	-2.076180e-02	-1.408737e-02	-6.674431e-03	-3.706468e-03	3.855334e-02	-3.177901e-03	-4.016896e-04	-3.378746e-03	2.977056e-03
119           	7.286659e-01	4.329976e-01	2.956683e-01	-2.391672e-02	-1.550871e-02	-8.408010e-03	-3.550351e-03	6.866466e-02	7.558071e-04	-4.334616e-04	5.390764e-04	-9.725379e-04
120           	7.284948e-01	4.504238e-01	2.780709e-01	-1.679922e-02	-1.061141e-02	-6.187808e-03	-2.211802e-03	8.617644e-02	8.740900e-05	-4.143037e-04	-1.197428e-04	-2.945608e-04
121           	7.285694e-01	4.523836e-01	2.761857e-01	-2.389508e-05	1.518495e-04	-1.757446e-04	1.637971e-04	8.809895e-02	-4.817431e-03	-3.646063e-04	-4.999734e-03	4.635128e-03
122           	7.289490e-01	4.377402e-01	2.912088e-01	2.329992e-02	1.476000e-02	8.539917e-03	3.110042e-03	7.326572e-02	-1.099798e-02	-3.105740e-04	-1.115326e-02	1.084269e-02
123           	7.293003e-01	4.090997e-01	3.202005e-01	4.831791e-02	3.010344e-02	1.821447e-02	5.944486e-03	4.444962e-02	-1.591839e-02	-2.638632e-04	-1.605032e-02	1.578646e-02
124           	7.298600e-01	3.721498e-01	3.577102e-01	6.859306e-02	4.218783e-02	2.640522e-02	7.891304e-03	7.219815e-03	-1.796354e-02	-2.302147e-04	-1.807865e-02	1.784843e-02
125           	7.304785e-01	3.333925e-01	3.970860e-01	7.899827e-02	4.797801e-02	3.102026e-02	8.478879e-03	-3.184678e-02	-1.719343e-02	-2.049583e-04	-1.729591e-02	1.709095e-02
126           	7.308907e-01	2.987944e-01	4.320963e-01	7.674138e-02	4.589027e-02	3.085111e-02	7.519578e-03	-6.665096e-02	-1.461807e-02	-1.847586e-04	-1.471045e-02	1.452569e-02
127           	7.310796e-01	2.744856e-01	4.565939e-01	6.194723e-02	3.607331e-02	2.587392e-02	5.099694e-03	-9.105415e-02	-1.213218e-02	-1.741620e-04	-1.221926e-02	1.204510e-02
128           	7.309840e-01	2.650146e-01	4.659694e-01	3.688788e-02	2.005183e-02	1.683605e-02	1.607889e-03	-1.004774e-01	-1.142096e-02	-1.810979e-04	-1.151151e-02	1.133041e-02
129           	7.312420e-01	2.731347e-01	4.581072e-01	5.849521e-03	6.287426e-04	5.220778e-03	-2.296018e-03	-9.248625e-02	-1.212639e-02	-2.092361e-04	-1.223101e-02	1.202177e-02
130           	7.324399e-01	2.979658e-01	4.344741e-01	-2.517735e-02	-1.836553e-02	-6.811827e-03	-5.776850e-03	-6.825417e-02	-1.227604e-02	-2.577236e-04	-1.240490e-02	1.214718e-02
131           	7.344078e-01	3.341287e-01	4.002791e-01	-4.842768e-02	-3.209951e-02	-1.632818e-02	-7.885664e-03	-3.307519e-02	-1.120907e-02	-3.212284e-04	-1.136969e-02	1.104846e-02
132           	7.359719e-01	3.726969e-01	3.632751e-01	-5.812096e-02	-3.713479e-02	-2.098618e-02	-8.074305e-03	4.710885e-03	-8.655754e-03	-3.869904e-04	-8.849249e-03	8.462259e-03
133           	7.365380e-01	4.054885e-01	3.310495e-01	-5.246209e-02	-3.260749e-02	-1.985460e-02	-6.376442e-03	3.721947e-02	-5.375104e-03	-4.428906e-04	-5.596550e-03	5.153659e-03
134           	7.354906e-01	4.261897e-01	3.093009e-01	-3.262100e-02	-1.941001e-02	-1.321099e-02	-3.099507e-03	5.844438e-02	-2.373271e-03	-4.777733e-04	-2.612157e-03	2.134384e-03
135           	7.332970e-01	4.311045e-01	3.021925e-01	-1.569774e-03	4.032841e-04	-1.973058e-03	1.188171e-03	6.445597e-02	-9.440556e-04	-4.854679e-04	-1.186790e-03	7.013217e-04
136           	7.313935e-01	4.199087e-01	3.114848e-01	3.511460e-02	2.319376e-02	1.192084e-02	5.636463e-03	5.421198e-02	-7.853009e-04	-4.660027e-04	-1.018302e-03	5.522996e-04
137           	7.308568e-01	3.965899e-01	3.342669e-01	6.994144e-02	4.428151e-02	2.565992e-02	9.310797e-03	3.116153e-02	-1.612680e-03	-4.169778e-04	-1.821169e-03	1.404191e-03
138           	7.318962e-01	3.679868e-01	3.639094e-01	9.456648e-02	5.857988e-02	3.598660e-02	1.129664e-02	2.038709e-03	-2.894990e-03	-3.521137e-04	-3.071047e-03	2.718934e-03
139           	7.338564e-01	3.408292e-01	3.930272e-01	1.039361e-01	6.316535e-02	4.077072e-02	1.119732e-02	-2.609902e-02	-4.382783e-03	-2.915109e-04	-4.528539e-03	4.237028e-03
140           	7.365180e-01	3.208644e-01	4.156536e-01	9.526822e-02	5.665194e-02	3.861628e-02	9.017827e-03	-4.739462e-02	-4.385776e-03	-2.585128e-04	-4.515032e-03	4.256519e-03
141           	7.387685e-01	3.127620e-01	4.260065e-01	7.066375e-02	4.049656e-02	3.016718e-02	5.164689e-03	-5.662222e-02	-3.519050e-03	-2.544733e-04	-3.646287e-03	3.391814e-03
142           	7.403276e-01	3.185588e-01	4.217688e-01	3.455815e-02	1.752784e-02	1.703031e-02	2.487634e-04	-5.160498e-02	-1.933993e-03	-2.705491e-04	-2.069268e-03	1.798718e-03
143           	7.412922e-01	3.378183e-01	4.034739e-01	-7.057225e-03	-8.369467e-03	1.312242e-03	-4.840854e-03	-3.282778e-02	1.099597e-03	-2.856056e-04	9.567945e-04	-1.242400e-03
144           	7.424646e-01	3.647724e-01	3.776923e-01	-4.512095e-02	-3.141005e-02	-1.371090e-02	-8.849576e-03	-6.459953e-03	4.792238e-03	-2.875075e-04	4.648484e-03	-4.935992e-03
145           	7.442938e-01	3.920169e-01	3.522769e-01	-7.146821e-02	-4.658165e-02	-2.488656e-02	-1.084754e-02	1.986998e-02	7.639387e-03	-2.641976e-04	7.507288e-03	-7.771486e-03
146           	7.466757e-01	4.124560e-01	3.342197e-01	-7.928707e-02	-4.996515e-02	-2.932192e-02	-1.032162e-02	3.911818e-02	8.579869e-03	-2.443338e-04	8.457702e-03	-8.702036e-03
147           	7.497492e-01	4.215291e-01	3.282201e-01	-6.772475e-02	-4.137888e-02	-2.634587e-02	-7.516503e-03	4.665451e-02	8.584255e-03	-2.231648e-04	8.472673e-03	-8.695838e-03
148           	7.518613e-01	4.151408e-01	3.367205e-01	-3.989639e-02	-2.292531e-02	-1.697109e-02	-2.977111e-03	3.921012e-02	7.313493e-03	-2.110291e-04	7.207978e-03	-7.419007e-03
149           	7.522945e-01	3.931559e-01	3.591387e-01	-1.398053e-03	1.540497e-03	-2.938550e-03	2.239524e-03	1.700859e-02	6.312991e-03	-2.016568e-04	6.212162e-03	-6.413819e-03
150           	7.512198e-01	3.611992e-01	3.900207e-01	3.881705e-02	2.627736e-02	1.253968e-02	6.868842e-03	-1.441073e-02	7.055578e-03	-1.793430e-04	6.965906e-03	-7.145249e-03
151           	7.495823e-01	3.293652e-01	4.202171e-01	7.137913e-02	4.553021e-02	2.584892e-02	9.840644e-03	-4.542595e-02	9.260807e-03	-1.408986e-04	9.190358e-03	-9.331257e-03
152           	7.482322e-01	3.059668e-01	4.422654e-01	8.957452e-02	5.540174e-02	3.417278e-02	1.061448e-02	-6.814929e-02	1.243781e-02	-9.470004e-05	1.239046e-02	-1.248516e-02
153           	7.491710e-01	2.972009e-01	4.519701e-01	8.935487e-02	5.374120e-02	3.561367e-02	9.063766e-03	-7.738461e-02	1.684305e-02	-5.724423e-05	1.681443e-02	-1.687167e-02
154           	7.517556e-01	3.052423e-01	4.465132e-01	7.198935e-02	4.173567e-02	3.025367e-02	5.740999e-03	-7.063545e-02	1.974853e-02	-4.363639e-05	1.972671e-02	-1.977035e-02
155           	7.552266e-01	3.300628e-01	4.251638e-01	4.265408e-02	2.280569e-02	1.984839e-02	1.478648e-03	-4.755052e-02	2.042487e-02	-4.882993e-05	2.040046e-02	-2.044929e-02
156           	7.583366e-01	3.668667e-01	3.914699e-01	8.721504e-03	1.723034e-03	6.998470e-03	-2.637718e-03	-1.230160e-02	2.095669e-02	-5.532983e-05	2.092903e-02	-2.098436e-02
157           	7.601425e-01	4.071197e-01	3.530229e-01	-2.094185e-02	-1.610603e-02	-4.835826e-03	-5.635099e-03	2.704842e-02	2.126393e-02	-5.482507e-05	2.123652e-02	-2.129134e-02
158           	7.603028e-01	4.415920e-01	3.187108e-01	-3.940470e-02	-2.660123e-02	-1.280347e-02	-6.898881e-03	6.144062e-02	2.218859e-02	-4.634563e-05	2.216541e-02	-2.221176e-02
159           	7.599967e-01	4.646821e-01	2.953146e-01	-4.352854e-02	-2.802626e-02	-1.550228e-02	-6.261992e-03	8.468373e-02	2.605866e-02	-2.923224e-05	2.604404e-02	-2.607327e-02
160           	7.599506e-01	4.722538e-01	2.876968e-01	-3.370604e-02	-2.088483e-02	-1.282121e-02	-4.031810e-03	9.227851e-02	3.049561e-02	-1.839700e-05	3.048641e-02	-3.050481e-02
161           	7.606237e-01	4.619095e-01	2.987142e-01	-1.390508e-02	-7.992147e-03	-5.912929e-03	-1.039609e-03	8.159761e-02	3.285729e-02	-5.866607e-06	3.285435e-02	-3.286022e-02
162           	7.618531e-01	4.345222e-01	3.273309e-01	8.504307e-03	6.013989e-03	2.490318e-03	1.761836e-03	5.359566e-02	3.286954e-02	2.473011e-05	3.288191e-02	-3.285718e-02
163           	7.626601e-01	3.963309e-01	3.663292e-01	2.601872e-02	1.660018e-02	9.418538e-03	3.590822e-03	1.500082e-02	3.082998e-02	7.030759e-05	3.086513e-02	-3.079482e-02
164           	7.629209e-01	3.553340e-01	4.075868e-01	3.407903e-02	2.111512e-02	1.296391e-02	4.075606e-03	-2.612639e-02	2.723433e-02	1.257563e-04	2.729721e-02	-2.717146e-02
165           	7.626680e-01	3.182325e-01	4.444355e-01	3.185865e-02	1.910184e-02	1.275680e-02	3.172521e-03	-6.310152e-02	2.537845e-02	1.760611e-04	2.546648e-02	-2.529042e-02
166           	7.604236e-01	2.902896e-01	4.701340e-01	2.028747e-02	1.141856e-02	8.868910e-03	1.274826e-03	-8.992220e-02	2.596562e-02	1.842012e-04	2.605772e-02	-2.587352e-02
167           	7.584043e-01	2.775949e-01	4.808094e-01	4.474557e-03	1.477327e-03	2.997230e-03	-7.599511e-04	-1.016073e-01	2.817354e-02	1.761924e-04	2.826163e-02	-2.808544e-02
168           	7.572495e-01	2.832132e-01	4.740362e-01	-8.236807e-03	-6.192819e-03	-2.043987e-03	-2.074416e-03	-9.541149e-02	3.185195e-02	1.733355e-04	3.193862e-02	-3.176529e-02
169           	7.563178e-01	3.058510e-01	4.504667e-01	-1.106171e-02	-7.609731e-03	-3.451982e-03	-2.078874e-03	-7.230784e-02	3.576331e-02	1.733301e-04	3.584997e-02	-3.567664e-02
170           	7.572451e-01	3.419167e-01	4.153284e-01	-3.047659e-03	-2.312571e-03	-7.350885e-04	-7.887410e-04	-3.670587e-02	3.784386e-02	1.792206e-04	3.793347e-02	-3.775425e-02
171           	7.588807e-01	3.851095e-01	3.737712e-01	1.257844e-02	7.616164e-03	4.962273e-03	1.326945e-03	5.669132e-03	3.849699e-02	1.816535e-04	3.858782e-02	-3.840616e-02
172           	7.585128e-01	4.261072e-01	3.324056e-01	3.119693e-02	1.903280e-02	1.216412e-02	3.434339e-03	4.685076e-02	3.692924e-02	1.726402e-04	3.701556e-02	-3.684292e-02
173           	7.564716e-01	4.582677e-01	2.982039e-01	4.636155e-02	2.792669e-02	1.843486e-02	4.745913e-03	8.003192e-02	3.408672e-02	1.674349e-04	3.417043e-02	-3.400300e-02
174           	7.529933e-01	4.763000e-01	2.766933e-01	5.096930e-02	3.021638e-02	2.075292e-02	4.731731e-03	9.980337e-02	3.211633e-02	1.661132e-04	3.219939e-02	-3.203327e-02
175           	7.498023e-01	4.785089e-01	2.712934e-01	4.242265e-02	2.456200e-02	1.786066e-02	3.350670e-03	1.036077e-01	3.175434e-02	1.638044e-04	3.183624e-02	-3.167244e-02
176           	7.482448e-01	4.644242e-01	2.838206e-01	2.311745e-02	1.249260e-02	1.062485e-02	9.338737e-04	9.030183e-02	3.295448e-02	1.749773e-04	3.304196e-02	-3.286699e-02
177           	7.471906e-01	4.355024e-01	3.116882e-01	-2.246723e-03	-3.059730e-03	8.130075e-04	-1.936369e-03	6.190708e-02	3.446238e-02	2.014515e-04	3.456310e-02	-3.436165e-02
178           	7.466723e-01	3.972720e-01	3.494003e-01	-2.788402e-02	-1.848181e-02	-9.402210e-03	-4.539798e-03	2.393586e-02	3.443857e-02	2.355734e-04	3.455636e-02	-3.432078e-02
179           	7.463306e-01	3.571376e-01	3.891930e-01	-4.678356e-02	-2.959630e-02	-1.718726e-02	-6.204518e-03	-1.602768e-02	3.219548e-02	2.782819e-04	3.233462e-02	-3.205633e-02
180           	7.455542e-01	3.222799e-01	4.232743e-01	-5.383489e-02	-3.338905e-02	-2.044584e-02	-6.471601e-03	-5.049722e-02	2.851264e-02	3.168029e-04	2.867104e-02	-2.835424e-02
181           	7.444246e-01	2.984342e-01	4.459904e-01	-4.847170e-02	-2.955767e-02	-1.891403e-02	-5.321819e-03	-7.377813e-02	2.471099e-02	3.391833e-04	2.488058e-02	-2.454140e-02
182           	7.418469e-01	2.873876e-01	4.544594e-01	-3.209788e-02	-1.896581e-02	-1.313206e-02	-2.916875e-03	-8.353589e-02	2.269861e-02	3.374447e-04	2.286733e-02	-2.252989e-02
183           	7.386229e-01	2.909391e-01	4.476838e-01	-7.265005e-03	-3.289648e-03	-3.975357e-03	3.428543e-04	-7.837232e-02	2.301194e-02	3.202158e-04	2.317204e-02	-2.285183e-02
184           	7.362025e-01	3.084488e-01	4.277537e-01	2.131451e-02	1.445910e-02	6.855411e-03	3.801845e-03	-5.965242e-02	2.477741e-02	2.926975e-04	2.492376e-02	-2.463106e-02
185           	7.353085e-01	3.365226e-01	3.987859e-01	4.784548e-02	3.063247e-02	1.721301e-02	6.709729e-03	-3.113164e-02	2.637389e-02	2.594430e-04	2.650361e-02	-2.624416e-02
186           	7.355449e-01	3.690477e-01	3.664972e-01	6.701806e-02	4.197544e-02	2.504262e-02	8.466407e-03	1.275220e-03	2.711915e-02	2.277925e-04	2.723304e-02	-2.700525e-02
187           	7.361623e-01	3.993995e-01	3.367628e-01	7.464996e-02	4.592554e-02	2.872442e-02	8.600563e-03	3.131838e-02	2.631047e-02	2.155336e-04	2.641824e-02	-2.620270e-02
188           	7.364310e-01	4.218541e-01	3.145769e-01	6.923287e-02	4.168393e-02	2.754895e-02	7.067489e-03	5.363859e-02	2.360848e-02	2.272804e-04	2.372212e-02	-2.349484e-02
189           	7.359001e-01	4.334607e-01	3.024394e-01	5.123823e-02	2.968174e-02	2.155650e-02	4.062622e-03	6.551064e-02	2.002556e-02	2.497869e-04	2.015045e-02	-1.990066e-02
190           	7.352143e-01	4.332949e-01	3.019194e-01	2.337163e-02	1.180254e-02	1.156908e-02	1.167313e-04	6.568775e-02	1.634035e-02	2.689768e-04	1.647484e-02	-1.620586e-02
191           	7.349469e-01	4.231057e-01	3.118412e-01	-9.302298e-03	-8.641262e-03	-6.610364e-04	-3.990113e-03	5.563223e-02	1.337430e-02	2.805236e-04	1.351456e-02	-1.323404e-02
192           	7.351906e-01	4.058275e-01	3.293631e-01	-4.076640e-02	-2.781356e-02	-1.295284e-02	-7.430361e-03	3.823217e-02	1.135137e-02	2.910428e-04	1.149690e-02	-1.120585e-02
193           	7.360158e-01	3.860044e-01	3.500114e-01	-6.424477e-02	-4.150024e-02	-2.274453e-02	-9.377852e-03	1.799654e-02	1.021303e-02	3.121249e-04	1.036909e-02	-1.005697e-02
194           	7.370287e-01	3.673823e-01	3.696464e-01	-7.522663e-02	-4.705952e-02	-2.816711e-02	-9.446206e-03	-1.132084e-03	9.370031e-03	3.488140e-04	9.544438e-03	-9.195624e-03
195           	7.382349e-01	3.543964e-01	3.838385e-01	-7.074820e-02	-4.300710e-02	-2.774110e-02	-7.633004e-03	-1.472109e-02	7.984478e-03	3.814919e-04	8.175224e-03	-7.793732e-03
196           	7.391847e-01	3.482173e-01	3.909674e-01	-5.314958e-02	-3.099394e-02	-2.215563e-02	-4.419156e-03	-2.137504e-02	6.348520e-03	4.115416e-04	6.554291e-03	-6.142750e-03
197           	7.398152e-01	3.493030e-01	3.905122e-01	-2.592483e-02	-1.341984e-02	-1.250499e-02	-4.574289e-04	-2.060459e-02	4.418454e-03	4.256697e-04	4.631289e-03	-4.205619e-03
198           	7.401278e-01	3.548972e-01	3.852306e-01	5.503931e-03	6.259974e-03	-7.560435e-04	3.508009e-03	-1.516673e-02	2.615652e-03	4.147062e-04	2.823005e-03	-2.408299e-03
199           	7.403836e-01	3.618603e-01	3.785233e-01	3.484843e-02	2.403341e-02	1.081502e-02	6.609193e-03	-8.331540e-03	1.944848e-03	3.931849e-04	2.141440e-03	-1.748256e-03
200           	7.408190e-01	3.673162e-01	3.735027e-01	5.639989e-02	3.646091e-02	1.993898e-02	8.260967e-03	-3.093244e-03	2.669755e-03	3.741708e-04	2.856841e-03	-2.482670e-03
201           	7.421514e-01	3.704160e-01	3.717354e-01	6.689701e-02	4.177029e-02	2.512672e-02	8.321788e-03	-6.597398e-04	3.480727e-03	3.626280e-04	3.662041e-03	-3.299413e-03
202           	7.442266e-01	3.705770e-01	3.736497e-01	6.539784e-02	3.966038e-02	2.573747e-02	6.961454e-03	-1.536352e-03	3.956276e-03	3.622437e-04	4.137398e-03	-3.775154e-03
203           	7.465276e-01	3.684958e-01	3.780318e-01	5.350018e-02	3.133948e-02	2.216070e-02	4.589389e-03	-4.767961e-03	3.468602e-03	3.675711e-04	3.652388e-03	-3.284817e-03
204           	7.484733e-01	3.656104e-01	3.828628e-01	3.455654e-02	1.900842e-02	1.554812e-02	1.730151e-03	-8.626213e-03	1.942047e-03	3.662055e-04	2.125150e-03	-1.758944e-03
205           	7.496535e-01	3.643638e-01	3.852897e-01	1.288399e-02	5.401041e-03	7.482950e-03	-1.040954e-03	-1.046296e-02	-8.796885e-06	3.601171e-04	1.712617e-04	1.888555e-04
206           	7.494701e-01	3.662407e-01	3.832293e-01	-7.518189e-03	-7.019814e-03	-4.983751e-04	-3.260720e-03	-8.494320e-03	-1.526322e-03	3.446936e-04	-1.353975e-03	1.698669e-03
207           	7.488637e-01	3.723459e-01	3.765178e-01	-2.359807e-02	-1.643180e-02	-7.166274e-03	-4.632761e-03	-2.085940e-03	-2.422677e-03	3.243887e-04	-2.260483e-03	2.584872e-03
208           	7.483765e-01	3.820827e-01	3.662938e-01	-3.407147e-02	-2.216762e-02	-1.190385e-02	-5.131884e-03	7.894419e-03	-2.422613e-03	3.101823e-04	-2.267522e-03	2.577704e-03
209           	7.484206e-01	3.937986e-01	3.546220e-01	-3.873065e-02	-2.426580e-02	-1.446484e-02	-4.900479e-03	1.958832e-02	-2.031396e-03	3.103803e-04	-1.876205e-03	2.186586e-03
210           	7.489001e-01	4.044637e-01	3.444363e-01	-3.812461e-02	-2.315975e-02	-1.496486e-02	-4.097443e-03	3.001370e-02	-1.961077e-03	3.170555e-04	-1.802549e-03	2.119605e-03
211           	7.494253e-01	4.113293e-01	3.380960e-01	-3.323338e-02	-1.954596e-02	-1.368742e-02	-2.929269e-03	3.661666e-02	-2.471678e-03	3.231099e-04	-2.310123e-03	2.633233e-03
212           	7.495328e-01	4.118779e-01	3.376549e-01	-2.520822e-02	-1.419352e-02	-1.101470e-02	-1.589409e-03	3.711152e-02	-3.366928e-03	3.166817e-04	-3.208588e-03	3.525269e-03
213           	7.489918e-01	4.055484e-01	3.434434e-01	-1.552360e-02	-8.062712e-03	-7.460888e-03	-3.009121e-04	3.105247e-02	-4.376009e-03	2.989512e-04	-4.226534e-03	4.525485e-03
214           	7.479426e-01	3.928175e-01	3.551251e-01	-5.237213e-03	-1.775060e-03	-3.462153e-03	8.435466e-04	1.884616e-02	-4.825669e-03	2.769195e-04	-4.687209e-03	4.964129e-03
215           	7.468883e-01	3.759420e-01	3.709463e-01	5.579499e-03	4.681122e-03	8.983779e-04	1.891372e-03	2.497839e-03	-4.520062e-03	2.557245e-04	-4.392200e-03	4.647925e-03
216           	7.463937e-01	3.581406e-01	3.882531e-01	1.701000e-02	1.139974e-02	5.610254e-03	2.894745e-03	-1.505624e-02	-3.407592e-03	2.439084e-04	-3.285638e-03	3.529546e-03
217           	7.463386e-01	3.432699e-01	4.030688e-01	2.827774e-02	1.789424e-02	1.038350e-02	3.755373e-03	-2.989946e-02	-2.166083e-03	2.408215e-04	-2.045672e-03	2.286493e-03
218           	7.464701e-01	3.340167e-01	4.124535e-01	3.784646e-02	2.328698e-02	1.455947e-02	4.363754e-03	-3.921841e-02	-1.268671e-03	2.388570e-04	-1.149243e-03	1.388100e-03
219           	7.468225e-01	3.327684e-01	4.140541e-01	4.351955e-02	2.628066e-02	1.723890e-02	4.520880e-03	-4.064284e-02	-1.136765e-03	2.304471e-04	-1.021541e-03	1.251988e-03
220           	7.468828e-01	3.394431e-01	4.074397e-01	4.371494e-02	2.596825e-02	1.774669e-02	4.110781e-03	-3.399831e-02	-1.335195e-03	2.111471e-04	-1.229621e-03	1.440768e-03
221           	7.466929e-01	3.529047e-01	3.937882e-01	3.754437e-02	2.179998e-02	1.574439e-02	3.027793e-03	-2.044178e-02	-1.543863e-03	1.892429e-04	-1.449241e-03	1.638484e-03
222           	7.459351e-01	3.704349e-01	3.755002e-01	2.486740e-02	1.373681e-02	1.113059e-02	1.303111e-03	-2.532629e-03	-1.385239e-03	1.680241e-04	-1.301227e-03	1.469251e-03
223           	7.444689e-01	3.888655e-01	3.556035e-01	6.726866e-03	2.486412e-03	4.240453e-03	-8.770207e-04	1.663101e-02	-5.543512e-04	1.546156e-04	-4.770434e-04	6.316590e-04
224           	7.426401e-01	4.045371e-01	3.381030e-01	-1.428084e-02	-1.027474e-02	-4.006103e-03	-3.134318e-03	3.321707e-02	1.092752e-03	1.519174e-04	1.168710e-03	-1.016793e-03
225           	7.410557e-01	4.147101e-01	3.263456e-01	-3.448523e-02	-2.231268e-02	-1.217255e-02	-5.070068e-03	4.418226e-02	2.833207e-03	1.559913e-04	2.911202e-03	-2.755211e-03
226           	7.400867e-01	4.172232e-01	3.228634e-01	-5.008944e-02	-3.134727e-02	-1.874217e-02	-6.302549e-03	4.717991e-02	4.334786e-03	1.608658e-04	4.415219e-03	-4.254353e-03
227           	7.400850e-01	4.118397e-01	3.282452e-01	-5.776213e-02	-3.541983e-02	-2.234230e-02	-6.538769e-03	4.179726e-02	5.104204e-03	1.628061e-04	5.185607e-03	-5.022801e-03
228           	7.406912e-01	3.993993e-01	3.412920e-01	-5.575183e-02	-3.353215e-02	-2.221968e-02	-5.656238e-03	2.905366e-02	5.432697e-03	1.570451e-04	5.511220e-03	-5.354175e-03
229           	7.410603e-01	3.824207e-01	3.586397e-01	-4.416983e-02	-2.584827e-02	-1.832156e-02	-3.763355e-03	1.189051e-02	5.495052e-03	1.492074e-04	5.569656e-03	-5.420448e-03
230           	7.403571e-01	3.635468e-01	3.768103e-01	-2.487773e-02	-1.357595e-02	-1.130178e-02	-1.137086e-03	-6.631766e-03	5.803290e-03	1.420137e-04	5.874297e-03	-5.732283e-03
231           	7.384520e-01	3.464051e-01	3.920468e-01	-8.615036e-04	1.360346e-03	-2.221850e-03	1.791098e-03	-2.282084e-02	6.417054e-03	1.310790e-04	6.482593e-03	-6.351514e-03
232           	7.358719e-01	3.341261e-01	4.017459e-01	2.401185e-02	1.653243e-02	7.479417e-03	4.526505e-03	-3.380988e-02	7.707883e-03	1.199535e-04	7.767860e-03	-7.647906e-03
233           	7.335138e-01	3.293858e-01	4.041280e-01	4.542567e-02	2.926398e-02	1.616169e-02	6.551146e-03	-3.737108e-02	9.266774e-03	1.079575e-04	9.320753e-03	-9.212795e-03
234           	7.321301e-01	3.327615e-01	3.993686e-01	5.936202e-02	3.717273e-02	2.218929e-02	7.491722e-03	-3.330358e-02	1.093731e-02	9.819066e-05	1.098641e-02	-1.088822e-02
235           	7.320681e-01	3.432907e-01	3.887774e-01	6.335085e-02	3.884718e-02	2.450367e-02	7.171758e-03	-2.274333e-02	1.217975e-02	9.226191e-05	1.222588e-02	-1.213362e-02
236           	7.328333e-01	3.577707e-01	3.750626e-01	5.704725e-02	3.421217e-02	2.283508e-02	5.688543e-03	-8.645953e-03	1.279427e-02	8.838718e-05	1.283846e-02	-1.275007e-02
237           	7.335269e-01	3.726190e-01	3.609079e-01	4.218881e-02	2.442315e-02	1.776566e-02	3.328748e-03	5.855581e-03	1.251895e-02	8.798243e-05	1.256294e-02	-1.247496e-02
238           	7.332976e-01	3.845755e-01	3.487221e-01	2.155327e-02	1.127776e-02	1.027552e-02	5.011180e-04	1.792673e-02	1.153787e-02	8.778789e-05	1.158177e-02	-1.149398e-02
239           	7.319673e-01	3.921921e-01	3.397752e-01	-1.657422e-03	-3.176608e-03	1.519186e-03	-2.347897e-03	2.620848e-02	1.014962e-02	8.275624e-05	1.019099e-02	-1.010824e-02
240           	7.300631e-01	3.948292e-01	3.352339e-01	-2.406114e-02	-1.677216e-02	-7.288979e-03	-4.741593e-03	2.979762e-02	9.457315e-03	7.295901e-05	9.493795e-03	-9.420836e-03
241           	7.285959e-01	3.933059e-01	3.352900e-01	-4.212664e-02	-2.735831e-02	-1.476833e-02	-6.294989e-03	2.900795e-02	9.718917e-03	6.086393e-05	9.749349e-03	-9.688485e-03
242           	7.284940e-01	3.887979e-01	3.396961e-01	-5.306463e-02	-3.330813e-02	-1.975650e-02	-6.775814e-03	2.455091e-02	1.086276e-02	5.575556e-05	1.089064e-02	-1.083488e-02
243           	7.299445e-01	3.831219e-01	3.468226e-01	-5.543935e-02	-3.389840e-02	-2.154095e-02	-6.178723e-03	1.814967e-02	1.170544e-02	6.223515e-05	1.173656e-02	-1.167433e-02
244           	7.320224e-01	3.771119e-01	3.549106e-01	-4.950634e-02	-2.940915e-02	-2.009719e-02	-4.655983e-03	1.110065e-02	1.139158e-02	8.051763e-05	1.143184e-02	-1.135132e-02
245           	7.336578e-01	3.714120e-01	3.622458e-01	-3.666933e-02	-2.085332e-02	-1.581601e-02	-2.518657e-03	4.583128e-03	9.417453e-03	1.007837e-04	9.467845e-03	-9.367061e-03
246           	7.340156e-01	3.655110e-01	3.685046e-01	-1.945653e-02	-9.882714e-03	-9.573812e-03	-1.544508e-04	-1.496826e-03	6.873926e-03	1.144225e-04	6.931137e-03	-6.816715e-03
247           	7.331663e-01	3.595794e-01	3.735869e-01	-7.763594e-04	1.616171e-03	-2.392530e-03	2.004351e-03	-7.003774e-03	4.713573e-03	1.111823e-04	4.769164e-03	-4.657981e-03
248           	7.319570e-01	3.539051e-01	3.780519e-01	1.666147e-02	1.200684e-02	4.654637e-03	3.676100e-03	-1.207337e-02	4.052843e-03	9.509190e-05	4.100389e-03	-4.005297e-03
249           	7.316616e-01	3.497480e-01	3.819136e-01	3.073098e-02	2.005721e-02	1.067378e-02	4.691717e-03	-1.608275e-02	4.629598e-03	7.813949e-05	4.668668e-03	-4.590529e-03
250           	7.326768e-01	3.476219e-01	3.850549e-01	3.995277e-02	2.499633e-02	1.495643e-02	5.019950e-03	-1.871650e-02	5.755682e-03	7.198505e-05	5.791675e-03	-5.719689e-03
251           	7.344209e-01	3.480355e-01	3.863855e-01	4.368691e-02	2.654501e-02	1.714190e-02	4.701556e-03	-1.917499e-02	6.167704e-03	7.553244e-05	6.205470e-03	-6.129938e-03
252           	7.360454e-01	3.509040e-01	3.851414e-01	4.159812e-02	2.462110e-02	1.697702e-02	3.822041e-03	-1.711868e-02	5.598417e-03	8.541494e-05	5.641124e-03	-5.555710e-03
253           	7.366298e-01	3.559460e-01	3.806838e-01	3.466520e-02	1.991064e-02	1.475456e-02	2.578039e-03	-1.236892e-02	3.958364e-03	9.713864e-05	4.006933e-03	-3.909795e-03
254           	7.359219e-01	3.625314e-01	3.733905e-01	2.441402e-02	1.340932e-02	1.100470e-02	1.202308e-03	-5.429547e-03	2.240796e-03	1.032766e-04	2.292434e-03	-2.189158e-03
255           	7.344460e-01	3.705958e-01	3.638502e-01	1.224819e-02	5.938192e-03	6.309997e-03	-1.859027e-04	3.372824e-03	8.332176e-04	1.030004e-04	8.847179e-04	-7.817174e-04
256           	7.332568e-01	3.794023e-01	3.538545e-01	-1.016405e-03	-2.015684e-03	9.992792e-04	-1.507482e-03	1.277393e-02	3.678873e-04	9.883351e-05	4.173041e-04	-3.184706e-04
257           	7.328642e-01	3.877941e-01	3.450700e-01	-1.440926e-02	-9.909204e-03	-4.500054e-03	-2.704575e-03	2.136206e-02	4.891457e-04	9.497136e-05	5.366314e-04	-4.416600e-04
258           	7.331233e-01	3.937957e-01	3.393275e-01	-2.645802e-02	-1.687784e-02	-9.580181e-03	-3.648830e-03	2.723408e-02	1.097395e-03	9.240240e-05	1.143596e-03	-1.051193e-03
259           	7.336582e-01	3.962648e-01	3.373934e-01	-3.559855e-02	-2.202848e-02	-1.357007e-02	-4.229207e-03	2.943571e-02	1.721426e-03	9.060205e-05	1.766727e-03	-1.676125e-03
260           	7.340749e-01	3.942664e-01	3.398084e-01	-4.030503e-02	-2.445456e-02	-1.585047e-02	-4.302043e-03	2.722902e-02	2.182882e-03	8.950294e-05	2.227634e-03	-2.138131e-03
261           	7.337988e-01	3.880767e-01	3.457221e-01	-3.995302e-02	-2.383346e-02	-1.611956e-02	-3.856952e-03	2.117731e-02	2.137528e-03	8.767221e-05	2.181364e-03	-2.093692e-03
262           	7.330008e-01	3.785847e-01	3.544161e-01	-3.447553e-02	-2.013095e-02	-1.434459e-02	-2.893181e-03	1.208431e-02	2.077986e-03	8.960184e-05	2.122787e-03	-2.033185e-03
263           	7.321086e-01	3.675870e-01	3.645216e-01	-2.393816e-02	-1.341300e-02	-1.052516e-02	-1.443923e-03	1.532742e-03	1.809646e-03	9.403974e-05	1.856666e-03	-1.762626e-03
264           	7.316117e-01	3.569268e-01	3.746849e-01	-8.918970e-03	-4.067420e-03	-4.851550e-03	3.920647e-04	-8.879072e-03	1.803517e-03	9.778614e-05	1.852410e-03	-1.754624e-03
265           	7.314430e-01	3.487377e-01	3.827054e-01	8.856163e-03	6.789414e-03	2.066749e-03	2.361332e-03	-1.698385e-02	1.916872e-03	9.850549e-05	1.966125e-03	-1.867619e-03
266           	7.312414e-01	3.440792e-01	3.871622e-01	2.679135e-02	1.756674e-02	9.224604e-03	4.171068e-03	-2.154147e-02	2.345462e-03	9.445394e-05	2.392689e-03	-2.298235e-03
267           	7.311804e-01	3.440136e-01	3.871668e-01	4.151325e-02	2.617070e-02	1.534254e-02	5.414080e-03	-2.157665e-02	2.905923e-03	8.482222e-05	2.948334e-03	-2.863511e-03
268           	7.310390e-01	3.479597e-01	3.830794e-01	5.019106e-02	3.093192e-02	1.925914e-02	5.836390e-03	-1.755984e-02	3.588774e-03	7.604063e-05	3.626794e-03	-3.550753e-03
269           	7.307961e-01	3.549847e-01	3.758114e-01	5.094113e-02	3.076737e-02	2.017376e-02	5.296804e-03	-1.041335e-02	3.866944e-03	6.982315e-05	3.901855e-03	-3.832032e-03
270           	7.303704e-01	3.632436e-01	3.671268e-01	4.325636e-02	2.546033e-02	1.779603e-02	3.832149e-03	-1.941615e-03	3.897798e-03	6.849609e-05	3.932046e-03	-3.863550e-03
271           	7.298454e-01	3.712208e-01	3.586246e-01	2.781042e-02	1.550309e-02	1.230733e-02	1.597880e-03	6.298062e-03	3.522273e-03	7.190624e-05	3.558226e-03	-3.486320e-03
272           	7.290197e-01	3.771278e-01	3.518919e-01	6.735166e-03	2.329110e-03	4.406056e-03	-1.038473e-03	1.261791e-02	3.056718e-03	7.733556e-05	3.095385e-03	-3.018050e-03
273           	7.279762e-01	3.803073e-01	3.476689e-01	-1.649591e-02	-1.186163e-02	-4.634277e-03	-3.613677e-03	1.631923e-02	2.502911e-03	8.012217e-05	2.542972e-03	-2.462850e-03
274           	7.269933e-01	3.804578e-01	3.465355e-01	-3.799346e-02	-2.468198e-02	-1.331148e-02	-5.685253e-03	1.696116e-02	2.515648e-03	7.626523e-05	2.553780e-03	-2.477515e-03
275           	7.268514e-01	3.784776e-01	3.483738e-01	-5.316056e-02	-3.334520e-02	-1.981536e-02	-6.764918e-03	1.505193e-02	3.213524e-03	6.791018e-05	3.247479e-03	-3.179569e-03
276           	7.273393e-01	3.749377e-01	3.524016e-01	-5.922664e-02	-3.628007e-02	-2.294657e-02	-6.666751e-03	1.126802e-02	4.494059e-03	6.215205e-05	4.525135e-03	-4.462983e-03
277           	7.282141e-01	3.710750e-01	3.571391e-01	-5.502716e-02	-3.291983e-02	-2.210733e-02	-5.406254e-03	6.967928e-03	5.492123e-03	6.001549e-05	5.522131e-03	-5.462115e-03
278           	7.288218e-01	3.675416e-01	3.612803e-01	-4.147343e-02	-2.392155e-02	-1.755188e-02	-3.184836e-03	3.130662e-03	5.935952e-03	6.588818e-05	5.968897e-03	-5.903008e-03
279           	7.285609e-01	3.649181e-01	3.636428e-01	-2.091614e-02	-1.085030e-02	-1.006584e-02	-3.922322e-04	6.376708e-04	5.377848e-03	7.535647e-05	5.415526e-03	-5.340169e-03
280           	7.273285e-01	3.629600e-01	3.643684e-01	3.140024e-03	4.041149e-03	-9.011252e-04	2.471137e-03	-7.041810e-04	4.282266e-03	8.289968e-05	4.323716e-03	-4.240817e-03
281           	7.256687e-01	3.617380e-01	3.639307e-01	2.647132e-02	1.810267e-02	8.368649e-03	4.867012e-03	-1.096343e-03	3.207322e-03	7.838510e-05	3.246514e-03	-3.168129e-03
282           	7.243898e-01	3.609198e-01	3.634700e-01	4.471447e-02	2.871873e-02	1.599574e-02	6.361494e-03	-1.275067e-03	3.093840e-03	6.276678e-05	3.125223e-03	-3.062456e-03
283           	7.242233e-01	3.606870e-01	3.635362e-01	5.458511e-02	3.398744e-02	2.059767e-02	6.694882e-03	-1.424611e-03	3.786827e-03	4.604165e-05	3.809848e-03	-3.763806e-03
284           	7.250499e-01	3.603674e-01	3.646826e-01	5.462801e-02	3.317378e-02	2.145423e-02	5.859779e-03	-2.157589e-03	5.087980e-03	3.680319e-05	5.106381e-03	-5.069578e-03
285           	7.261688e-01	3.595193e-01	3.666495e-01	4.548698e-02	2.679848e-02	1.868850e-02	4.054992e-03	-3.565075e-03	5.912027e-03	3.519419e-05	5.929624e-03	-5.894430e-03
286           	7.266916e-01	3.575676e-01	3.691240e-01	2.943489e-02	1.637781e-02	1.305707e-02	1.660369e-03	-5.778230e-03	5.812428e-03	4.247379e-05	5.833665e-03	-5.791191e-03
287           	7.261096e-01	3.551804e-01	3.709292e-01	9.667981e-03	3.951688e-03	5.716293e-03	-8.823026e-04	-7.874426e-03	4.557090e-03	5.432740e-05	4.584254e-03	-4.529926e-03
288           	7.245948e-01	3.533811e-01	3.712137e-01	-1.040418e-02	-8.310686e-03	-2.093494e-03	-3.108596e-03	-8.916280e-03	2.887354e-03	6.305150e-05	2.918880e-03	-2.855828e-03
289           	7.230774e-01	3.537893e-01	3.692880e-01	-2.739197e-02	-1.834647e-02	-9.045499e-03	-4.650486e-03	-7.749348e-03	1.439480e-03	6.145654e-05	1.470208e-03	-1.408752e-03
290           	7.225620e-01	3.570538e-01	3.655081e-01	-3.856579e-02	-2.455525e-02	-1.401054e-02	-5.272356e-03	-4.227141e-03	9.298272e-04	5.654218e-05	9.580982e-04	-9.015561e-04
291           	7.235501e-01	3.632599e-01	3.602902e-01	-4.242097e-02	-2.616589e-02	-1.625508e-02	-4.955405e-03	1.484881e-03	1.196014e-03	5.450991e-05	1.223269e-03	-1.168759e-03
292           	7.254585e-01	3.710146e-01	3.544439e-01	-3.919776e-02	-2.345653e-02	-1.574123e-02	-3.857651e-03	8.285380e-03	2.129143e-03	5.776069e-05	2.158023e-03	-2.100262e-03
293           	7.270409e-01	3.787318e-01	3.483091e-01	-3.035977e-02	-1.743322e-02	-1.292654e-02	-2.253339e-03	1.521131e-02	2.700579e-03	6.180198e-05	2.731480e-03	-2.669678e-03
294           	7.272518e-01	3.840719e-01	3.431799e-01	-1.802950e-02	-9.477116e-03	-8.552382e-03	-4.623672e-04	2.044598e-02	2.888060e-03	6.511656e-05	2.920619e-03	-2.855502e-03
295           	7.259970e-01	3.858708e-01	3.401262e-01	-4.613470e-03	-1.155217e-03	-3.458254e-03	1.151519e-03	2.287232e-02	2.434517e-03	6.545579e-05	2.467245e-03	-2.401789e-03
296           	7.240305e-01	3.835018e-01	3.405287e-01	7.612604e-03	6.148102e-03	1.464502e-03	2.341800e-03	2.148654e-02	1.618622e-03	6.245231e-05	1.649849e-03	-1.587396e-03
297           	7.226748e-01	3.776296e-01	3.450453e-01	1.700587e-02	1.147617e-02	5.529696e-03	2.973237e-03	1.629214e-02	6.927708e-04	5.286366e-05	7.192027e-04	-6.663390e-04
298           	7.227671e-01	3.691643e-01	3.536029e-01	2.265968e-02	1.439689e-02	8.262795e-03	3.067046e-03	7.780704e-03	2.184727e-04	4.530044e-05	2.411229e-04	-1.958224e-04
299           	7.242274e-01	3.598048e-01	3.644226e-01	2.459798e-02	1.502979e-02	9.568189e-03	2.730799e-03	-2.308924e-03	1.681890e-04	4.180183e-05	1.890900e-04	-1.472881e-04
300           	7.258664e-01	3.505329e-01	3.753335e-01	2.349581e-02	1.388018e-02	9.615635e-03	2.132270e-03	-1.240029e-02	6.570530e-04	4.128481e-05	6.776954e-04	-6.364106e-04
301           	7.266383e-01	3.430601e-01	3.835781e-01	2.008803e-02	1.143813e-02	8.649897e-03	1.394115e-03	-2.025900e-02	1.233780e-03	4.153975e-05	1.254550e-03	-1.213010e-03
302           	7.260947e-01	3.383491e-01	3.877456e-01	1.539119e-02	8.396569e-03	6.994620e-03	7.009748e-04	-2.469827e-02	1.596157e-03	4.397682e-05	1.618145e-03	-1.574169e-03
303           	7.245179e-01	3.374407e-01	3.870772e-01	1.039225e-02	5.347246e-03	5.045009e-03	1.511188e-04	-2.481824e-02	1.304296e-03	4.799852e-05	1.328295e-03	-1.280297e-03
304           	7.229136e-01	3.409210e-01	3.819926e-01	5.309345e-03	2.392055e-03	2.917290e-03	-2.626173e-04	-2.053579e-02	5.201284e-04	5.471526e-05	5.474861e-04	-4.927708e-04
305           	7.222035e-01	3.488819e-01	3.733216e-01	-7.303694e-05	-6.758397e-04	6.028027e-04	-6.393212e-04	-1.221983e-02	-6.318645e-04	5.727918e-05	-6.032249e-04	6.605040e-04
306           	7.224469e-01	3.596460e-01	3.628009e-01	-5.933622e-03	-4.010085e-03	-1.923537e-03	-1.043274e-03	-1.577455e-03	-1.497472e-03	5.848469e-05	-1.468229e-03	1.526714e-03
307           	7.230851e-01	3.712790e-01	3.518062e-01	-1.202094e-02	-7.499251e-03	-4.521684e-03	-1.488784e-03	9.736398e-03	-1.761736e-03	5.783790e-05	-1.732818e-03	1.790655e-03
308           	7.236140e-01	3.811396e-01	3.424744e-01	-1.753713e-02	-1.064590e-02	-6.891234e-03	-1.877333e-03	1.933260e-02	-9.622074e-04	5.526676e-05	-9.345740e-04	9.898408e-04
309           	7.234881e-01	3.874177e-01	3.360704e-01	-2.176244e-02	-1.304803e-02	-8.714411e-03	-2.166809e-03	2.567366e-02	3.478506e-04	5.138175e-05	3.735415e-04	-3.221597e-04
310           	7.225291e-01	3.890369e-01	3.334922e-01	-2.418513e-02	-1.437546e-02	-9.809669e-03	-2.282894e-03	2.777235e-02	1.687233e-03	5.380775e-05	1.714137e-03	-1.660329e-03
311           	7.214608e-01	3.863065e-01	3.351543e-01	-2.360433e-02	-1.388220e-02	-9.722128e-03	-2.080035e-03	2.557608e-02	2.220218e-03	6.166853e-05	2.251052e-03	-2.189384e-03
312           	7.208579e-01	3.798091e-01	3.410488e-01	-1.897928e-02	-1.092836e-02	-8.050916e-03	-1.438724e-03	1.938017e-02	2.021336e-03	7.157336e-05	2.057123e-03	-1.985549e-03
313           	7.207659e-01	3.709417e-01	3.498242e-01	-1.013802e-02	-5.446157e-03	-4.691867e-03	-3.771448e-04	1.055875e-02	1.251598e-03	7.463089e-05	1.288914e-03	-1.214283e-03
314           	7.207645e-01	3.607544e-01	3.600101e-01	1.935351e-03	1.952307e-03	-1.695605e-05	9.846316e-04	3.721241e-04	6.429272e-04	7.457283e-05	6.802137e-04	-6.056408e-04
315           	7.208309e-01	3.513209e-01	3.695100e-01	1.517419e-02	9.950791e-03	5.223398e-03	2.363696e-03	-9.094528e-03	5.143988e-04	6.992558e-05	5.493615e-04	-4.794360e-04
316           	7.206425e-01	3.439170e-01	3.767255e-01	2.721020e-02	1.710150e-02	1.010870e-02	3.496398e-03	-1.640429e-02	1.218018e-03	6.321725e-05	1.249627e-03	-1.186409e-03
317           	7.201809e-01	3.398746e-01	3.803063e-01	3.533874e-02	2.172785e-02	1.361089e-02	4.058482e-03	-2.021584e-02	2.266356e-03	5.794719e-05	2.295330e-03	-2.237382e-03
318           	7.194819e-01	3.391403e-01	3.803416e-01	3.728492e-02	2.249483e-02	1.479009e-02	3.852366e-03	-2.060064e-02	3.173473e-03	5.884148e-05	3.202894e-03	-3.144053e-03
319           	7.188129e-01	3.417160e-01	3.770969e-01	3.187279e-02	1.875238e-02	1.312041e-02	2.815988e-03	-1.769048e-02	3.321809e-03	6.425164e-05	3.353935e-03	-3.289683e-03
320           	7.180310e-01	3.466515e-01	3.713795e-01	1.965604e-02	1.094920e-02	8.706840e-03	1.121179e-03	-1.236398e-02	2.872908e-03	6.967777e-05	2.907747e-03	-2.838069e-03
321           	7.172587e-01	3.533361e-01	3.639226e-01	2.827346e-03	4.911746e-04	2.336172e-03	-9.224984e-04	-5.293257e-03	2.016768e-03	7.041039e-05	2.051973e-03	-1.981563e-03
322           	7.166560e-01	3.606403e-01	3.560157e-01	-1.582772e-02	-1.088389e-02	-4.943832e-03	-2.970028e-03	2.312288e-03	1.357884e-03	7.138412e-05	1.393576e-03	-1.322192e-03
323           	7.164795e-01	3.675992e-01	3.488803e-01	-3.226133e-02	-2.065875e-02	-1.160257e-02	-4.528090e-03	9.359463e-03	1.240516e-03	7.133635e-05	1.276184e-03	-1.204848e-03
324           	7.167012e-01	3.729005e-01	3.438007e-01	-4.244393e-02	-2.638149e-02	-1.606244e-02	-5.159524e-03	1.454989e-02	2.065681e-03	7.164165e-05	2.101502e-03	-2.029860e-03
325           	7.171010e-01	3.761830e-01	3.409180e-01	-4.401225e-02	-2.673179e-02	-1.728046e-02	-4.725662e-03	1.763252e-02	3.146255e-03	7.310117e-05	3.182806e-03	-3.109704e-03
326           	7.173058e-01	3.769730e-01	3.403328e-01	-3.647982e-02	-2.151293e-02	-1.496689e-02	-3.273022e-03	1.832009e-02	4.041334e-03	7.953185e-05	4.081100e-03	-4.001568e-03
327           	7.171639e-01	3.755377e-01	3.416262e-01	-2.121593e-02	-1.169093e-02	-9.525000e-03	-1.082964e-03	1.695572e-02	4.066134e-03	8.707580e-05	4.109672e-03	-4.022596e-03
328           	7.168174e-01	3.720123e-01	3.448050e-01	-1.218229e-03	8.046803e-04	-2.022909e-03	1.413795e-03	1.360365e-02	3.434884e-03	9.066047e-05	3.480214e-03	-3.389553e-03
329           	7.163216e-01	3.670164e-01	3.493053e-01	1.962458e-02	1.352571e-02	6.098871e-03	3.713420e-03	8.855542e-03	2.310224e-03	8.398784e-05	2.352218e-03	-2.268230e-03
330           	7.158794e-01	3.609934e-01	3.548860e-01	3.626403e-02	2.336011e-02	1.290393e-02	5.228090e-03	3.053728e-03	1.625173e-03	7.137813e-05	1.660862e-03	-1.589484e-03
331           	7.156902e-01	3.551286e-01	3.605615e-01	4.481153e-02	2.799000e-02	1.682153e-02	5.584237e-03	-2.716446e-03	1.655499e-03	5.501234e-05	1.683005e-03	-1.627993e-03
332           	7.154946e-01	3.496847e-01	3.658099e-01	4.379578e-02	2.664244e-02	1.715334e-02	4.744550e-03	-8.062590e-03	2.495830e-03	4.184800e-05	2.516754e-03	-2.474906e-03
333           	7.154464e-01	3.456423e-01	3.698041e-01	3.277291e-02	1.921351e-02	1.355940e-02	2.827057e-03	-1.208087e-02	3.289048e-03	3.335523e-05	3.305726e-03	-3.272371e-03
334           	7.155459e-01	3.429306e-01	3.726153e-01	1.487715e-02	7.729956e-03	7.147189e-03	2.913837e-04	-1.484232e-02	3.645313e-03	3.389157e-05	3.662259e-03	-3.628367e-03
335           	7.158392e-01	3.422360e-01	3.736032e-01	-6.108322e-03	-5.369053e-03	-7.392685e-04	-2.314892e-03	-1.568360e-02	2.904986e-03	4.109039e-05	2.925531e-03	-2.884441e-03
336           	7.160742e-01	3.436576e-01	3.724166e-01	-2.552427e-02	-1.717671e-02	-8.347562e-03	-4.414572e-03	-1.437951e-02	1.530544e-03	4.832295e-05	1.554705e-03	-1.506382e-03
337           	7.162594e-01	3.476597e-01	3.685997e-01	-3.908260e-02	-2.505915e-02	-1.402345e-02	-5.517848e-03	-1.047001e-02	1.659205e-04	4.855529e-05	1.901981e-04	-1.416429e-04
338           	7.165007e-01	3.536469e-01	3.628538e-01	-4.304197e-02	-2.680283e-02	-1.623914e-02	-5.281846e-03	-4.603458e-03	-1.604198e-04	3.921942e-05	-1.408101e-04	1.800296e-04
339           	7.170837e-01	3.610769e-01	3.560068e-01	-3.660588e-02	-2.212010e-02	-1.448578e-02	-3.817156e-03	2.535084e-03	3.085543e-04	2.907108e-05	3.230898e-04	-2.940187e-04
340           	7.181395e-01	3.689846e-01	3.491549e-01	-2.193483e-02	-1.244226e-02	-9.492577e-03	-1.474839e-03	9.914822e-03	1.411005e-03	2.280697e-05	1.422408e-03	-1.399601e-03
341           	7.193581e-01	3.764677e-01	3.428904e-01	-2.465106e-03	-5.614948e-05	-2.408956e-03	1.176403e-03	1.678865e-02	2.057833e-03	2.073330e-05	2.068200e-03	-2.047467e-03
342           	7.201266e-01	3.817453e-01	3.383813e-01	1.694282e-02	1.198785e-02	4.954971e-03	3.516441e-03	2.168197e-02	1.770355e-03	2.426018e-05	1.782485e-03	-1.758225e-03
343           	7.200000e-01	3.833753e-01	3.366248e-01	3.167862e-02	2.081433e-02	1.086429e-02	4.975018e-03	2.337525e-02	5.044010e-04	2.321818e-05	5.160100e-04	-4.927919e-04
344           	7.193908e-01	3.809428e-01	3.384480e-01	3.877585e-02	2.464104e-02	1.413481e-02	5.253120e-03	2.124738e-02	-7.496540e-04	1.307752e-05	-7.431152e-04	7.561928e-04
345           	7.190928e-01	3.750300e-01	3.440628e-01	3.576858e-02	2.207049e-02	1.369809e-02	4.186201e-03	1.548358e-02	-1.530918e-03	-3.601411e-06	-1.532719e-03	1.529118e-03
346           	7.194926e-01	3.665145e-01	3.529781e-01	2.350410e-02	1.384069e-02	9.663413e-03	2.088637e-03	6.768170e-03	-1.240590e-03	-2.241874e-05	-1.251800e-03	1.229381e-03
347           	7.208604e-01	3.570420e-01	3.638184e-01	5.645507e-03	2.332794e-03	3.312714e-03	-4.899600e-04	-3.388223e-03	-6.008544e-04	-3.360806e-05	-6.176585e-04	5.840504e-04
348           	7.223719e-01	3.475273e-01	3.748445e-01	-1.318457e-02	-9.482415e-03	-3.702154e-03	-2.890130e-03	-1.365859e-02	-6.435030e-05	-3.369780e-05	-8.119920e-05	4.750140e-05
349           	7.231758e-01	3.399875e-01	3.831883e-01	-2.808066e-02	-1.855905e-02	-9.521610e-03	-4.518720e-03	-2.160042e-02	-4.442190e-04	-2.531065e-05	-4.568743e-04	4.315636e-04
350           	7.231807e-01	3.356721e-01	3.875086e-01	-3.610749e-02	-2.309696e-02	-1.301053e-02	-5.043218e-03	-2.591824e-02	-1.429622e-03	-1.405002e-05	-1.436648e-03	1.422597e-03
351           	7.229644e-01	3.363553e-01	3.866091e-01	-3.436067e-02	-2.139202e-02	-1.296865e-02	-4.211685e-03	-2.512688e-02	-2.996695e-03	-1.113613e-05	-3.002263e-03	2.991127e-03
352           	7.230346e-01	3.421481e-01	3.808865e-01	-2.312918e-02	-1.381988e-02	-9.309304e-03	-2.255286e-03	-1.936921e-02	-4.173253e-03	-1.283966e-05	-4.179673e-03	4.166834e-03
353           	7.241151e-01	3.525817e-01	3.715333e-01	-5.817443e-03	-2.655114e-03	-3.162329e-03	2.536075e-04	-9.475819e-03	-4.730238e-03	-1.837939e-05	-4.739428e-03	4.721048e-03
354           	7.254145e-01	3.655850e-01	3.598295e-01	1.284149e-02	9.071927e-03	3.769564e-03	2.651182e-03	2.877726e-03	-4.506523e-03	-2.416409e-05	-4.518605e-03	4.494441e-03
355           	7.261204e-01	3.783573e-01	3.477630e-01	2.783815e-02	1.823640e-02	9.601748e-03	4.317328e-03	1.529716e-02	-4.145829e-03	-3.043365e-05	-4.161046e-03	4.130613e-03
356           	7.258831e-01	3.882349e-01	3.376482e-01	3.624294e-02	2.308557e-02	1.315737e-02	4.964102e-03	2.529333e-02	-3.994727e-03	-3.271376e-05	-4.011084e-03	3.978370e-03
357           	7.253346e-01	3.935920e-01	3.317426e-01	3.527533e-02	2.193649e-02	1.333884e-02	4.298824e-03	3.092471e-02	-4.538658e-03	-3.398374e-05	-4.555650e-03	4.521667e-03
358           	7.244673e-01	3.930956e-01	3.313717e-01	2.467996e-02	1.481925e-02	9.860713e-03	2.479266e-03	3.086192e-02	-5.249890e-03	-3.800079e-05	-5.268890e-03	5.230889e-03
359           	7.246604e-01	3.878081e-01	3.368522e-01	7.233604e-03	3.594816e-03	3.638789e-03	-2.198670e-05	2.547796e-02	-6.296611e-03	-4.208680e-05	-6.317655e-03	6.275568e-03
360           	7.256990e-01	3.779073e-01	3.477917e-01	-1.245204e-02	-8.721231e-03	-3.730809e-03	-2.495211e-03	1.505781e-02	-6.918250e-03	-4.540879e-05	-6.940954e-03	6.895546e-03
361           	7.271244e-01	3.655822e-01	3.615422e-01	-2.860606e-02	-1.856263e-02	-1.004343e-02	-4.259600e-03	2.019985e-03	-7.133770e-03	-4.890474e-05	-7.158223e-03	7.109318e-03
362           	7.279451e-01	3.527466e-01	3.751985e-01	-3.735888e-02	-2.360722e-02	-1.375166e-02	-4.927785e-03	-1.122596e-02	-6.915075e-03	-4.935512e-05	-6.939753e-03	6.890398e-03
363           	7.285658e-01	3.420569e-01	3.865088e-01	-3.682869e-02	-2.274476e-02	-1.408393e-02	-4.330413e-03	-2.222595e-02	-6.912237e-03	-4.945502e-05	-6.936965e-03	6.887510e-03
364           	7.279199e-01	3.353179e-01	3.926020e-01	-2.615254e-02	-1.558096e-02	-1.057158e-02	-2.504689e-03	-2.864203e-02	-7.519160e-03	-4.498171e-05	-7.541651e-03	7.496670e-03
365           	7.270868e-01	3.341846e-01	3.929023e-01	-8.479094e-03	-4.291049e-03	-4.188045e-03	-5.150215e-05	-2.935885e-02	-8.278751e-03	-4.115848e-05	-8.299331e-03	8.258172e-03
366           	7.273674e-01	3.390805e-01	3.882869e-01	1.133093e-02	8.034692e-03	3.296236e-03	2.369228e-03	-2.460321e-02	-9.365927e-03	-3.847385e-05	-9.385164e-03	9.346690e-03
367           	7.280406e-01	3.491614e-01	3.788792e-01	2.758284e-02	1.788132e-02	9.701522e-03	4.089897e-03	-1.485891e-02	-1.032184e-02	-4.291926e-05	-1.034330e-02	1.030038e-02
368           	7.282336e-01	3.617722e-01	3.664614e-01	3.630839e-02	2.290148e-02	1.340691e-02	4.747288e-03	-2.344582e-03	-1.068885e-02	-4.944742e-05	-1.071358e-02	1.066413e-02
369           	7.285626e-01	3.751962e-01	3.533663e-01	3.609384e-02	2.225339e-02	1.384045e-02	4.206473e-03	1.091494e-02	-1.080577e-02	-5.465145e-05	-1.083309e-02	1.077844e-02
370           	7.278887e-01	3.859340e-01	3.419547e-01	2.614499e-02	1.556572e-02	1.057927e-02	2.493223e-03	2.198964e-02	-1.039723e-02	-6.161459e-05	-1.042804e-02	1.036642e-02
371           	7.272036e-01	3.932114e-01	3.339922e-01	9.146348e-03	4.673392e-03	4.472956e-03	1.002181e-04	2.960963e-02	-1.041904e-02	-6.093744e-05	-1.044950e-02	1.038857e-02
372           	7.270555e-01	3.954106e-01	3.316448e-01	-1.001238e-02	-7.210490e-03	-2.801889e-03	-2.204300e-03	3.188290e-02	-1.074795e-02	-5.446874e-05	-1.077518e-02	1.072071e-02
373           	7.275122e-01	3.923234e-01	3.351889e-01	-2.546242e-02	-1.654249e-02	-8.919931e-03	-3.811279e-03	2.856725e-02	-1.149812e-02	-5.044420e-05	-1.152334e-02	1.147290e-02
374           	7.281398e-01	3.842384e-01	3.439014e-01	-3.336902e-02	-2.104045e-02	-1.232857e-02	-4.355938e-03	2.016846e-02	-1.213510e-02	-4.839738e-05	-1.215930e-02	1.211091e-02
375           	7.292021e-01	3.728550e-01	3.563471e-01	-3.233324e-02	-1.988054e-02	-1.245270e-02	-3.713923e-03	8.253963e-03	-1.235632e-02	-5.316652e-05	-1.238291e-02	1.232974e-02
376           	7.291471e-01	3.597771e-01	3.693701e-01	-2.236553e-02	-1.321429e-02	-9.151241e-03	-2.031524e-03	-4.796493e-03	-1.238859e-02	-5.426849e-05	-1.241573e-02	1.236146e-02
377           	7.283222e-01	3.473203e-01	3.810019e-01	-6.589065e-03	-3.180688e-03	-3.408376e-03	1.138441e-04	-1.684079e-02	-1.212394e-02	-5.931131e-05	-1.215359e-02	1.209428e-02
378           	7.271389e-01	3.380514e-01	3.890875e-01	9.650995e-03	6.835677e-03	2.815318e-03	2.010180e-03	-2.551807e-02	-1.168411e-02	-6.259968e-05	-1.171541e-02	1.165281e-02
379           	7.264778e-01	3.335040e-01	3.929738e-01	2.207304e-02	1.432139e-02	7.751647e-03	3.284872e-03	-2.973492e-02	-1.180528e-02	-6.467299e-05	-1.183762e-02	1.177295e-02
380           	7.259781e-01	3.344534e-01	3.915247e-01	2.793456e-02	1.763767e-02	1.029689e-02	3.670393e-03	-2.853562e-02	-1.219366e-02	-6.620868e-05	-1.222676e-02	1.216055e-02
381           	7.259241e-01	3.412602e-01	3.846639e-01	2.657773e-02	1.638420e-02	1.019353e-02	3.095335e-03	-2.170182e-02	-1.295034e-02	-6.679298e-05	-1.298373e-02	1.291694e-02
382           	7.252424e-01	3.519691e-01	3.732733e-01	1.855237e-02	1.101555e-02	7.536825e-03	1.739361e-03	-1.065207e-02	-1.334966e-02	-6.576114e-05	-1.338254e-02	1.331678e-02
383           	7.243418e-01	3.650840e-01	3.592577e-01	6.261719e-03	3.155004e-03	3.106714e-03	2.414487e-05	2.913138e-03	-1.345277e-02	-6.218288e-05	-1.348386e-02	1.342168e-02
384           	7.236289e-01	3.781391e-01	3.454898e-01	-6.442061e-03	-4.759870e-03	-1.682192e-03	-1.538839e-03	1.632469e-02	-1.315564e-02	-5.495590e-05	-1.318311e-02	1.312816e-02
385           	7.231848e-01	3.889327e-01	3.342521e-01	-1.616734e-02	-1.068455e-02	-5.482784e-03	-2.600885e-03	2.734032e-02	-1.280954e-02	-4.746371e-05	-1.283327e-02	1.278581e-02
386           	7.229179e-01	3.951218e-01	3.277961e-01	-2.111848e-02	-1.350986e-02	-7.608614e-03	-2.950625e-03	3.366287e-02	-1.234269e-02	-4.081527e-05	-1.236310e-02	1.232229e-02
387           	7.225495e-01	3.951307e-01	3.274188e-01	-2.069272e-02	-1.289399e-02	-7.798728e-03	-2.547630e-03	3.385598e-02	-1.227748e-02	-3.744420e-05	-1.229620e-02	1.225876e-02
388           	7.215440e-01	3.884331e-01	3.331109e-01	-1.529482e-02	-9.174675e-03	-6.120146e-03	-1.527264e-03	2.766110e-02	-1.228519e-02	-3.475091e-05	-1.230257e-02	1.226781e-02
389           	7.203206e-01	3.764729e-01	3.438477e-01	-6.518721e-03	-3.455004e-03	-3.063717e-03	-1.956435e-04	1.631258e-02	-1.228054e-02	-3.502262e-05	-1.229805e-02	1.226303e-02
390           	7.190179e-01	3.613920e-01	3.576259e-01	2.959721e-03	2.554878e-03	4.048433e-04	1.075017e-03	1.883050e-03	-1.173460e-02	-3.615703e-05	-1.175267e-02	1.171652e-02
391           	7.180124e-01	3.458699e-01	3.721424e-01	1.127011e-02	7.687386e-03	3.582726e-03	2.052330e-03	-1.313627e-02	-1.103082e-02	-3.924922e-05	-1.105044e-02	1.101119e-02
392           	7.169447e-01	3.325611e-01	3.843836e-01	1.646478e-02	1.070498e-02	5.759800e-03	2.472590e-03	-2.591126e-02	-1.026048e-02	-4.154709e-05	-1.028125e-02	1.023970e-02
393           	7.155681e-01	3.241156e-01	3.914525e-01	1.732275e-02	1.088434e-02	6.438402e-03	2.222971e-03	-3.366845e-02	-9.938452e-03	-4.395124e-05	-9.960427e-03	9.916476e-03
394           	7.140047e-01	3.219266e-01	3.920782e-01	1.375585e-02	8.290588e-03	5.465258e-03	1.412665e-03	-3.507578e-02	-9.852628e-03	-4.344564e-05	-9.874350e-03	9.830905e-03
395           	7.126100e-01	3.267679e-01	3.858421e-01	6.841460e-03	3.686020e-03	3.155439e-03	2.652904e-04	-2.953712e-02	-1.001103e-02	-3.972710e-05	-1.003090e-02	9.991171e-03
396           	7.116302e-01	3.377499e-01	3.738803e-01	-1.625445e-03	-1.728964e-03	1.035190e-04	-9.162414e-04	-1.806522e-02	-9.873018e-03	-3.060975e-05	-9.888323e-03	9.857713e-03
397           	7.110570e-01	3.530356e-01	3.580214e-01	-9.501109e-03	-6.596471e-03	-2.904637e-03	-1.845917e-03	-2.492890e-03	-9.379808e-03	-2.217793e-05	-9.390897e-03	9.368719e-03
398           	7.105168e-01	3.691205e-01	3.413963e-01	-1.478271e-02	-9.661643e-03	-5.121067e-03	-2.270288e-03	1.386209e-02	-8.407090e-03	-1.640843e-05	-8.415294e-03	8.398886e-03
399           	7.098087e-01	3.828352e-01	3.269736e-01	-1.611505e-02	-1.014949e-02	-5.965566e-03	-2.091960e-03	2.793080e-02	-7.537974e-03	-1.483735e-05	-7.545392e-03	7.530555e-03
400           	7.088637e-01	3.911514e-01	3.177123e-01	-1.323474e-02	-7.984581e-03	-5.250157e-03	-1.367212e-03	3.671957e-02	-6.798169e-03	-1.514725e-05	-6.805743e-03	6.790595e-03
401           	7.078855e-01	3.925377e-01	3.153478e-01	-6.929301e-03	-3.771818e-03	-3.157483e-03	-3.071673e-04	3.859493e-02	-6.421146e-03	-1.701006e-05	-6.429651e-03	6.412641e-03
402           	7.070715e-01	3.863332e-01	3.207383e-01	1.096909e-03	1.372499e-03	-2.755893e-04	8.240440e-04	3.279745e-02	-5.976276e-03	-1.671771e-05	-5.984634e-03	5.967917e-03
403           	7.064511e-01	3.737520e-01	3.326992e-01	8.834337e-03	6.156210e-03	2.678127e-03	1.739041e-03	2.052639e-02	-5.519005e-03	-1.733261e-05	-5.527671e-03	5.510338e-03
404           	7.059345e-01	3.570442e-01	3.488903e-01	1.425761e-02	9.341053e-03	4.916552e-03	2.212251e-03	4.076977e-03	-4.730357e-03	-1.950305e-05	-4.740108e-03	4.720605e-03
405           	7.055669e-01	3.399378e-01	3.656291e-01	1.600913e-02	1.012371e-02	5.885424e-03	2.119143e-03	-1.284568e-02	-3.922641e-03	-2.698059e-05	-3.936132e-03	3.909151e-03
406           	7.053662e-01	3.257824e-01	3.795838e-01	1.367842e-02	8.343177e-03	5.335238e-03	1.503970e-03	-2.690068e-02	-3.163854e-03	-3.413033e-05	-3.180919e-03	3.146789e-03
407           	7.054076e-01	3.176872e-01	3.877205e-01	7.985839e-03	4.519086e-03	3.466753e-03	5.261661e-04	-3.501666e-02	-2.964560e-03	-3.821547e-05	-2.983668e-03	2.945453e-03
408           	7.056719e-01	3.170718e-01	3.886002e-01	3.611539e-04	-3.859134e-04	7.470674e-04	-5.664904e-04	-3.576419e-02	-3.092304e-03	-3.612632e-05	-3.110367e-03	3.074240e-03
409           	7.060607e-01	3.244070e-01	3.816537e-01	-7.263007e-03	-5.141885e-03	-2.121121e-03	-1.510382e-03	-2.862334e-02	-3.472789e-03	-3.186965e-05	-3.488724e-03	3.456854e-03
410           	7.064204e-01	3.379577e-01	3.684627e-01	-1.288907e-02	-8.493034e-03	-4.396041e-03	-2.048497e-03	-1.525251e-02	-3.583593e-03	-2.868776e-05	-3.597937e-03	3.569250e-03
411           	7.069210e-01	3.549896e-01	3.519314e-01	-1.503231e-02	-9.574860e-03	-5.457449e-03	-2.058705e-03	1.529131e-03	-3.439659e-03	-3.188145e-05	-3.455599e-03	3.423718e-03
412           	7.075961e-01	3.715778e-01	3.360183e-01	-1.326284e-02	-8.177229e-03	-5.085613e-03	-1.545808e-03	1.777978e-02	-2.982579e-03	-3.802554e-05	-3.001592e-03	2.963566e-03
413           	7.083874e-01	3.843809e-01	3.240065e-01	-8.187161e-03	-4.760667e-03	-3.426494e-03	-6.670869e-04	3.018718e-02	-2.714998e-03	-4.602704e-05	-2.738011e-03	2.691984e-03
414           	7.089648e-01	3.903492e-01	3.186157e-01	-1.296976e-03	-2.977385e-04	-9.992375e-04	3.507495e-04	3.586677e-02	-2.575826e-03	-5.266527e-05	-2.602159e-03	2.549494e-03
415           	7.091504e-01	3.883714e-01	3.207790e-01	5.588668e-03	4.036266e-03	1.552402e-03	1.241932e-03	3.379622e-02	-2.667812e-03	-6.018017e-05	-2.697902e-03	2.637722e-03
416           	7.089585e-01	3.787314e-01	3.302271e-01	1.067094e-02	7.127051e-03	3.543894e-03	1.791578e-03	2.425213e-02	-2.581530e-03	-6.848192e-05	-2.615771e-03	2.547289e-03
417           	7.087987e-01	3.640392e-01	3.447596e-01	1.267002e-02	8.191329e-03	4.478687e-03	1.856321e-03	9.639798e-03	-2.366846e-03	-8.161371e-05	-2.407653e-03	2.326039e-03
418           	7.089390e-01	3.476187e-01	3.613203e-01	1.112000e-02	6.999620e-03	4.120382e-03	1.439619e-03	-6.850795e-03	-1.807297e-03	-9.621433e-05	-1.855404e-03	1.759190e-03
419           	7.094435e-01	3.334518e-01	3.759917e-01	6.607614e-03	3.962769e-03	2.644845e-03	6.589618e-04	-2.126994e-02	-1.371376e-03	-1.095927e-04	-1.426172e-03	1.316580e-03
420           	7.099441e-01	3.243919e-01	3.855521e-01	5.005929e-04	-4.911213e-06	5.055042e-04	-2.552077e-04	-3.058010e-02	-1.097996e-03	-1.167638e-04	-1.156378e-03	1.039614e-03
421           	7.101098e-01	3.225317e-01	3.875781e-01	-5.516679e-03	-3.846694e-03	-1.669985e-03	-1.088355e-03	-3.252318e-02	-1.201708e-03	-1.184814e-04	-1.260949e-03	1.142468e-03
422           	7.099136e-01	3.279648e-01	3.819487e-01	-9.850684e-03	-6.530607e-03	-3.320077e-03	-1.605265e-03	-2.699195e-02	-1.348113e-03	-1.145646e-04	-1.405396e-03	1.290831e-03
423           	7.096531e-01	3.396792e-01	3.699738e-01	-1.128091e-02	-7.317814e-03	-3.963092e-03	-1.677361e-03	-1.514729e-02	-1.545025e-03	-1.108562e-04	-1.600453e-03	1.489597e-03
424           	7.096477e-01	3.549283e-01	3.547195e-01	-9.489891e-03	-6.037019e-03	-3.452873e-03	-1.292073e-03	1.044015e-04	-1.382763e-03	-1.092745e-04	-1.437400e-03	1.328126e-03
425           	7.099905e-01	3.703953e-01	3.395952e-01	-5.100522e-03	-3.134702e-03	-1.965820e-03	-5.844411e-04	1.540006e-02	-1.096109e-03	-1.096521e-04	-1.150936e-03	1.041283e-03
426           	7.104266e-01	3.822548e-01	3.281718e-01	4.995849e-04	4.996254e-04	-4.046441e-08	2.498329e-04	2.704146e-02	-6.550401e-04	-1.088697e-04	-7.094750e-04	6.006053e-04
427           	7.105429e-01	3.879592e-01	3.225836e-01	5.870819e-03	3.939624e-03	1.931195e-03	1.004215e-03	3.268778e-02	-3.777089e-04	-1.075288e-04	-4.314734e-04	3.239445e-04
428           	7.101916e-01	3.860145e-01	3.241772e-01	9.546079e-03	6.256763e-03	3.289317e-03	1.483723e-03	3.091867e-02	-7.280342e-05	-1.038615e-04	-1.247342e-04	2.087265e-05
429           	7.096327e-01	3.772539e-01	3.323788e-01	1.052190e-02	6.808861e-03	3.713039e-03	1.547911e-03	2.243760e-02	4.693349e-05	-1.017484e-04	-3.940712e-06	-9.780770e-05
430           	7.092878e-01	3.636171e-01	3.456707e-01	8.452579e-03	5.413978e-03	3.038601e-03	1.187688e-03	8.973155e-03	2.988133e-04	-1.007256e-04	2.484505e-04	-3.491761e-04
431           	7.094154e-01	3.486227e-01	3.607927e-01	3.977938e-03	2.497962e-03	1.479976e-03	5.089928e-04	-6.084978e-03	4.962843e-04	-1.027793e-04	4.448946e-04	-5.476739e-04
432           	7.099066e-01	3.355549e-01	3.743518e-01	-1.590438e-03	-1.077776e-03	-5.126616e-04	-2.825573e-04	-1.939846e-02	7.719962e-04	-1.040251e-04	7.199837e-04	-8.240087e-04
433           	7.103184e-01	3.273404e-01	3.829780e-01	-6.718339e-03	-4.355268e-03	-2.363071e-03	-9.960987e-04	-2.781882e-02	8.607131e-04	-1.021831e-04	8.096216e-04	-9.118046e-04
434           	7.102985e-01	3.255969e-01	3.847016e-01	-1.001622e-02	-6.439766e-03	-3.576455e-03	-1.431656e-03	-2.955234e-02	8.819908e-04	-9.399212e-05	8.349947e-04	-9.289869e-04
435           	7.100152e-01	3.307838e-01	3.792314e-01	-1.049289e-02	-6.711977e-03	-3.780914e-03	-1.465532e-03	-2.422380e-02	5.822705e-04	-8.273866e-05	5.409011e-04	-6.236398e-04
436           	7.097376e-01	3.415271e-01	3.682105e-01	-7.924990e-03	-5.035223e-03	-2.889767e-03	-1.072728e-03	-1.334174e-02	3.306888e-04	-7.006519e-05	2.956562e-04	-3.657214e-04
437           	7.098094e-01	3.556081e-01	3.542012e-01	-3.009928e-03	-1.891489e-03	-1.118439e-03	-3.865248e-04	7.034440e-04	9.466415e-05	-6.199610e-05	6.366610e-05	-1.256622e-04
438           	7.101819e-01	3.694311e-01	3.407507e-01	2.707435e-03	1.742472e-03	9.649625e-04	3.887548e-04	1.434019e-02	1.727567e-04	-5.729931e-05	1.441071e-04	-2.014064e-04
439           	7.105033e-01	3.799934e-01	3.305099e-01	7.713596e-03	4.907194e-03	2.806403e-03	1.050396e-03	2.474179e-02	3.564641e-04	-5.502927e-05	3.289495e-04	-3.839787e-04
440           	7.103735e-01	3.844546e-01	3.259189e-01	1.065731e-02	6.762616e-03	3.894697e-03	1.433960e-03	2.926785e-02	7.460939e-04	-5.130879e-05	7.204395e-04	-7.717483e-04
441           	7.098923e-01	3.821619e-01	3.277303e-01	1.073242e-02	6.782275e-03	3.950142e-03	1.416066e-03	2.721580e-02	9.066395e-04	-4.706804e-05	8.831055e-04	-9.301736e-04
442           	7.093344e-01	3.736471e-01	3.356872e-01	7.740700e-03	4.864921e-03	2.875779e-03	9.945710e-04	1.897993e-02	1.025745e-03	-4.170551e-05	1.004892e-03	-1.046598e-03
443           	7.091819e-01	3.613395e-01	3.478425e-01	2.453011e-03	1.508965e-03	9.440459e-04	2.824595e-04	6.748488e-03	9.377448e-04	-3.903737e-05	9.182262e-04	-9.572635e-04
444           	7.095129e-01	3.480743e-01	3.614386e-01	-3.601288e-03	-2.295057e-03	-1.306231e-03	-4.944130e-04	-6.682134e-03	9.614146e-04	-3.911341e-05	9.418579e-04	-9.809713e-04
445           	7.100235e-01	3.369407e-01	3.730829e-01	-8.723520e-03	-5.501989e-03	-3.221532e-03	-1.140229e-03	-1.807109e-02	9.788282e-04	-4.103928e-05	9.583086e-04	-9.993479e-04
446           	7.102143e-01	3.302291e-01	3.799852e-01	-1.154048e-02	-7.242808e-03	-4.297670e-03	-1.472569e-03	-2.487807e-02	1.142957e-03	-3.855847e-05	1.123677e-03	-1.162236e-03
447           	7.100435e-01	3.295584e-01	3.804851e-01	-1.124520e-02	-7.022257e-03	-4.222938e-03	-1.399659e-03	-2.546333e-02	1.027714e-03	-3.212469e-05	1.011652e-03	-1.043776e-03
448           	7.096506e-01	3.347524e-01	3.748983e-01	-7.789019e-03	-4.811858e-03	-2.977161e-03	-9.173483e-04	-2.007296e-02	8.251467e-04	-2.139409e-05	8.144496e-04	-8.358437e-04
449           	7.094733e-01	3.448438e-01	3.646295e-01	-2.021213e-03	-1.181181e-03	-8.400318e-04	-1.705746e-04	-9.892818e-03	4.110534e-04	-1.275158e-05	4.046776e-04	-4.174292e-04
450           	7.096000e-01	3.571001e-01	3.524999e-01	4.291516e-03	2.759164e-03	1.532352e-03	6.134062e-04	2.300093e-03	1.879402e-04	-8.500820e-06	1.836897e-04	-1.921906e-04
451           	7.098727e-01	3.687167e-01	3.411561e-01	9.374321e-03	5.898737e-03	3.475585e-03	1.211576e-03	1.378030e-02	8.768459e-05	-9.264479e-06	8.305235e-05	-9.231683e-05
452           	7.098062e-01	3.768102e-01	3.329960e-01	1.196919e-02	7.480083e-03	4.489105e-03	1.495489e-03	2.190706e-02	3.603304e-04	-9.935110e-06	3.553629e-04	-3.652980e-04
453           	7.094182e-01	3.796733e-01	3.297450e-01	1.143583e-02	7.093046e-03	4.342782e-03	1.375132e-03	2.496416e-02	5.451189e-04	-9.342332e-06	5.404477e-04	-5.497901e-04
454           	7.088390e-01	3.766099e-01	3.322291e-01	7.744506e-03	4.738597e-03	3.005909e-03	8.663440e-04	2.219040e-02	6.939660e-04	-4.953073e-06	6.914895e-04	-6.964426e-04
455           	7.085130e-01	3.687957e-01	3.397172e-01	1.799152e-03	9.948378e-04	8.043147e-04	9.526154e-05	1.453927e-02	5.157534e-04	-1.485328e-06	5.150108e-04	-5.164961e-04
456           	7.086172e-01	3.581085e-01	3.505087e-01	-4.709781e-03	-3.050174e-03	-1.659607e-03	-6.952836e-04	3.799866e-03	3.634787e-04	-5.453582e-07	3.632060e-04	-3.637514e-04
457           	7.090410e-01	3.473330e-01	3.617080e-01	-9.888569e-03	-6.235553e-03	-3.653016e-03	-1.291268e-03	-7.187507e-03	1.623099e-04	-4.038978e-06	1.602905e-04	-1.643294e-04
458           	7.092350e-01	3.384160e-01	3.708190e-01	-1.242166e-02	-7.748021e-03	-4.673641e-03	-1.537190e-03	-1.620151e-02	2.402110e-04	-6.676921e-06	2.368725e-04	-2.435495e-04
459           	7.091588e-01	3.337239e-01	3.754350e-01	-1.163505e-02	-7.189120e-03	-4.445926e-03	-1.371597e-03	-2.085556e-02	2.007122e-04	-5.875237e-06	1.977746e-04	-2.036499e-04
460           	7.088252e-01	3.339810e-01	3.748442e-01	-7.654815e-03	-4.637240e-03	-3.017576e-03	-8.098320e-04	-2.043159e-02	1.225684e-04	4.237915e-07	1.227803e-04	-1.223565e-04
461           	7.085623e-01	3.393126e-01	3.692497e-01	-1.435838e-03	-7.288586e-04	-7.069795e-04	-1.093954e-05	-1.496854e-02	-2.690217e-04	6.988812e-06	-2.655273e-04	2.725161e-04
462           	7.084353e-01	3.479712e-01	3.604641e-01	5.042402e-03	3.293884e-03	1.748518e-03	7.726832e-04	-6.246471e-03	-5.695623e-04	1.104083e-05	-5.640419e-04	5.750827e-04
463           	7.085951e-01	3.581965e-01	3.503985e-01	1.018086e-02	6.438813e-03	3.742045e-03	1.348384e-03	3.898995e-03	-9.430700e-04	1.003392e-05	-9.380531e-04	9.480870e-04
464           	7.085662e-01	3.671576e-01	3.414086e-01	1.258478e-02	7.860734e-03	4.724045e-03	1.568345e-03	1.287447e-02	-9.686320e-04	7.847666e-06	-9.647082e-04	9.725558e-04
465           	7.082236e-01	3.729781e-01	3.352455e-01	1.164925e-02	7.185220e-03	4.464030e-03	1.360595e-03	1.886628e-02	-9.082181e-04	6.616598e-06	-9.049098e-04	9.115264e-04
466           	7.077257e-01	3.742195e-01	3.335062e-01	7.504999e-03	4.525737e-03	2.979262e-03	7.732373e-04	2.035664e-02	-7.762134e-04	9.607478e-06	-7.714097e-04	7.810172e-04
467           	7.073940e-01	3.710056e-01	3.363884e-01	1.210376e-03	5.570046e-04	6.533710e-04	-4.818317e-05	1.730860e-02	-9.409245e-04	1.371514e-05	-9.340669e-04	9.477821e-04
468           	7.073917e-01	3.640929e-01	3.432988e-01	-5.475420e-03	-3.591752e-03	-1.883667e-03	-8.540426e-04	1.039705e-02	-1.160822e-03	1.699384e-05	-1.152325e-03	1.169319e-03
469           	7.076778e-01	3.554137e-01	3.522640e-01	-1.059983e-02	-6.724634e-03	-3.875199e-03	-1.424718e-03	1.574845e-03	-1.485235e-03	1.544610e-05	-1.477512e-03	1.492958e-03
470           	7.078262e-01	3.466689e-01	3.611573e-01	-1.284216e-02	-8.027249e-03	-4.814906e-03	-1.606172e-03	-7.244198e-03	-1.572457e-03	1.298023e-05	-1.565967e-03	1.578947e-03
471           	7.077544e-01	3.400426e-01	3.677118e-01	-1.158959e-02	-7.147650e-03	-4.441940e-03	-1.352855e-03	-1.383457e-02	-1.639916e-03	1.196923e-05	-1.633932e-03	1.645901e-03
472           	7.075353e-01	3.368515e-01	3.706838e-01	-7.131008e-03	-4.276503e-03	-2.854505e-03	-7.109991e-04	-1.691617e-02	-1.636554e-03	1.517106e-05	-1.628968e-03	1.644139e-03
473           	7.072983e-01	3.380689e-01	3.692294e-01	-6.845642e-04	-2.163129e-04	-4.682513e-04	1.259692e-04	-1.558027e-02	-1.816654e-03	1.933188e-05	-1.806988e-03	1.826320e-03
474           	7.072315e-01	3.428826e-01	3.643490e-01	5.878411e-03	3.866449e-03	2.011961e-03	9.272442e-04	-1.073321e-02	-2.117842e-03	2.314335e-05	-2.106271e-03	2.129414e-03
475           	7.073367e-01	3.503025e-01	3.570342e-01	1.092816e-02	6.950355e-03	3.977801e-03	1.486277e-03	-3.365869e-03	-2.656537e-03	2.321421e-05	-2.644930e-03	2.668144e-03
476           	7.072112e-01	3.582572e-01	3.489539e-01	1.297882e-02	8.134917e-03	4.843905e-03	1.645506e-03	4.651637e-03	-2.915310e-03	2.202347e-05	-2.904298e-03	2.926321e-03
477           	7.068834e-01	3.651182e-01	3.417651e-01	1.147016e-02	7.080472e-03	4.389691e-03	1.345391e-03	1.167655e-02	-3.030787e-03	2.054540e-05	-3.020514e-03	3.041059e-03
478           	7.065337e-01	3.691572e-01	3.373765e-01	6.704482e-03	4.014893e-03	2.689590e-03	6.626516e-04	1.589035e-02	-2.939091e-03	2.258240e-05	-2.927800e-03	2.950382e-03
479           	7.063193e-01	3.695692e-01	3.367500e-01	4.171368e-05	-1.949357e-04	2.366494e-04	-2.157926e-04	1.640962e-02	-2.972692e-03	2.623268e-05	-2.959576e-03	2.985809e-03
480           	7.064645e-01	3.665429e-01	3.399216e-01	-6.821299e-03	-4.464666e-03	-2.356633e-03	-1.054016e-03	1.331063e-02	-3.108376e-03	3.078843e-05	-3.092982e-03	3.123771e-03
481           	7.067287e-01	3.606209e-01	3.461079e-01	-1.184534e-02	-7.538690e-03	-4.306651e-03	-1.616020e-03	7.256510e-03	-3.443277e-03	3.144756e-05	-3.427553e-03	3.459000e-03
482           	7.067990e-01	3.531263e-01	3.536727e-01	-1.359979e-02	-8.526408e-03	-5.073377e-03	-1.726516e-03	-2.732225e-04	-3.648378e-03	3.059151e-05	-3.633083e-03	3.663674e-03
483           	7.067227e-01	3.458831e-01	3.608396e-01	-1.162212e-02	-7.167979e-03	-4.454143e-03	-1.356918e-03	-7.478240e-03	-3.756869e-03	2.787740e-05	-3.742930e-03	3.770807e-03
484           	7.066503e-01	3.407747e-01	3.658756e-01	-6.115660e-03	-3.633851e-03	-2.481808e-03	-5.760214e-04	-1.255050e-02	-3.742394e-03	3.022660e-05	-3.727281e-03	3.757507e-03
485           	7.066588e-01	3.390654e-01	3.675934e-01	1.076930e-03	8.996102e-04	1.773197e-04	3.611453e-04	-1.426400e-02	-3.725758e-03	3.121558e-05	-3.710151e-03	3.741366e-03
486           	7.068328e-01	3.406927e-01	3.661402e-01	8.111988e-03	5.281206e-03	2.830783e-03	1.225212e-03	-1.272374e-02	-3.848804e-03	3.288808e-05	-3.832360e-03	3.865248e-03
487           	7.069020e-01	3.456162e-01	3.612858e-01	1.298141e-02	8.251160e-03	4.730251e-03	1.760454e-03	-7.834847e-03	-4.260589e-03	3.186785e-05	-4.244655e-03	4.276523e-03
488           	7.066442e-01	3.521882e-01	3.544560e-01	1.428032e-02	8.958598e-03	5.321722e-03	1.818438e-03	-1.133866e-03	-4.583746e-03	3.006578e-05	-4.568713e-03	4.598779e-03
489           	7.063114e-01	3.593230e-01	3.469884e-01	1.166766e-02	7.193990e-03	4.473670e-03	1.360160e-03	6.167319e-03	-4.894091e-03	3.039782e-05	-4.878893e-03	4.909290e-03
490           	7.061187e-01	3.649510e-01	3.411677e-01	5.424134e-03	3.204121e-03	2.220012e-03	4.920545e-04	1.189165e-02	-4.745747e-03	2.968112e-05	-4.730906e-03	4.760587e-03
491           	7.061880e-01	3.680371e-01	3.381509e-01	-2.372321e-03	-1.714096e-03	-6.582256e-04	-5.279351e-04	1.494310e-02	-4.666589e-03	3.131678e-05	-4.650930e-03	4.682247e-03
492           	7.065800e-01	3.679059e-01	3.386741e-01	-9.927005e-03	-6.418866e-03	-3.508139e-03	-1.455363e-03	1.461591e-02	-4.587819e-03	3.445303e-05	-4.570593e-03	4.605046e-03
493           	7.069507e-01	3.644243e-01	3.425265e-01	-1.484910e-02	-9.417207e-03	-5.431891e-03	-1.992658e-03	1.094891e-02	-4.782578e-03	3.537622e-05	-4.764890e-03	4.800266e-03
494           	7.069719e-01	3.582220e-01	3.487499e-01	-1.588812e-02	-9.931989e-03	-5.956129e-03	-1.987930e-03	4.736092e-03	-4.927260e-03	3.259112e-05	-4.910965e-03	4.943556e-03
495           	7.068774e-01	3.509812e-01	3.558962e-01	-1.225727e-02	-7.527063e-03	-4.730203e-03	-1.398430e-03	-2.457503e-03	-5.066372e-03	3.069819e-05	-5.051023e-03	5.081721e-03
496           	7.068407e-01	3.446634e-01	3.621774e-01	-5.013310e-03	-2.907944e-03	-2.105365e-03	-4.012896e-04	-8.757015e-03	-4.963072e-03	3.074692e-05	-4.947699e-03	4.978446e-03
497           	7.071033e-01	3.407466e-01	3.663567e-01	3.689879e-03	2.564373e-03	1.125506e-03	7.194336e-04	-1.280502e-02	-4.769705e-03	2.778885e-05	-4.755811e-03	4.783600e-03
498           	7.075319e-01	3.398832e-01	3.676486e-01	1.176165e-02	7.585142e-03	4.176506e-03	1.704318e-03	-1.388269e-02	-4.604635e-03	2.549616e-05	-4.591886e-03	4.617383e-03
499           	7.076745e-01	3.425965e-01	3.650781e-01	1.672723e-02	1.059015e-02	6.137073e-03	2.226541e-03	-1.124078e-02	-4.812633e-03	2.227517e-05	-4.801496e-03	4.823771e-03
500           	7.073374e-01	3.478563e-01	3.594811e-01	1.734804e-02	1.083612e-02	6.511919e-03	2.162100e-03	-5.812371e-03	-5.170993e-03	2.112819e-05	-5.160429e-03	5.181557e-03
