# Force and moment coefficients
# dragDir     : (1.000000e+00 0.000000e+00 0.000000e+00)
# sideDir     : (0.000000e+00 0.000000e+00 -1.000000e+00)
# liftDir     : (0.000000e+00 1.000000e+00 0.000000e+00)
# rollAxis    : (1.000000e+00 0.000000e+00 0.000000e+00)
# pitchAxis   : (0.000000e+00 0.000000e+00 -1.000000e+00)
# yawAxis     : (0.000000e+00 1.000000e+00 0.000000e+00)
# magUInf     : 1.250000e+01
# lRef        : 1.940000e-02
# Aref        : 6.484000e-03
# CofR        : (0.000000e+00 0.000000e+00 0.000000e+00)
#
# Time        	Cd            	Cd(f)         	Cd(r)         	Cl            	Cl(f)         	Cl(r)         	CmPitch       	CmRoll        	CmYaw         	Cs            	Cs(f)         	Cs(r)         
1             	1.998109e+02	9.990277e+01	9.990818e+01	5.422363e+00	5.124340e+00	2.980233e-01	2.413158e+00	-2.706720e-03	-1.929128e-04	3.664468e-05	-1.745905e-04	2.112351e-04
2             	7.496519e+01	3.759770e+01	3.736749e+01	6.262193e+00	3.026537e+00	3.235656e+00	-1.045592e-01	1.151091e-01	-3.187016e-01	3.447027e-03	-3.169781e-01	3.204251e-01
3             	1.159601e+02	5.091548e+01	6.504459e+01	-1.021413e+02	-7.850877e+01	-2.363253e+01	-2.743812e+01	-7.064553e+00	7.173552e-01	2.390621e-02	7.293083e-01	-7.054021e-01
4             	9.209636e+00	-5.283007e+00	1.449264e+01	-1.073529e+02	-7.430592e+01	-3.304695e+01	-2.062949e+01	-9.887825e+00	-1.280925e+00	-9.163350e-02	-1.326741e+00	1.235108e+00
5             	2.525897e+01	1.789173e+00	2.346979e+01	-1.527978e+02	-8.600153e+01	-6.679623e+01	-9.602649e+00	-1.084031e+01	2.965981e+00	-8.902005e-02	2.921471e+00	-3.010491e+00
6             	7.319121e+01	2.499164e+01	4.819958e+01	-1.596123e+02	-7.932422e+01	-8.028809e+01	4.819330e-01	-1.160397e+01	4.734281e+00	-4.742400e-02	4.710569e+00	-4.757993e+00
7             	9.936770e+01	3.962412e+01	5.974358e+01	-1.312298e+02	-5.990714e+01	-7.132262e+01	5.707741e+00	-1.005973e+01	4.120668e+00	-3.653699e-02	4.102399e+00	-4.138936e+00
8             	9.189228e+01	3.735819e+01	5.453409e+01	-1.002169e+02	-4.548522e+01	-5.473168e+01	4.623228e+00	-8.587955e+00	2.946433e+00	-2.925176e-02	2.931807e+00	-2.961059e+00
9             	7.158935e+01	2.635886e+01	4.523049e+01	-6.495811e+01	-3.121305e+01	-3.374506e+01	1.266009e+00	-9.435811e+00	4.051223e+00	-4.859969e-02	4.026923e+00	-4.075522e+00
10            	4.926981e+01	1.466036e+01	3.460945e+01	-3.100040e+01	-1.700215e+01	-1.399825e+01	-1.501953e+00	-9.974546e+00	3.440736e+00	-2.039949e-02	3.430536e+00	-3.450936e+00
11            	2.497814e+01	3.507158e+00	2.147098e+01	-8.333079e+00	-7.223662e+00	-1.109417e+00	-3.057122e+00	-8.981910e+00	1.838341e+00	-5.710304e-03	1.835486e+00	-1.841197e+00
12            	4.975695e+00	-4.004986e+00	8.980681e+00	3.032201e+00	-2.175357e+00	5.207558e+00	-3.691457e+00	-6.492834e+00	8.897939e-01	-4.718206e-03	8.874348e-01	-8.921530e-01
13            	-8.270142e+00	-8.569547e+00	2.994047e-01	4.091002e+00	-1.922606e+00	6.013608e+00	-3.968107e+00	-4.434476e+00	5.855100e-01	2.802476e-04	5.856501e-01	-5.853698e-01
14            	-1.464375e+01	-1.057697e+01	-4.066785e+00	-1.001089e+00	-4.745459e+00	3.744370e+00	-4.244915e+00	-3.255091e+00	1.262174e+00	6.938031e-03	1.265643e+00	-1.258705e+00
15            	-1.194876e+01	-8.356149e+00	-3.592615e+00	-5.674331e+00	-6.692945e+00	1.018614e+00	-3.855779e+00	-2.381767e+00	7.619847e-01	1.538579e-02	7.696776e-01	-7.542918e-01
16            	-5.357540e+00	-4.937929e+00	-4.196107e-01	-8.832556e+00	-7.363056e+00	-1.469501e+00	-2.946778e+00	-2.259159e+00	6.383803e-01	2.856843e-02	6.526645e-01	-6.240961e-01
17            	-1.811271e+00	-3.199889e+00	1.388619e+00	-9.880222e+00	-6.886524e+00	-2.993699e+00	-1.946412e+00	-2.294254e+00	-1.093103e-01	3.884039e-02	-8.989008e-02	1.287305e-01
18            	-7.508468e-01	-1.672187e+00	9.213401e-01	-8.229348e+00	-5.195823e+00	-3.033525e+00	-1.081149e+00	-1.296764e+00	-5.921239e-02	3.917412e-02	-3.962533e-02	7.879945e-02
19            	-1.110833e+00	-1.005362e+00	-1.054709e-01	-6.223483e+00	-3.647955e+00	-2.575528e+00	-5.362132e-01	-4.499455e-01	5.961148e-01	3.635480e-02	6.142922e-01	-5.779374e-01
20            	-1.669858e+00	3.634287e-01	-2.033287e+00	-4.764981e+00	-2.520687e+00	-2.244295e+00	-1.381960e-01	1.198358e+00	2.964161e-01	3.094860e-02	3.118904e-01	-2.809418e-01
21            	-1.933192e+00	3.896989e-01	-2.322891e+00	-3.923870e+00	-1.924545e+00	-1.999325e+00	3.738992e-02	1.356295e+00	-5.559512e-01	2.242670e-02	-5.447378e-01	5.671645e-01
22            	-1.900443e+00	7.574582e-02	-1.976189e+00	-3.194153e+00	-1.530069e+00	-1.664084e+00	6.700713e-02	1.025967e+00	-1.012631e+00	1.174926e-02	-1.006756e+00	1.018505e+00
23            	-1.665598e+00	-3.123110e-01	-1.353287e+00	-2.705341e+00	-1.323648e+00	-1.381693e+00	2.902251e-02	5.204882e-01	-1.345174e+00	2.728259e-03	-1.343810e+00	1.346538e+00
24            	-1.140267e+00	-3.118208e-01	-8.284465e-01	-2.330912e+00	-1.227156e+00	-1.103756e+00	-6.170033e-02	2.583128e-01	-1.390210e+00	-1.419332e-03	-1.390919e+00	1.389500e+00
25            	-5.948865e-01	-3.203150e-01	-2.745715e-01	-1.998140e+00	-1.140569e+00	-8.575703e-01	-1.414994e-01	-2.287172e-02	-1.232390e+00	-1.827184e-03	-1.233303e+00	1.231476e+00
26            	8.340137e-03	-1.377419e-01	1.460821e-01	-1.698825e+00	-1.032187e+00	-6.666384e-01	-1.827741e-01	-1.419120e-01	-1.168097e+00	1.015144e-04	-1.168046e+00	1.168148e+00
27            	5.685654e-01	1.519660e-01	4.165994e-01	-1.395743e+00	-8.922678e-01	-5.034754e-01	-1.943962e-01	-1.323167e-01	-9.566711e-01	2.578222e-03	-9.553820e-01	9.579602e-01
28            	1.060524e+00	5.323875e-01	5.281365e-01	-1.114937e+00	-7.393845e-01	-3.755524e-01	-1.819161e-01	2.125487e-03	-7.341332e-01	4.939023e-03	-7.316637e-01	7.366027e-01
29            	1.519866e+00	9.705501e-01	5.493158e-01	-8.961992e-01	-6.051916e-01	-2.910076e-01	-1.570920e-01	2.106171e-01	-5.542923e-01	8.993277e-03	-5.497957e-01	5.587889e-01
30            	1.969493e+00	1.397170e+00	5.723234e-01	-7.301772e-01	-4.941559e-01	-2.360213e-01	-1.290673e-01	4.124233e-01	-5.850389e-01	1.313717e-02	-5.784704e-01	5.916075e-01
31            	2.383998e+00	1.629963e+00	7.540354e-01	-6.537343e-01	-4.282589e-01	-2.254754e-01	-1.013918e-01	4.379637e-01	-6.533545e-01	1.568104e-02	-6.455140e-01	6.611950e-01
32            	2.749896e+00	1.635473e+00	1.114424e+00	-6.693225e-01	-3.998379e-01	-2.694846e-01	-6.517662e-02	2.605243e-01	-6.771281e-01	1.779088e-02	-6.682327e-01	6.860236e-01
33            	2.986434e+00	1.519506e+00	1.466928e+00	-8.278564e-01	-4.350685e-01	-3.927879e-01	-2.114029e-02	2.628932e-02	-6.183760e-01	2.058935e-02	-6.080813e-01	6.286707e-01
34            	3.076221e+00	1.340939e+00	1.735282e+00	-1.124083e+00	-5.367394e-01	-5.873439e-01	2.530225e-02	-1.971720e-01	-3.663559e-01	2.378012e-02	-3.544658e-01	3.782459e-01
35            	3.067720e+00	1.176116e+00	1.891603e+00	-1.510152e+00	-6.942438e-01	-8.159087e-01	6.083244e-02	-3.577436e-01	-2.775276e-03	2.597789e-02	1.021367e-02	1.576422e-02
36            	3.010882e+00	1.072797e+00	1.938086e+00	-1.882795e+00	-8.617906e-01	-1.021004e+00	7.960684e-02	-4.326444e-01	3.834129e-01	2.763139e-02	3.972286e-01	-3.695972e-01
37            	2.915194e+00	1.097963e+00	1.817230e+00	-2.178087e+00	-1.011986e+00	-1.166101e+00	7.705779e-02	-3.596335e-01	7.729406e-01	2.888619e-02	7.873837e-01	-7.584975e-01
38            	2.764503e+00	1.280204e+00	1.484298e+00	-2.358206e+00	-1.117927e+00	-1.240279e+00	6.117619e-02	-1.020470e-01	1.202957e+00	2.989326e-02	1.217903e+00	-1.188010e+00
39            	2.534030e+00	1.733861e+00	8.001685e-01	-2.446934e+00	-1.184238e+00	-1.262696e+00	3.922902e-02	4.668463e-01	1.601136e+00	3.056007e-02	1.616416e+00	-1.585856e+00
40            	2.228404e+00	2.374845e+00	-1.464412e-01	-2.459659e+00	-1.212356e+00	-1.247303e+00	1.747314e-02	1.260643e+00	1.904616e+00	3.108691e-02	1.920159e+00	-1.889072e+00
41            	1.874370e+00	3.085137e+00	-1.210768e+00	-2.422365e+00	-1.209736e+00	-1.212628e+00	1.445878e-03	2.147952e+00	2.062504e+00	3.136290e-02	2.078185e+00	-2.046822e+00
42            	1.524537e+00	3.739939e+00	-2.215402e+00	-2.371054e+00	-1.193131e+00	-1.177924e+00	-7.603648e-03	2.977671e+00	1.989456e+00	3.095163e-02	2.004932e+00	-1.973980e+00
43            	1.220514e+00	4.206982e+00	-2.986468e+00	-2.325172e+00	-1.173179e+00	-1.151993e+00	-1.059305e-02	3.596725e+00	1.734997e+00	3.054850e-02	1.750272e+00	-1.719723e+00
44            	9.702724e-01	4.433091e+00	-3.462819e+00	-2.278444e+00	-1.148480e+00	-1.129964e+00	-9.257938e-03	3.947955e+00	1.400754e+00	3.063543e-02	1.416072e+00	-1.385436e+00
45            	7.815767e-01	4.389337e+00	-3.607760e+00	-2.206302e+00	-1.107973e+00	-1.098330e+00	-4.821685e-03	3.998548e+00	1.035161e+00	3.053523e-02	1.050429e+00	-1.019893e+00
46            	6.572574e-01	4.045657e+00	-3.388400e+00	-2.084603e+00	-1.040448e+00	-1.044155e+00	1.853768e-03	3.717029e+00	6.876236e-01	3.053139e-02	7.028893e-01	-6.723579e-01
47            	5.933752e-01	3.420119e+00	-2.826743e+00	-1.905947e+00	-9.435118e-01	-9.624347e-01	9.461451e-03	3.123431e+00	3.973995e-01	2.973303e-02	4.122660e-01	-3.825330e-01
48            	5.727304e-01	2.596108e+00	-2.023377e+00	-1.684681e+00	-8.246321e-01	-8.600489e-01	1.770838e-02	2.309743e+00	1.908332e-01	2.884194e-02	2.052541e-01	-1.764122e-01
49            	5.979516e-01	1.691084e+00	-1.093132e+00	-1.444874e+00	-6.975226e-01	-7.473516e-01	2.491449e-02	1.392108e+00	5.459827e-02	2.760655e-02	6.840154e-02	-4.079500e-02
50            	6.650157e-01	8.720228e-01	-2.070071e-01	-1.240913e+00	-5.918252e-01	-6.490879e-01	2.863130e-02	5.395150e-01	-1.783344e-02	2.609858e-02	-4.784147e-03	3.088273e-02
51            	7.518829e-01	2.285920e-01	5.232909e-01	-1.089103e+00	-5.160146e-01	-5.730886e-01	2.853700e-02	-1.473495e-01	4.792043e-03	2.421215e-02	1.689812e-02	7.314030e-03
52            	8.365419e-01	-1.991437e-01	1.035686e+00	-9.743906e-01	-4.624932e-01	-5.118974e-01	2.470207e-02	-6.174146e-01	1.029385e-01	2.184106e-02	1.138590e-01	-9.201796e-02
53            	9.054517e-01	-3.993327e-01	1.304784e+00	-8.726924e-01	-4.186977e-01	-4.539947e-01	1.764848e-02	-8.520585e-01	2.361100e-01	1.898847e-02	2.456043e-01	-2.266158e-01
54            	9.509963e-01	-3.984662e-01	1.349463e+00	-7.717386e-01	-3.760144e-01	-3.957242e-01	9.854870e-03	-8.739644e-01	3.735968e-01	1.586203e-02	3.815278e-01	-3.656658e-01
55            	9.735087e-01	-2.516266e-01	1.225135e+00	-6.803767e-01	-3.367201e-01	-3.436567e-01	3.468301e-03	-7.383809e-01	4.770647e-01	1.259193e-02	4.833607e-01	-4.707688e-01
56            	9.782089e-01	-9.922640e-03	9.881316e-01	-5.929360e-01	-2.964374e-01	-2.964986e-01	3.058549e-05	-4.990271e-01	5.352920e-01	9.167335e-03	5.398756e-01	-5.307083e-01
57            	9.703876e-01	2.893551e-01	6.810325e-01	-5.217188e-01	-2.617775e-01	-2.599413e-01	-9.180555e-04	-1.958387e-01	5.599019e-01	5.733810e-03	5.627688e-01	-5.570350e-01
58            	9.553982e-01	6.028415e-01	3.525567e-01	-4.745742e-01	-2.377510e-01	-2.368232e-01	-4.639059e-04	1.251424e-01	5.658055e-01	2.743896e-03	5.671774e-01	-5.644335e-01
59            	9.360044e-01	8.960831e-01	3.992136e-02	-4.529201e-01	-2.261923e-01	-2.267278e-01	2.677304e-04	4.280809e-01	5.612964e-01	3.390014e-04	5.614659e-01	-5.611269e-01
60            	9.138027e-01	1.136699e+00	-2.228962e-01	-4.518875e-01	-2.255001e-01	-2.263874e-01	4.436325e-04	6.797976e-01	5.517839e-01	-1.340095e-03	5.511139e-01	-5.524540e-01
61            	8.925558e-01	1.304016e+00	-4.114598e-01	-4.641954e-01	-2.326025e-01	-2.315929e-01	-5.047819e-04	8.577377e-01	5.411177e-01	-2.310366e-03	5.399625e-01	-5.422729e-01
62            	8.743199e-01	1.392770e+00	-5.184499e-01	-4.840711e-01	-2.443261e-01	-2.397450e-01	-2.290557e-03	9.556098e-01	5.240860e-01	-2.754154e-03	5.227089e-01	-5.254631e-01
63            	8.599673e-01	1.407593e+00	-5.476256e-01	-5.061195e-01	-2.573490e-01	-2.487705e-01	-4.289262e-03	9.776092e-01	4.970400e-01	-2.777022e-03	4.956515e-01	-4.984285e-01
64            	8.481084e-01	1.359608e+00	-5.114997e-01	-5.245122e-01	-2.682089e-01	-2.563034e-01	-5.952755e-03	9.355539e-01	4.656116e-01	-2.592962e-03	4.643151e-01	-4.669081e-01
65            	8.362267e-01	1.259367e+00	-4.231400e-01	-5.333546e-01	-2.736531e-01	-2.597015e-01	-6.975796e-03	8.412534e-01	4.322914e-01	-2.304374e-03	4.311393e-01	-4.334436e-01
66            	8.229323e-01	1.121732e+00	-2.987994e-01	-5.274678e-01	-2.705369e-01	-2.569309e-01	-6.802990e-03	7.102656e-01	3.981980e-01	-1.971661e-03	3.972122e-01	-3.991838e-01
67            	8.091530e-01	9.658486e-01	-1.566955e-01	-5.034751e-01	-2.566106e-01	-2.468644e-01	-4.873095e-03	5.612721e-01	3.667182e-01	-1.644318e-03	3.658961e-01	-3.675404e-01
68            	7.948716e-01	8.084680e-01	-1.359646e-02	-4.608551e-01	-2.316294e-01	-2.292258e-01	-1.201809e-03	4.110323e-01	3.372347e-01	-1.346765e-03	3.365613e-01	-3.379081e-01
69            	7.800239e-01	6.630448e-01	1.169791e-01	-4.030186e-01	-1.980150e-01	-2.050036e-01	3.494270e-03	2.730329e-01	3.105796e-01	-1.095320e-03	3.100319e-01	-3.111272e-01
70            	7.641342e-01	5.383758e-01	2.257583e-01	-3.369595e-01	-1.597927e-01	-1.771669e-01	8.687097e-03	1.563088e-01	2.848966e-01	-8.907530e-04	2.844512e-01	-2.853420e-01
71            	7.469008e-01	4.388876e-01	3.080132e-01	-2.710458e-01	-1.218948e-01	-1.491509e-01	1.362806e-02	6.543720e-02	2.608944e-01	-6.927119e-04	2.605480e-01	-2.612408e-01
72            	7.298008e-01	3.657520e-01	3.640487e-01	-2.135797e-01	-8.923289e-02	-1.243468e-01	1.755694e-02	8.516553e-04	2.378555e-01	-4.458173e-04	2.376326e-01	-2.380784e-01
73            	7.150085e-01	3.183373e-01	3.966712e-01	-1.715605e-01	-6.593813e-02	-1.056223e-01	1.984210e-02	-3.916698e-02	2.174481e-01	-1.714723e-04	2.173623e-01	-2.175338e-01
74            	7.035772e-01	2.933371e-01	4.102401e-01	-1.488731e-01	-5.434288e-02	-9.453022e-02	2.009367e-02	-5.845153e-02	2.009861e-01	9.584305e-05	2.010340e-01	-2.009382e-01
75            	6.948777e-01	2.858362e-01	4.090415e-01	-1.454514e-01	-5.451229e-02	-9.093913e-02	1.821342e-02	-6.160264e-02	1.872659e-01	3.165322e-04	1.874242e-01	-1.871077e-01
76            	6.886741e-01	2.941413e-01	3.945327e-01	-1.593478e-01	-6.505669e-02	-9.429106e-02	1.461718e-02	-5.019569e-02	1.766600e-01	4.609579e-04	1.768905e-01	-1.764295e-01
77            	6.835524e-01	3.124806e-01	3.710717e-01	-1.848946e-01	-8.234556e-02	-1.025490e-01	1.010172e-02	-2.929555e-02	1.677800e-01	5.178334e-04	1.680389e-01	-1.675211e-01
78            	6.777696e-01	3.337818e-01	3.439878e-01	-2.152226e-01	-1.019208e-01	-1.133018e-01	5.690487e-03	-5.102987e-03	1.573732e-01	5.044314e-04	1.576254e-01	-1.571210e-01
79            	6.707241e-01	3.524494e-01	3.182747e-01	-2.430739e-01	-1.191675e-01	-1.239064e-01	2.369452e-03	1.708736e-02	1.424278e-01	4.574641e-04	1.426565e-01	-1.421991e-01
80            	6.632007e-01	3.632536e-01	2.999471e-01	-2.618220e-01	-1.301072e-01	-1.317149e-01	8.038424e-04	3.165328e-02	1.255729e-01	3.896968e-04	1.257677e-01	-1.253780e-01
81            	6.563885e-01	3.628930e-01	2.934955e-01	-2.672364e-01	-1.323683e-01	-1.348681e-01	1.249868e-03	3.469873e-02	1.118812e-01	2.944954e-04	1.120285e-01	-1.117340e-01
82            	6.513327e-01	3.500870e-01	3.012457e-01	-2.590340e-01	-1.260547e-01	-1.329793e-01	3.462326e-03	2.442062e-02	1.041187e-01	1.663014e-04	1.042019e-01	-1.040356e-01
83            	6.480944e-01	3.256515e-01	3.224429e-01	-2.399761e-01	-1.130915e-01	-1.268846e-01	6.896516e-03	1.604261e-03	1.001961e-01	1.973111e-05	1.002059e-01	-1.001862e-01
84            	6.469956e-01	2.929120e-01	3.540836e-01	-2.141950e-01	-9.615769e-02	-1.180373e-01	1.093979e-02	-3.058577e-02	9.921628e-02	-1.198440e-04	9.915636e-02	-9.927620e-02
85            	6.453033e-01	2.606731e-01	3.846302e-01	-1.889043e-01	-8.014020e-02	-1.087641e-01	1.431194e-02	-6.197854e-02	9.731254e-02	-2.130134e-04	9.720603e-02	-9.741904e-02
86            	6.435853e-01	2.375711e-01	4.060141e-01	-1.705397e-01	-6.900404e-02	-1.015356e-01	1.626579e-02	-8.422150e-02	9.270931e-02	-2.297131e-04	9.259445e-02	-9.282416e-02
87            	6.431359e-01	2.325905e-01	4.105454e-01	-1.646001e-01	-6.595658e-02	-9.864355e-02	1.634348e-02	-8.897743e-02	8.787533e-02	-1.959048e-04	8.777738e-02	-8.797329e-02
88            	6.448919e-01	2.504644e-01	3.944274e-01	-1.732296e-01	-7.202481e-02	-1.012048e-01	1.459001e-02	-7.198150e-02	8.548762e-02	-1.433579e-04	8.541594e-02	-8.555930e-02
89            	6.482804e-01	2.927613e-01	3.555192e-01	-1.959951e-01	-8.660155e-02	-1.093936e-01	1.139603e-02	-3.137897e-02	8.233424e-02	-4.407188e-05	8.231220e-02	-8.235628e-02
90            	6.517912e-01	3.479552e-01	3.038360e-01	-2.274003e-01	-1.061944e-01	-1.212060e-01	7.505810e-03	2.205961e-02	7.990099e-02	8.893933e-05	7.994546e-02	-7.985652e-02
91            	6.540024e-01	4.029958e-01	2.510067e-01	-2.606050e-01	-1.265320e-01	-1.340730e-01	3.770495e-03	7.599454e-02	7.625600e-02	2.430839e-04	7.637754e-02	-7.613446e-02
92            	6.550008e-01	4.442571e-01	2.107437e-01	-2.875411e-01	-1.425128e-01	-1.450283e-01	1.257765e-03	1.167567e-01	7.028916e-02	4.026573e-04	7.049049e-02	-7.008783e-02
93            	6.556668e-01	4.598842e-01	1.957827e-01	-3.005448e-01	-1.494598e-01	-1.510850e-01	8.126028e-04	1.320507e-01	6.416813e-02	5.225260e-04	6.442939e-02	-6.390687e-02
94            	6.574176e-01	4.430506e-01	2.143671e-01	-2.953709e-01	-1.449902e-01	-1.503808e-01	2.695307e-03	1.143417e-01	6.012991e-02	5.937377e-04	6.042678e-02	-5.983304e-02
95            	6.606984e-01	3.939455e-01	2.667529e-01	-2.726348e-01	-1.299302e-01	-1.427045e-01	6.387146e-03	6.359628e-02	5.811776e-02	6.042185e-04	5.841987e-02	-5.781565e-02
96            	6.639852e-01	3.219205e-01	3.420647e-01	-2.380115e-01	-1.081340e-01	-1.298774e-01	1.087169e-02	-1.007214e-02	5.802699e-02	5.830587e-04	5.831852e-02	-5.773546e-02
97            	6.657144e-01	2.428531e-01	4.228614e-01	-2.003594e-01	-8.526301e-02	-1.150964e-01	1.491670e-02	-9.000417e-02	5.816666e-02	5.620143e-04	5.844767e-02	-5.788565e-02
98            	6.668297e-01	1.757579e-01	4.910717e-01	-1.700591e-01	-6.772631e-02	-1.023328e-01	1.730324e-02	-1.576569e-01	5.750265e-02	5.550862e-04	5.778019e-02	-5.722510e-02
99            	6.700202e-01	1.381119e-01	5.319083e-01	-1.559420e-01	-6.063813e-02	-9.530389e-02	1.733288e-02	-1.968982e-01	5.993013e-02	5.424843e-04	6.020137e-02	-5.965889e-02
100           	6.767599e-01	1.409150e-01	5.358450e-01	-1.619428e-01	-6.584669e-02	-9.609607e-02	1.512469e-02	-1.974650e-01	6.639322e-02	5.217897e-04	6.665412e-02	-6.613233e-02
101           	6.848314e-01	1.850637e-01	4.997678e-01	-1.866985e-01	-8.201272e-02	-1.046857e-01	1.133651e-02	-1.573520e-01	7.327571e-02	5.150465e-04	7.353323e-02	-7.301819e-02
102           	6.905736e-01	2.603314e-01	4.302422e-01	-2.234904e-01	-1.049166e-01	-1.185738e-01	6.828641e-03	-8.495537e-02	7.775623e-02	5.437864e-04	7.802813e-02	-7.748434e-02
103           	6.920906e-01	3.501374e-01	3.419532e-01	-2.623154e-01	-1.284726e-01	-1.338428e-01	2.685130e-03	4.092114e-03	7.735271e-02	6.023149e-04	7.765386e-02	-7.705155e-02
104           	6.910417e-01	4.369953e-01	2.540463e-01	-2.917075e-01	-1.456809e-01	-1.460266e-01	1.728282e-04	9.147452e-02	7.317470e-02	6.914582e-04	7.352043e-02	-7.282897e-02
105           	6.909407e-01	5.060684e-01	1.848724e-01	-3.029994e-01	-1.513828e-01	-1.516166e-01	1.168880e-04	1.605980e-01	6.972218e-02	8.058425e-04	7.012510e-02	-6.931926e-02
106           	6.924294e-01	5.449797e-01	1.474497e-01	-2.932779e-01	-1.443297e-01	-1.489482e-01	2.309249e-03	1.987650e-01	6.778436e-02	9.294637e-04	6.824910e-02	-6.731963e-02
107           	6.938118e-01	5.450852e-01	1.487266e-01	-2.655109e-01	-1.268413e-01	-1.386696e-01	5.914190e-03	1.981793e-01	6.535635e-02	1.044554e-03	6.587863e-02	-6.483407e-02
108           	6.930376e-01	5.056947e-01	1.873429e-01	-2.276180e-01	-1.039691e-01	-1.236489e-01	9.839911e-03	1.591759e-01	6.127222e-02	1.113955e-03	6.182919e-02	-6.071524e-02
109           	6.899130e-01	4.351920e-01	2.547210e-01	-1.897127e-01	-8.198792e-02	-1.077247e-01	1.286841e-02	9.023547e-02	5.567059e-02	1.122118e-03	5.623165e-02	-5.510953e-02
110           	6.878128e-01	3.493622e-01	3.384506e-01	-1.621567e-01	-6.692906e-02	-9.522762e-02	1.414928e-02	5.455794e-03	5.139188e-02	1.068039e-03	5.192590e-02	-5.085786e-02
111           	6.894117e-01	2.661692e-01	4.232425e-01	-1.517420e-01	-6.252459e-02	-8.921738e-02	1.334640e-02	-7.853666e-02	5.122672e-02	9.586060e-04	5.170602e-02	-5.074741e-02
112           	6.938458e-01	2.012278e-01	4.926180e-01	-1.596651e-01	-6.901158e-02	-9.065354e-02	1.082098e-02	-1.456951e-01	5.464068e-02	8.056545e-04	5.504351e-02	-5.423785e-02
113           	6.979980e-01	1.667152e-01	5.312828e-01	-1.819692e-01	-8.369460e-02	-9.827462e-02	7.290012e-03	-1.822838e-01	5.950827e-02	6.361944e-04	5.982637e-02	-5.919018e-02
114           	6.999250e-01	1.681135e-01	5.318115e-01	-2.106510e-01	-1.016244e-01	-1.090265e-01	3.701041e-03	-1.818490e-01	6.378881e-02	4.658065e-04	6.402172e-02	-6.355591e-02
115           	6.996518e-01	2.033836e-01	4.962682e-01	-2.353499e-01	-1.164887e-01	-1.188612e-01	1.186280e-03	-1.464423e-01	6.579034e-02	3.005413e-04	6.594061e-02	-6.564007e-02
116           	6.987678e-01	2.637636e-01	4.350042e-01	-2.464297e-01	-1.225234e-01	-1.239063e-01	6.914698e-04	-8.562027e-02	6.558020e-02	1.575339e-04	6.565897e-02	-6.550143e-02
117           	6.984338e-01	3.373310e-01	3.611028e-01	-2.398144e-01	-1.174780e-01	-1.223363e-01	2.429136e-03	-1.188590e-02	6.423356e-02	7.049976e-05	6.426881e-02	-6.419831e-02
118           	6.973804e-01	4.093170e-01	2.880633e-01	-2.181260e-01	-1.034744e-01	-1.146517e-01	5.588645e-03	6.062683e-02	6.042707e-02	4.268332e-05	6.044841e-02	-6.040573e-02
119           	6.948803e-01	4.653019e-01	2.295784e-01	-1.890768e-01	-8.556751e-02	-1.035093e-01	8.970908e-03	1.178617e-01	5.206181e-02	6.003099e-05	5.209182e-02	-5.203179e-02
120           	6.919556e-01	4.961139e-01	1.958417e-01	-1.624718e-01	-6.983140e-02	-9.264042e-02	1.140451e-02	1.501361e-01	4.011725e-02	9.255576e-05	4.016353e-02	-4.007098e-02
121           	6.910669e-01	5.006089e-01	1.904580e-01	-1.478331e-01	-6.192137e-02	-8.591171e-02	1.199517e-02	1.550754e-01	2.735068e-02	1.479715e-04	2.742467e-02	-2.727669e-02
122           	6.930473e-01	4.816392e-01	2.114081e-01	-1.508869e-01	-6.506373e-02	-8.582319e-02	1.037973e-02	1.351155e-01	1.782129e-02	2.198381e-04	1.793121e-02	-1.771137e-02
123           	6.965651e-01	4.440092e-01	2.525559e-01	-1.709076e-01	-7.832831e-02	-9.257934e-02	7.125516e-03	9.572662e-02	1.241384e-02	2.820345e-04	1.255485e-02	-1.227282e-02
124           	6.993389e-01	3.975636e-01	3.017753e-01	-2.007276e-01	-9.691400e-02	-1.038136e-01	3.449775e-03	4.789417e-02	9.925985e-03	2.922524e-04	1.007211e-02	-9.779858e-03
125           	7.006901e-01	3.564179e-01	3.442722e-01	-2.291392e-01	-1.139475e-01	-1.151917e-01	6.220975e-04	6.072826e-03	9.090967e-03	2.335065e-04	9.207720e-03	-8.974214e-03
126           	7.017828e-01	3.293087e-01	3.724742e-01	-2.451851e-01	-1.229087e-01	-1.222764e-01	-3.161739e-04	-2.158276e-02	7.701474e-03	1.175308e-04	7.760240e-03	-7.642709e-03
127           	7.032708e-01	3.160627e-01	3.872081e-01	-2.423416e-01	-1.200037e-01	-1.223379e-01	1.167101e-03	-3.557267e-02	6.834761e-03	-2.580045e-05	6.821861e-03	-6.847662e-03
128           	7.037581e-01	3.117542e-01	3.920039e-01	-2.206807e-01	-1.058530e-01	-1.148277e-01	4.487322e-03	-4.012484e-02	9.366930e-03	-1.710915e-04	9.281384e-03	-9.452476e-03
129           	7.026359e-01	3.103680e-01	3.922679e-01	-1.869136e-01	-8.509076e-02	-1.018229e-01	8.366057e-03	-4.094996e-02	1.397916e-02	-3.139028e-04	1.382221e-02	-1.413611e-02
130           	7.008020e-01	3.055225e-01	3.952795e-01	-1.519988e-01	-6.445530e-02	-8.754354e-02	1.154412e-02	-4.487852e-02	1.753623e-02	-4.723582e-04	1.730005e-02	-1.777241e-02
131           	7.005959e-01	2.981682e-01	4.024277e-01	-1.264920e-01	-5.011047e-02	-7.638155e-02	1.313554e-02	-5.212974e-02	1.668526e-02	-6.059206e-04	1.638230e-02	-1.698822e-02
132           	7.029197e-01	2.956346e-01	4.072851e-01	-1.174613e-01	-4.607392e-02	-7.138737e-02	1.265672e-02	-5.582521e-02	1.126842e-02	-6.947655e-04	1.092104e-02	-1.161580e-02
133           	7.060102e-01	3.052036e-01	4.008065e-01	-1.271051e-01	-5.331783e-02	-7.378723e-02	1.023470e-02	-4.780145e-02	5.377317e-03	-7.251948e-04	5.014719e-03	-5.739914e-03
134           	7.079464e-01	3.321901e-01	3.757563e-01	-1.518924e-01	-6.928607e-02	-8.260634e-02	6.660135e-03	-2.178310e-02	9.089906e-04	-7.147030e-04	5.516391e-04	-1.266342e-03
135           	7.081807e-01	3.794830e-01	3.286977e-01	-1.836332e-01	-8.886958e-02	-9.476362e-02	2.947018e-03	2.539264e-02	-2.264214e-03	-6.414658e-04	-2.584946e-03	1.943481e-03
136           	7.090325e-01	4.421158e-01	2.669166e-01	-2.133339e-01	-1.064906e-01	-1.068433e-01	1.763447e-04	8.759959e-02	-6.943085e-03	-5.172992e-04	-7.201734e-03	6.684435e-03
137           	7.096026e-01	5.036612e-01	2.059415e-01	-2.330707e-01	-1.174607e-01	-1.156100e-01	-9.253504e-04	1.488599e-01	-1.040742e-02	-3.562141e-04	-1.058553e-02	1.022931e-02
138           	7.092920e-01	5.454124e-01	1.638797e-01	-2.378782e-01	-1.190640e-01	-1.188142e-01	-1.248982e-04	1.907663e-01	-8.429220e-03	-1.865264e-04	-8.522484e-03	8.335957e-03
139           	7.076886e-01	5.533795e-01	1.543090e-01	-2.276240e-01	-1.116063e-01	-1.160177e-01	2.205727e-03	1.995353e-01	-8.280300e-04	-3.734588e-05	-8.467030e-04	8.093571e-04
140           	7.054746e-01	5.213253e-01	1.841494e-01	-2.058786e-01	-9.747019e-02	-1.084084e-01	5.469125e-03	1.685879e-01	8.989882e-03	7.011822e-05	9.024941e-03	-8.954823e-03
141           	7.038596e-01	4.527123e-01	2.511473e-01	-1.784247e-01	-8.035617e-02	-9.806854e-02	8.856185e-03	1.007825e-01	1.564894e-02	1.247291e-04	1.571131e-02	-1.558658e-02
142           	7.033657e-01	3.604739e-01	3.428919e-01	-1.528613e-01	-6.508449e-02	-8.777678e-02	1.134615e-02	8.790996e-03	1.941150e-02	1.100678e-04	1.946653e-02	-1.935646e-02
143           	7.044800e-01	2.647786e-01	4.397014e-01	-1.362586e-01	-5.590585e-02	-8.035278e-02	1.222346e-02	-8.746139e-02	2.399927e-02	3.767885e-05	2.401810e-02	-2.398043e-02
144           	7.071860e-01	1.878950e-01	5.192910e-01	-1.325210e-01	-5.495195e-02	-7.756908e-02	1.130857e-02	-1.656980e-01	3.207124e-02	-6.689243e-05	3.203779e-02	-3.210469e-02
145           	7.103272e-01	1.488715e-01	5.614557e-01	-1.421682e-01	-6.238058e-02	-7.978763e-02	8.703521e-03	-2.062921e-01	4.424245e-02	-1.659015e-04	4.415950e-02	-4.432540e-02
146           	7.127343e-01	1.587992e-01	5.539351e-01	-1.620755e-01	-7.586356e-02	-8.621192e-02	5.174181e-03	-1.975679e-01	5.734557e-02	-2.493298e-04	5.722091e-02	-5.747024e-02
147           	7.138923e-01	2.163180e-01	4.975742e-01	-1.852320e-01	-9.053249e-02	-9.469953e-02	2.083520e-03	-1.406281e-01	6.906741e-02	-2.829242e-04	6.892595e-02	-6.920888e-02
148           	7.143548e-01	3.058998e-01	4.084550e-01	-2.025932e-01	-1.007181e-01	-1.018751e-01	5.784689e-04	-5.127763e-02	7.774299e-02	-2.615432e-04	7.761222e-02	-7.787376e-02
149           	7.152370e-01	4.046916e-01	3.105454e-01	-2.081752e-01	-1.031140e-01	-1.050612e-01	9.735623e-04	4.707313e-02	8.221357e-02	-1.684522e-04	8.212934e-02	-8.229779e-02
150           	7.156561e-01	4.888469e-01	2.268092e-01	-2.007115e-01	-9.728698e-02	-1.034245e-01	3.068776e-03	1.310189e-01	8.336533e-02	-1.278170e-05	8.335894e-02	-8.337172e-02
151           	7.144510e-01	5.400138e-01	1.744372e-01	-1.838402e-01	-8.593135e-02	-9.790886e-02	5.988752e-03	1.827883e-01	8.163497e-02	1.904311e-04	8.173018e-02	-8.153975e-02
152           	7.129618e-01	5.504877e-01	1.624741e-01	-1.651515e-01	-7.410255e-02	-9.104894e-02	8.473195e-03	1.940068e-01	7.978995e-02	4.053114e-04	7.999260e-02	-7.958729e-02
153           	7.130890e-01	5.243787e-01	1.887103e-01	-1.530500e-01	-6.702864e-02	-8.602136e-02	9.496361e-03	1.678342e-01	8.042986e-02	6.165681e-04	8.073814e-02	-8.012158e-02
154           	7.152141e-01	4.729091e-01	2.423050e-01	-1.529152e-01	-6.766898e-02	-8.524621e-02	8.788615e-03	1.153021e-01	8.492366e-02	7.808375e-04	8.531408e-02	-8.453324e-02
155           	7.192286e-01	4.077759e-01	3.114526e-01	-1.641504e-01	-7.527048e-02	-8.887990e-02	6.804709e-03	4.816166e-02	9.360604e-02	8.782879e-04	9.404518e-02	-9.316690e-02
156           	7.220844e-01	3.398922e-01	3.821922e-01	-1.816366e-01	-8.640033e-02	-9.523624e-02	4.417953e-03	-2.115002e-02	1.019943e-01	8.936021e-04	1.024411e-01	-1.015475e-01
157           	7.235113e-01	2.797858e-01	4.437254e-01	-1.978793e-01	-9.628403e-02	-1.015953e-01	2.655626e-03	-8.196982e-02	1.084875e-01	8.618095e-04	1.089184e-01	-1.080566e-01
158           	7.243702e-01	2.341716e-01	4.901986e-01	-2.057384e-01	-1.006300e-01	-1.051084e-01	2.239217e-03	-1.280135e-01	1.127779e-01	7.908371e-04	1.131734e-01	-1.123825e-01
159           	7.246241e-01	2.060499e-01	5.185741e-01	-2.011950e-01	-9.730409e-02	-1.038909e-01	3.293415e-03	-1.562621e-01	1.161395e-01	6.788078e-04	1.164789e-01	-1.158001e-01
160           	7.263238e-01	2.000322e-01	5.262916e-01	-1.864556e-01	-8.798512e-02	-9.847049e-02	5.242682e-03	-1.631297e-01	1.223545e-01	5.187435e-04	1.226139e-01	-1.220951e-01
161           	7.265882e-01	2.155655e-01	5.110227e-01	-1.673094e-01	-7.648427e-02	-9.082509e-02	7.170409e-03	-1.477286e-01	1.277745e-01	3.458329e-04	1.279474e-01	-1.276015e-01
162           	7.261867e-01	2.509778e-01	4.752088e-01	-1.500915e-01	-6.660044e-02	-8.349110e-02	8.445331e-03	-1.121155e-01	1.302873e-01	2.248663e-04	1.303997e-01	-1.301749e-01
163           	7.256099e-01	3.023155e-01	4.232944e-01	-1.409293e-01	-6.189621e-02	-7.903307e-02	8.568430e-03	-6.048941e-02	1.287258e-01	1.864944e-04	1.288190e-01	-1.286325e-01
164           	7.246835e-01	3.631022e-01	3.615813e-01	-1.436175e-01	-6.443714e-02	-7.918034e-02	7.371601e-03	7.604952e-04	1.233779e-01	2.109642e-04	1.234833e-01	-1.232724e-01
165           	7.256793e-01	4.259470e-01	2.997322e-01	-1.562781e-01	-7.264709e-02	-8.363097e-02	5.491936e-03	6.310741e-02	1.155670e-01	2.974546e-04	1.157158e-01	-1.154183e-01
166           	7.265961e-01	4.815369e-01	2.450591e-01	-1.732983e-01	-8.286432e-02	-9.043394e-02	3.784809e-03	1.182389e-01	1.058345e-01	4.107017e-04	1.060398e-01	-1.056291e-01
167           	7.274822e-01	5.222214e-01	2.052609e-01	-1.881175e-01	-9.120889e-02	-9.690860e-02	2.849855e-03	1.584803e-01	9.624110e-02	5.754679e-04	9.652883e-02	-9.595337e-02
168           	7.282861e-01	5.410825e-01	1.872036e-01	-1.952313e-01	-9.456696e-02	-1.006643e-01	3.048674e-03	1.769395e-01	8.962107e-02	7.702384e-04	9.000619e-02	-8.923595e-02
169           	7.279991e-01	5.336268e-01	1.943724e-01	-1.925338e-01	-9.201920e-02	-1.005146e-01	4.247708e-03	1.696272e-01	8.839443e-02	9.469483e-04	8.886790e-02	-8.792095e-02
170           	7.275491e-01	5.000216e-01	2.275275e-01	-1.827151e-01	-8.554401e-02	-9.717105e-02	5.813523e-03	1.362470e-01	9.205680e-02	1.057549e-03	9.258558e-02	-9.152803e-02
171           	7.265986e-01	4.425844e-01	2.840142e-01	-1.714204e-01	-7.869505e-02	-9.272533e-02	7.015141e-03	7.928509e-02	9.707796e-02	1.088994e-03	9.762246e-02	-9.653347e-02
172           	7.261938e-01	3.683937e-01	3.578001e-01	-1.637048e-01	-7.428106e-02	-8.942379e-02	7.571367e-03	5.296818e-03	1.010314e-01	1.021332e-03	1.015421e-01	-1.005208e-01
173           	7.271884e-01	2.893059e-01	4.378825e-01	-1.622779e-01	-7.381489e-02	-8.846301e-02	7.324063e-03	-7.428832e-02	1.034925e-01	8.690343e-04	1.039270e-01	-1.030580e-01
174           	7.284841e-01	2.186952e-01	5.097889e-01	-1.668175e-01	-7.704811e-02	-8.976942e-02	6.360654e-03	-1.455468e-01	1.054982e-01	6.617131e-04	1.058291e-01	-1.051674e-01
175           	7.297771e-01	1.714148e-01	5.583624e-01	-1.744490e-01	-8.209642e-02	-9.235262e-02	5.128101e-03	-1.934738e-01	1.084794e-01	4.490541e-04	1.087039e-01	-1.082548e-01
176           	7.306210e-01	1.599987e-01	5.706223e-01	-1.805231e-01	-8.605968e-02	-9.446346e-02	4.201886e-03	-2.053118e-01	1.138890e-01	2.432817e-04	1.140106e-01	-1.137673e-01
177           	7.308695e-01	1.898262e-01	5.410433e-01	-1.811479e-01	-8.663141e-02	-9.451650e-02	3.942549e-03	-1.756086e-01	1.202609e-01	8.315982e-05	1.203024e-01	-1.202193e-01
178           	7.311933e-01	2.567555e-01	4.744377e-01	-1.753337e-01	-8.321522e-02	-9.211851e-02	4.451644e-03	-1.088411e-01	1.251524e-01	-3.354841e-05	1.251357e-01	-1.251692e-01
179           	7.306633e-01	3.475131e-01	3.831502e-01	-1.648883e-01	-7.693068e-02	-8.795762e-02	5.513469e-03	-1.781854e-02	1.271132e-01	-8.312891e-05	1.270717e-01	-1.271548e-01
180           	7.291506e-01	4.439284e-01	2.852222e-01	-1.537190e-01	-7.018976e-02	-8.352925e-02	6.669745e-03	7.935309e-02	1.249616e-01	-5.853824e-05	1.249323e-01	-1.249908e-01
181           	7.274795e-01	5.277418e-01	1.997377e-01	-1.466409e-01	-6.588214e-02	-8.075879e-02	7.438326e-03	1.640021e-01	1.186785e-01	4.075077e-05	1.186989e-01	-1.186582e-01
182           	7.265890e-01	5.835747e-01	1.430143e-01	-1.471197e-01	-6.600608e-02	-8.111365e-02	7.553784e-03	2.202802e-01	1.101867e-01	1.899233e-04	1.102817e-01	-1.100918e-01
183           	7.263857e-01	6.013360e-01	1.250498e-01	-1.559094e-01	-7.102964e-02	-8.487972e-02	6.925040e-03	2.381431e-01	1.027500e-01	3.656309e-04	1.029328e-01	-1.025671e-01
184           	7.262283e-01	5.782593e-01	1.479691e-01	-1.709540e-01	-7.977138e-02	-9.118263e-02	5.705622e-03	2.151451e-01	9.972340e-02	5.365735e-04	9.999168e-02	-9.945511e-02
185           	7.256459e-01	5.197856e-01	2.058603e-01	-1.877065e-01	-8.950873e-02	-9.819775e-02	4.344511e-03	1.569627e-01	1.019254e-01	6.790573e-04	1.022649e-01	-1.015858e-01
186           	7.248506e-01	4.381490e-01	2.867017e-01	-2.007872e-01	-9.698846e-02	-1.037988e-01	3.405148e-03	7.572365e-02	1.072053e-01	7.600704e-04	1.075853e-01	-1.068252e-01
187           	7.241756e-01	3.485354e-01	3.756401e-01	-2.064178e-01	-9.996580e-02	-1.064520e-01	3.243078e-03	-1.355235e-02	1.121834e-01	7.562293e-04	1.125616e-01	-1.118053e-01
188           	7.237336e-01	2.659095e-01	4.578240e-01	-2.031791e-01	-9.760106e-02	-1.055780e-01	3.988476e-03	-9.595724e-02	1.157275e-01	6.599727e-04	1.160575e-01	-1.153975e-01
189           	7.234707e-01	2.032173e-01	5.202534e-01	-1.919953e-01	-9.058841e-02	-1.014069e-01	5.409230e-03	-1.585181e-01	1.184309e-01	4.952442e-04	1.186785e-01	-1.181833e-01
190           	7.236215e-01	1.693379e-01	5.542837e-01	-1.761296e-01	-8.114031e-02	-9.498932e-02	6.924504e-03	-1.924729e-01	1.209468e-01	2.836251e-04	1.210886e-01	-1.208050e-01
191           	7.246522e-01	1.684820e-01	5.561701e-01	-1.603957e-01	-7.221703e-02	-8.817871e-02	7.980838e-03	-1.938440e-01	1.239298e-01	6.935312e-05	1.239645e-01	-1.238951e-01
192           	7.268342e-01	1.995547e-01	5.272795e-01	-1.493009e-01	-6.638708e-02	-8.291382e-02	8.263368e-03	-1.638624e-01	1.275417e-01	-1.161152e-04	1.274836e-01	-1.275997e-01
193           	7.294043e-01	2.565406e-01	4.728638e-01	-1.455083e-01	-6.507253e-02	-8.043573e-02	7.681602e-03	-1.081616e-01	1.302002e-01	-2.408807e-04	1.300797e-01	-1.303206e-01
194           	7.321399e-01	3.299174e-01	4.022225e-01	-1.492254e-01	-6.819432e-02	-8.103104e-02	6.418356e-03	-3.615258e-02	1.302873e-01	-2.962738e-04	1.301392e-01	-1.304355e-01
195           	7.347950e-01	4.075065e-01	3.272885e-01	-1.581750e-01	-7.416512e-02	-8.400990e-02	4.922386e-03	4.010901e-02	1.262315e-01	-2.605748e-04	1.261012e-01	-1.263618e-01
196           	7.369842e-01	4.777996e-01	2.591846e-01	-1.682928e-01	-8.042761e-02	-8.786522e-02	3.718802e-03	1.093075e-01	1.171126e-01	-1.640610e-04	1.170306e-01	-1.171947e-01
197           	7.387227e-01	5.328811e-01	2.058416e-01	-1.760007e-01	-8.491857e-02	-9.108208e-02	3.081757e-03	1.635197e-01	1.044984e-01	-1.365104e-05	1.044916e-01	-1.045052e-01
198           	7.397239e-01	5.669496e-01	1.727743e-01	-1.795664e-01	-8.663676e-02	-9.292961e-02	3.146423e-03	1.970877e-01	9.211536e-02	1.661035e-04	9.219842e-02	-9.203231e-02
199           	7.398639e-01	5.762200e-01	1.636439e-01	-1.786858e-01	-8.542198e-02	-9.326386e-02	3.920939e-03	2.062880e-01	8.330284e-02	3.571623e-04	8.348142e-02	-8.312426e-02
200           	7.396362e-01	5.595209e-01	1.801152e-01	-1.742586e-01	-8.201070e-02	-9.224787e-02	5.118586e-03	1.897029e-01	8.104789e-02	5.141859e-04	8.130498e-02	-8.079080e-02
201           	7.395652e-01	5.177031e-01	2.218620e-01	-1.685825e-01	-7.808000e-02	-9.050251e-02	6.211256e-03	1.479206e-01	8.468833e-02	6.319803e-04	8.500432e-02	-8.437234e-02
202           	7.400286e-01	4.534303e-01	2.865983e-01	-1.650351e-01	-7.569894e-02	-8.933619e-02	6.818626e-03	8.341599e-02	9.028322e-02	6.887961e-04	9.062762e-02	-8.993883e-02
203           	7.404729e-01	3.733040e-01	3.671689e-01	-1.654364e-01	-7.581715e-02	-8.961924e-02	6.901044e-03	3.067539e-03	9.421636e-02	6.552143e-04	9.454397e-02	-9.388876e-02
204           	7.409772e-01	2.889773e-01	4.520000e-01	-1.690826e-01	-7.803451e-02	-9.104807e-02	6.506780e-03	-8.151136e-02	9.491544e-02	5.333485e-04	9.518211e-02	-9.464876e-02
205           	7.413266e-01	2.140790e-01	5.272476e-01	-1.743705e-01	-8.149350e-02	-9.287704e-02	5.691767e-03	-1.565843e-01	9.437687e-02	3.575362e-04	9.455564e-02	-9.419810e-02
206           	7.421673e-01	1.630215e-01	5.791458e-01	-1.788828e-01	-8.454636e-02	-9.433640e-02	4.895021e-03	-2.080621e-01	9.463730e-02	1.424785e-04	9.470854e-02	-9.456606e-02
207           	7.436129e-01	1.491130e-01	5.944999e-01	-1.792530e-01	-8.505142e-02	-9.420161e-02	4.575093e-03	-2.226934e-01	9.770658e-02	-5.530284e-05	9.767893e-02	-9.773423e-02
208           	7.447739e-01	1.787977e-01	5.659762e-01	-1.732764e-01	-8.174783e-02	-9.152856e-02	4.890368e-03	-1.935893e-01	1.037376e-01	-1.910942e-04	1.036420e-01	-1.038331e-01
209           	7.455228e-01	2.485089e-01	4.970139e-01	-1.622534e-01	-7.552334e-02	-8.673011e-02	5.603382e-03	-1.242525e-01	1.085036e-01	-2.515678e-04	1.083778e-01	-1.086293e-01
210           	7.456809e-01	3.448034e-01	4.008775e-01	-1.498375e-01	-6.845684e-02	-8.138067e-02	6.461914e-03	-2.803706e-02	1.097469e-01	-2.403184e-04	1.096267e-01	-1.098671e-01
211           	7.449007e-01	4.475648e-01	2.973359e-01	-1.400892e-01	-6.301683e-02	-7.707236e-02	7.027765e-03	7.511445e-02	1.062232e-01	-1.543671e-04	1.061460e-01	-1.063004e-01
212           	7.440271e-01	5.353695e-01	2.086576e-01	-1.370619e-01	-6.157363e-02	-7.548823e-02	6.957303e-03	1.633560e-01	9.767805e-02	-3.431599e-06	9.767633e-02	-9.767976e-02
213           	7.432032e-01	5.908420e-01	1.523612e-01	-1.433572e-01	-6.552351e-02	-7.783367e-02	6.155077e-03	2.192404e-01	8.744549e-02	1.884300e-04	8.753971e-02	-8.735128e-02
214           	7.425246e-01	6.051647e-01	1.373599e-01	-1.581093e-01	-7.413754e-02	-8.397174e-02	4.917102e-03	2.339024e-01	7.863435e-02	3.909862e-04	7.882985e-02	-7.843886e-02
215           	7.416700e-01	5.787812e-01	1.628888e-01	-1.773218e-01	-8.505476e-02	-9.226700e-02	3.606123e-03	2.079462e-01	7.423085e-02	5.848539e-04	7.452328e-02	-7.393843e-02
216           	7.404382e-01	5.200331e-01	2.204051e-01	-1.954026e-01	-9.507194e-02	-1.003307e-01	2.629384e-03	1.498140e-01	7.547825e-02	7.275475e-04	7.584202e-02	-7.511447e-02
217           	7.395339e-01	4.423853e-01	2.971486e-01	-2.067946e-01	-1.010267e-01	-1.057679e-01	2.370626e-03	7.261834e-02	8.037223e-02	8.274986e-04	8.078597e-02	-7.995848e-02
218           	7.392603e-01	3.596442e-01	3.796161e-01	-2.084659e-01	-1.012098e-01	-1.072561e-01	3.023159e-03	-9.985943e-03	8.591792e-02	8.638299e-04	8.634983e-02	-8.548600e-02
219           	7.390560e-01	2.836760e-01	4.553800e-01	-2.007545e-01	-9.591341e-02	-1.048411e-01	4.463841e-03	-8.585198e-02	8.986947e-02	8.015886e-04	9.027026e-02	-8.946867e-02
220           	7.386341e-01	2.238380e-01	5.147961e-01	-1.863523e-01	-8.694426e-02	-9.940806e-02	6.231903e-03	-1.454791e-01	9.272471e-02	6.333254e-04	9.304137e-02	-9.240805e-02
221           	7.385130e-01	1.863859e-01	5.521271e-01	-1.694466e-01	-7.693492e-02	-9.251166e-02	7.788369e-03	-1.828706e-01	9.514874e-02	4.087616e-04	9.535312e-02	-9.494436e-02
222           	7.390262e-01	1.747056e-01	5.643206e-01	-1.545769e-01	-6.856922e-02	-8.600773e-02	8.719257e-03	-1.948075e-01	9.797862e-02	1.771857e-04	9.806721e-02	-9.789002e-02
223           	7.405890e-01	1.912390e-01	5.493500e-01	-1.450388e-01	-6.370724e-02	-8.133158e-02	8.812166e-03	-1.790555e-01	1.021831e-01	-8.019088e-06	1.021791e-01	-1.021871e-01
224           	7.427477e-01	2.346192e-01	5.081284e-01	-1.422354e-01	-6.306785e-02	-7.916759e-02	8.049873e-03	-1.367546e-01	1.078026e-01	-1.120180e-04	1.077466e-01	-1.078586e-01
225           	7.446318e-01	2.990893e-01	4.455425e-01	-1.457290e-01	-6.617241e-02	-7.955662e-02	6.692104e-03	-7.322658e-02	1.122184e-01	-1.236565e-04	1.121566e-01	-1.122803e-01
226           	7.461595e-01	3.757492e-01	3.704104e-01	-1.531506e-01	-7.134257e-02	-8.180806e-02	5.232748e-03	2.669387e-03	1.132470e-01	-8.202528e-05	1.132060e-01	-1.132880e-01
227           	7.475412e-01	4.531795e-01	2.943616e-01	-1.611645e-01	-7.650171e-02	-8.466283e-02	4.080561e-03	7.940893e-02	1.090259e-01	8.923949e-06	1.090304e-01	-1.090215e-01
228           	7.488417e-01	5.191803e-01	2.296613e-01	-1.674663e-01	-8.028143e-02	-8.718491e-02	3.451740e-03	1.447595e-01	9.955750e-02	1.432219e-04	9.962911e-02	-9.948589e-02
229           	7.494965e-01	5.631149e-01	1.863815e-01	-1.714759e-01	-8.236265e-02	-8.911322e-02	3.375282e-03	1.883667e-01	8.891449e-02	2.967641e-04	8.906287e-02	-8.876611e-02
230           	7.487939e-01	5.781304e-01	1.706635e-01	-1.736706e-01	-8.310719e-02	-9.056345e-02	3.728132e-03	2.037334e-01	8.152745e-02	4.514874e-04	8.175319e-02	-8.130170e-02
231           	7.471283e-01	5.617443e-01	1.853840e-01	-1.749581e-01	-8.320000e-02	-9.175806e-02	4.279032e-03	1.881802e-01	7.969772e-02	6.053824e-04	8.000041e-02	-7.939503e-02
232           	7.456364e-01	5.157054e-01	2.299310e-01	-1.765479e-01	-8.349112e-02	-9.305680e-02	4.782843e-03	1.428872e-01	8.381549e-02	7.269887e-04	8.417898e-02	-8.345199e-02
233           	7.451747e-01	4.462913e-01	2.988834e-01	-1.792644e-01	-8.453216e-02	-9.473219e-02	5.100017e-03	7.370391e-02	9.146136e-02	7.909255e-04	9.185682e-02	-9.106589e-02
234           	7.458050e-01	3.641916e-01	3.816134e-01	-1.827376e-01	-8.612071e-02	-9.661689e-02	5.248092e-03	-8.710915e-03	9.895889e-02	7.736134e-04	9.934570e-02	-9.857209e-02
235           	7.463861e-01	2.817472e-01	4.646389e-01	-1.855204e-01	-8.743786e-02	-9.808256e-02	5.322349e-03	-9.144582e-02	1.040262e-01	6.640181e-04	1.043582e-01	-1.036942e-01
236           	7.466304e-01	2.122638e-01	5.343666e-01	-1.856697e-01	-8.741149e-02	-9.825824e-02	5.423378e-03	-1.610514e-01	1.067577e-01	4.784572e-04	1.069970e-01	-1.065185e-01
237           	7.469801e-01	1.678843e-01	5.790958e-01	-1.816324e-01	-8.511089e-02	-9.652150e-02	5.705300e-03	-2.056058e-01	1.083163e-01	2.738161e-04	1.084532e-01	-1.081794e-01
238           	7.477498e-01	1.575983e-01	5.901514e-01	-1.727230e-01	-8.010778e-02	-9.261520e-02	6.253711e-03	-2.162766e-01	1.108662e-01	8.909525e-05	1.109107e-01	-1.108216e-01
239           	7.488912e-01	1.850781e-01	5.638131e-01	-1.602419e-01	-7.320859e-02	-8.703333e-02	6.912369e-03	-1.893675e-01	1.166307e-01	-4.239028e-05	1.166095e-01	-1.166519e-01
240           	7.499710e-01	2.461092e-01	5.038617e-01	-1.473311e-01	-6.623714e-02	-8.109393e-02	7.428393e-03	-1.288763e-01	1.241264e-01	-1.080078e-04	1.240724e-01	-1.241804e-01
241           	7.505696e-01	3.293291e-01	4.212406e-01	-1.376401e-01	-6.124864e-02	-7.639143e-02	7.571392e-03	-4.595575e-02	1.292435e-01	-8.879719e-05	1.291991e-01	-1.292879e-01
242           	7.509291e-01	4.185761e-01	3.323531e-01	-1.340174e-01	-5.978534e-02	-7.423207e-02	7.223363e-03	4.311150e-02	1.292434e-01	-3.805690e-06	1.292415e-01	-1.292453e-01
243           	7.513842e-01	4.964021e-01	2.549821e-01	-1.377621e-01	-6.249531e-02	-7.526681e-02	6.385752e-03	1.207100e-01	1.231236e-01	1.321757e-04	1.231897e-01	-1.230575e-01
244           	7.515520e-01	5.493063e-01	2.022457e-01	-1.481629e-01	-6.883674e-02	-7.932615e-02	5.244709e-03	1.735303e-01	1.135363e-01	2.952606e-04	1.136839e-01	-1.133886e-01
245           	7.509495e-01	5.707986e-01	1.801509e-01	-1.626997e-01	-7.725597e-02	-8.544378e-02	4.093906e-03	1.953238e-01	1.048481e-01	4.569858e-04	1.050766e-01	-1.046196e-01
246           	7.496688e-01	5.609675e-01	1.887014e-01	-1.777205e-01	-8.562081e-02	-9.209969e-02	3.239440e-03	1.861330e-01	9.985514e-02	5.974990e-04	1.001539e-01	-9.955639e-02
247           	7.480665e-01	5.242689e-01	2.237976e-01	-1.896690e-01	-9.197272e-02	-9.769633e-02	2.861809e-03	1.502357e-01	9.956219e-02	7.238761e-04	9.992413e-02	-9.920026e-02
248           	7.465381e-01	4.672224e-01	2.793156e-01	-1.964537e-01	-9.526576e-02	-1.011879e-01	2.961087e-03	9.395338e-02	1.036739e-01	8.403954e-04	1.040941e-01	-1.032537e-01
249           	7.451562e-01	3.975333e-01	3.476229e-01	-1.976071e-01	-9.531936e-02	-1.022878e-01	3.484211e-03	2.495523e-02	1.106774e-01	9.064574e-04	1.111306e-01	-1.102241e-01
250           	7.439877e-01	3.244170e-01	4.195708e-01	-1.939011e-01	-9.262118e-02	-1.012799e-01	4.329358e-03	-4.757690e-02	1.176905e-01	8.810375e-04	1.181310e-01	-1.172500e-01
251           	7.432052e-01	2.575059e-01	4.856993e-01	-1.869619e-01	-8.819514e-02	-9.876672e-02	5.285792e-03	-1.140967e-01	1.220687e-01	7.561043e-04	1.224467e-01	-1.216906e-01
252           	7.432367e-01	2.059022e-01	5.373345e-01	-1.785513e-01	-8.314034e-02	-9.541098e-02	6.135320e-03	-1.657161e-01	1.238541e-01	5.483982e-04	1.241283e-01	-1.235799e-01
253           	7.440994e-01	1.772036e-01	5.668958e-01	-1.699101e-01	-7.818188e-02	-9.172820e-02	6.773162e-03	-1.948461e-01	1.243495e-01	3.200632e-04	1.245095e-01	-1.241895e-01
254           	7.454022e-01	1.770015e-01	5.684008e-01	-1.617002e-01	-7.372136e-02	-8.797887e-02	7.128757e-03	-1.956996e-01	1.259696e-01	1.345220e-04	1.260369e-01	-1.259024e-01
255           	7.470322e-01	2.079211e-01	5.391111e-01	-1.545283e-01	-7.010695e-02	-8.442132e-02	7.157184e-03	-1.655950e-01	1.306279e-01	3.520090e-05	1.306455e-01	-1.306103e-01
256           	7.486444e-01	2.669517e-01	4.816927e-01	-1.488615e-01	-6.751088e-02	-8.135058e-02	6.919847e-03	-1.073705e-01	1.365915e-01	1.384668e-06	1.365922e-01	-1.365908e-01
257           	7.499896e-01	3.451132e-01	4.048764e-01	-1.450330e-01	-6.601177e-02	-7.902120e-02	6.504714e-03	-2.988161e-02	1.403203e-01	3.194563e-05	1.403363e-01	-1.403043e-01
258           	7.511513e-01	4.282973e-01	3.228539e-01	-1.435453e-01	-6.579742e-02	-7.774786e-02	5.975219e-03	5.272171e-02	1.392294e-01	9.941723e-05	1.392791e-01	-1.391797e-01
259           	7.517483e-01	5.007028e-01	2.510455e-01	-1.448931e-01	-6.706078e-02	-7.783236e-02	5.385786e-03	1.248286e-01	1.327431e-01	1.999395e-04	1.328430e-01	-1.326431e-01
260           	7.512994e-01	5.499295e-01	2.013698e-01	-1.493968e-01	-6.992739e-02	-7.946940e-02	4.771004e-03	1.742798e-01	1.236547e-01	3.229681e-04	1.238162e-01	-1.234932e-01
261           	7.499218e-01	5.692527e-01	1.806691e-01	-1.569002e-01	-7.423873e-02	-8.266149e-02	4.211381e-03	1.942918e-01	1.154396e-01	4.615196e-04	1.156703e-01	-1.152088e-01
262           	7.482202e-01	5.574114e-01	1.908088e-01	-1.665025e-01	-7.944271e-02	-8.705979e-02	3.808539e-03	1.833013e-01	1.107922e-01	5.933324e-04	1.110889e-01	-1.104956e-01
263           	7.466902e-01	5.175675e-01	2.291227e-01	-1.766317e-01	-8.472278e-02	-9.190896e-02	3.593091e-03	1.442224e-01	1.111475e-01	7.121830e-04	1.115036e-01	-1.107914e-01
264           	7.456083e-01	4.564461e-01	2.891623e-01	-1.854571e-01	-8.918247e-02	-9.627458e-02	3.546056e-03	8.364191e-02	1.159237e-01	8.027643e-04	1.163251e-01	-1.155223e-01
265           	7.450006e-01	3.834536e-01	3.615469e-01	-1.911322e-01	-9.184064e-02	-9.929160e-02	3.725480e-03	1.095335e-02	1.231832e-01	8.327930e-04	1.235996e-01	-1.227668e-01
266           	7.446622e-01	3.093838e-01	4.352784e-01	-1.923912e-01	-9.203666e-02	-1.003546e-01	4.158944e-03	-6.294726e-02	1.298818e-01	7.643425e-04	1.302639e-01	-1.294996e-01
267           	7.445158e-01	2.446992e-01	4.998167e-01	-1.888318e-01	-8.961753e-02	-9.921429e-02	4.798379e-03	-1.275587e-01	1.335755e-01	6.235024e-04	1.338873e-01	-1.332638e-01
268           	7.450626e-01	1.989081e-01	5.461545e-01	-1.808458e-01	-8.482674e-02	-9.601911e-02	5.596189e-03	-1.736232e-01	1.348906e-01	4.348946e-04	1.351080e-01	-1.346731e-01
269           	7.461837e-01	1.792564e-01	5.669274e-01	-1.694794e-01	-7.826446e-02	-9.121497e-02	6.475257e-03	-1.938355e-01	1.354983e-01	2.405992e-04	1.356186e-01	-1.353780e-01
270           	7.474795e-01	1.895960e-01	5.578835e-01	-1.566302e-01	-7.107482e-02	-8.555535e-02	7.240266e-03	-1.841438e-01	1.377078e-01	9.412291e-05	1.377549e-01	-1.376608e-01
271           	7.487632e-01	2.295073e-01	5.192560e-01	-1.449534e-01	-6.481621e-02	-8.013723e-02	7.660512e-03	-1.448744e-01	1.429325e-01	2.690918e-05	1.429459e-01	-1.429190e-01
272           	7.498347e-01	2.931849e-01	4.566498e-01	-1.368433e-01	-6.078150e-02	-7.606176e-02	7.640131e-03	-8.173246e-02	1.485022e-01	2.976790e-05	1.485171e-01	-1.484874e-01
273           	7.505919e-01	3.697067e-01	3.808852e-01	-1.339044e-01	-5.978585e-02	-7.411856e-02	7.166358e-03	-5.589228e-03	1.511509e-01	9.014369e-05	1.511960e-01	-1.511059e-01
274           	7.511849e-01	4.450665e-01	3.061184e-01	-1.365126e-01	-6.191462e-02	-7.459795e-02	6.341664e-03	6.947405e-02	1.489994e-01	1.955269e-04	1.490972e-01	-1.489017e-01
275           	7.511971e-01	5.057837e-01	2.454134e-01	-1.437589e-01	-6.652954e-02	-7.722939e-02	5.349926e-03	1.301851e-01	1.429291e-01	3.260927e-04	1.430921e-01	-1.427661e-01
276           	7.504051e-01	5.427971e-01	2.076080e-01	-1.540114e-01	-7.260235e-02	-8.140907e-02	4.403360e-03	1.675946e-01	1.356892e-01	4.495986e-04	1.359140e-01	-1.354644e-01
277           	7.490049e-01	5.524476e-01	1.965573e-01	-1.654701e-01	-7.906385e-02	-8.640626e-02	3.671202e-03	1.779451e-01	1.297636e-01	5.706407e-04	1.300490e-01	-1.294783e-01
278           	7.473891e-01	5.352676e-01	2.121215e-01	-1.763095e-01	-8.487983e-02	-9.142967e-02	3.274921e-03	1.615730e-01	1.269336e-01	6.860902e-04	1.272766e-01	-1.265905e-01
279           	7.457501e-01	4.944716e-01	2.512786e-01	-1.849791e-01	-8.927494e-02	-9.570419e-02	3.214623e-03	1.215965e-01	1.283168e-01	7.954253e-04	1.287145e-01	-1.279191e-01
280           	7.443090e-01	4.359266e-01	3.083824e-01	-1.904540e-01	-9.179241e-02	-9.866157e-02	3.434583e-03	6.377211e-02	1.334071e-01	8.790557e-04	1.338466e-01	-1.329675e-01
281           	7.433011e-01	3.681053e-01	3.751958e-01	-1.921013e-01	-9.213947e-02	-9.996184e-02	3.911186e-03	-3.545247e-03	1.403060e-01	9.074317e-04	1.407597e-01	-1.398523e-01
282           	7.428062e-01	3.005207e-01	4.422855e-01	-1.899951e-01	-9.045435e-02	-9.954073e-02	4.543189e-03	-7.088241e-02	1.461291e-01	8.283976e-04	1.465433e-01	-1.457149e-01
283           	7.428150e-01	2.427668e-01	5.000482e-01	-1.845561e-01	-8.705169e-02	-9.750441e-02	5.226357e-03	-1.286407e-01	1.485971e-01	6.679861e-04	1.489311e-01	-1.482631e-01
284           	7.435653e-01	2.036122e-01	5.399531e-01	-1.763338e-01	-8.223545e-02	-9.409839e-02	5.931473e-03	-1.681704e-01	1.488721e-01	4.759202e-04	1.491101e-01	-1.486341e-01
285           	7.448910e-01	1.899130e-01	5.549780e-01	-1.660095e-01	-7.638999e-02	-8.961949e-02	6.614749e-03	-1.825325e-01	1.490273e-01	3.085293e-04	1.491816e-01	-1.488731e-01
286           	7.465731e-01	2.053872e-01	5.411859e-01	-1.548425e-01	-7.029100e-02	-8.455147e-02	7.130233e-03	-1.678993e-01	1.512497e-01	1.921653e-04	1.513458e-01	-1.511536e-01
287           	7.484213e-01	2.495516e-01	4.988696e-01	-1.446636e-01	-6.500585e-02	-7.965779e-02	7.325969e-03	-1.246590e-01	1.562201e-01	1.529376e-04	1.562966e-01	-1.561436e-01
288           	7.500285e-01	3.156223e-01	4.344062e-01	-1.373940e-01	-6.154731e-02	-7.584665e-02	7.149666e-03	-5.939197e-02	1.611040e-01	1.687657e-04	1.611884e-01	-1.610196e-01
289           	7.512287e-01	3.913241e-01	3.599046e-01	-1.346108e-01	-6.068921e-02	-7.392162e-02	6.616208e-03	1.570973e-02	1.627594e-01	2.187968e-04	1.628688e-01	-1.626500e-01
290           	7.520114e-01	4.620732e-01	2.899382e-01	-1.369286e-01	-6.264748e-02	-7.428114e-02	5.816829e-03	8.606752e-02	1.601373e-01	2.961104e-04	1.602853e-01	-1.599892e-01
291           	7.519059e-01	5.150433e-01	2.368626e-01	-1.437891e-01	-6.697076e-02	-7.681833e-02	4.923784e-03	1.390904e-01	1.543675e-01	4.049801e-04	1.545700e-01	-1.541650e-01
292           	7.508406e-01	5.425943e-01	2.082463e-01	-1.538626e-01	-7.280945e-02	-8.105311e-02	4.121826e-03	1.671740e-01	1.481434e-01	5.088964e-04	1.483978e-01	-1.478889e-01
293           	7.491649e-01	5.426729e-01	2.064920e-01	-1.654712e-01	-7.918954e-02	-8.628170e-02	3.546079e-03	1.680905e-01	1.431348e-01	6.078337e-04	1.434387e-01	-1.428309e-01
294           	7.473278e-01	5.172841e-01	2.300437e-01	-1.768001e-01	-8.513354e-02	-9.166656e-02	3.266508e-03	1.436202e-01	1.410507e-01	7.110774e-04	1.414062e-01	-1.406951e-01
295           	7.456119e-01	4.712713e-01	2.743405e-01	-1.860620e-01	-8.977713e-02	-9.628485e-02	3.253862e-03	9.846539e-02	1.427290e-01	8.020427e-04	1.431300e-01	-1.423280e-01
296           	7.443340e-01	4.120773e-01	3.322567e-01	-1.917380e-01	-9.237728e-02	-9.936069e-02	3.491701e-03	3.991034e-02	1.476718e-01	8.554504e-04	1.480995e-01	-1.472441e-01
297           	7.436289e-01	3.483764e-01	3.952525e-01	-1.928839e-01	-9.247920e-02	-1.004047e-01	3.962770e-03	-2.343805e-02	1.539614e-01	8.567426e-04	1.543898e-01	-1.535330e-01
298           	7.434500e-01	2.889069e-01	4.545431e-01	-1.894748e-01	-9.014995e-02	-9.932485e-02	4.587449e-03	-8.281810e-02	1.587967e-01	7.716449e-04	1.591825e-01	-1.584109e-01
299           	7.437516e-01	2.418601e-01	5.018915e-01	-1.820724e-01	-8.572081e-02	-9.635162e-02	5.315407e-03	-1.300157e-01	1.605205e-01	6.197840e-04	1.608304e-01	-1.602106e-01
300           	7.446286e-01	2.144157e-01	5.302129e-01	-1.716109e-01	-7.968551e-02	-9.192537e-02	6.119931e-03	-1.578986e-01	1.607550e-01	4.493130e-04	1.609797e-01	-1.605303e-01
301           	7.459745e-01	2.112476e-01	5.347269e-01	-1.593771e-01	-7.279114e-02	-8.658595e-02	6.897405e-03	-1.617396e-01	1.611807e-01	3.161196e-04	1.613388e-01	-1.610226e-01
302           	7.476133e-01	2.339858e-01	5.136274e-01	-1.472709e-01	-6.619541e-02	-8.107544e-02	7.440014e-03	-1.398208e-01	1.638466e-01	2.353863e-04	1.639643e-01	-1.637289e-01
303           	7.492901e-01	2.804205e-01	4.688696e-01	-1.375599e-01	-6.122823e-02	-7.633171e-02	7.551738e-03	-9.422458e-02	1.688766e-01	2.172581e-04	1.689852e-01	-1.687680e-01
304           	7.506991e-01	3.428519e-01	4.078472e-01	-1.322121e-01	-5.892354e-02	-7.328858e-02	7.182517e-03	-3.249763e-02	1.728756e-01	2.489514e-04	1.730001e-01	-1.727511e-01
305           	7.517084e-01	4.095064e-01	3.422020e-01	-1.323832e-01	-5.979193e-02	-7.259131e-02	6.399686e-03	3.365221e-02	1.732579e-01	3.149605e-04	1.734154e-01	-1.731004e-01
306           	7.521396e-01	4.681644e-01	2.839752e-01	-1.377896e-01	-6.349603e-02	-7.429361e-02	5.398792e-03	9.209459e-02	1.707786e-01	3.914768e-04	1.709743e-01	-1.705828e-01
307           	7.516052e-01	5.089910e-01	2.426142e-01	-1.470244e-01	-6.908388e-02	-7.794048e-02	4.428300e-03	1.331884e-01	1.663275e-01	4.873873e-04	1.665712e-01	-1.660838e-01
308           	7.502808e-01	5.268673e-01	2.234135e-01	-1.582525e-01	-7.544302e-02	-8.280948e-02	3.683234e-03	1.517269e-01	1.618083e-01	5.700161e-04	1.620933e-01	-1.615233e-01
309           	7.485476e-01	5.210170e-01	2.275306e-01	-1.697179e-01	-8.159238e-02	-8.812552e-02	3.266569e-03	1.467432e-01	1.581920e-01	6.504730e-04	1.585172e-01	-1.578668e-01
310           	7.468187e-01	4.934304e-01	2.533884e-01	-1.799263e-01	-8.677687e-02	-9.314938e-02	3.186257e-03	1.200210e-01	1.569418e-01	7.386865e-04	1.573111e-01	-1.565724e-01
311           	7.453527e-01	4.487841e-01	2.965686e-01	-1.875467e-01	-9.041143e-02	-9.713532e-02	3.361946e-03	7.610771e-02	1.587047e-01	8.168576e-04	1.591131e-01	-1.582962e-01
312           	7.444319e-01	3.941336e-01	3.502983e-01	-1.914732e-01	-9.199905e-02	-9.947419e-02	3.737571e-03	2.191762e-02	1.630869e-01	8.531731e-04	1.635135e-01	-1.626603e-01
313           	7.440308e-01	3.373205e-01	4.067103e-01	-1.911279e-01	-9.132137e-02	-9.980657e-02	4.242598e-03	-3.469490e-02	1.683829e-01	8.320304e-04	1.687989e-01	-1.679669e-01
314           	7.441170e-01	2.863097e-01	4.578073e-01	-1.866762e-01	-8.851105e-02	-9.816511e-02	4.827027e-03	-8.574878e-02	1.718517e-01	7.318549e-04	1.722176e-01	-1.714858e-01
315           	7.445815e-01	2.486503e-01	4.959313e-01	-1.785643e-01	-8.377834e-02	-9.478593e-02	5.503797e-03	-1.236405e-01	1.726259e-01	5.889006e-04	1.729204e-01	-1.723315e-01
316           	7.455345e-01	2.304588e-01	5.150757e-01	-1.675978e-01	-7.753316e-02	-9.006461e-02	6.265725e-03	-1.423084e-01	1.724930e-01	4.426189e-04	1.727143e-01	-1.722717e-01
317           	7.468960e-01	2.350392e-01	5.118568e-01	-1.550536e-01	-7.052681e-02	-8.452678e-02	6.999983e-03	-1.384088e-01	1.729368e-01	3.435946e-04	1.731086e-01	-1.727650e-01
318           	7.486317e-01	2.627878e-01	4.858439e-01	-1.429525e-01	-6.400822e-02	-7.894425e-02	7.468014e-03	-1.115280e-01	1.756702e-01	2.911852e-04	1.758157e-01	-1.755246e-01
319           	7.504849e-01	3.101343e-01	4.403505e-01	-1.337077e-01	-5.937400e-02	-7.433368e-02	7.479840e-03	-6.510810e-02	1.800893e-01	2.847198e-04	1.802317e-01	-1.799470e-01
320           	7.520910e-01	3.681359e-01	3.839551e-01	-1.294511e-01	-5.773365e-02	-7.171750e-02	6.991925e-03	-7.909605e-03	1.828462e-01	3.195574e-04	1.830060e-01	-1.826865e-01
321           	7.530763e-01	4.255073e-01	3.275690e-01	-1.312242e-01	-5.952227e-02	-7.170195e-02	6.089837e-03	4.896916e-02	1.828268e-01	3.738991e-04	1.830137e-01	-1.826398e-01
322           	7.531648e-01	4.717857e-01	2.813791e-01	-1.384666e-01	-6.421582e-02	-7.425081e-02	5.017497e-03	9.520330e-02	1.812100e-01	4.371581e-04	1.814286e-01	-1.809915e-01
323           	7.521461e-01	4.998870e-01	2.522591e-01	-1.493913e-01	-7.065083e-02	-7.874044e-02	4.044809e-03	1.238140e-01	1.782869e-01	5.079180e-04	1.785408e-01	-1.780329e-01
324           	7.504762e-01	5.072340e-01	2.432422e-01	-1.618063e-01	-7.753578e-02	-8.427057e-02	3.367394e-03	1.319959e-01	1.750011e-01	5.747061e-04	1.752884e-01	-1.747137e-01
325           	7.484892e-01	4.944606e-01	2.540286e-01	-1.738034e-01	-8.384781e-02	-8.995564e-02	3.053914e-03	1.202160e-01	1.721828e-01	6.469304e-04	1.725062e-01	-1.718593e-01
326           	7.467518e-01	4.647219e-01	2.820300e-01	-1.837443e-01	-8.877992e-02	-9.496439e-02	3.092239e-03	9.134595e-02	1.709315e-01	7.165724e-04	1.712898e-01	-1.705732e-01
327           	7.454540e-01	4.232506e-01	3.222034e-01	-1.902628e-01	-9.174366e-02	-9.851919e-02	3.387767e-03	5.052358e-02	1.720634e-01	7.803303e-04	1.724536e-01	-1.716733e-01
328           	7.447069e-01	3.763774e-01	3.683295e-01	-1.924114e-01	-9.235070e-02	-1.000607e-01	3.855014e-03	4.023979e-03	1.756665e-01	8.068754e-04	1.760700e-01	-1.752631e-01
329           	7.444911e-01	3.305538e-01	4.139374e-01	-1.899168e-01	-9.053899e-02	-9.937783e-02	4.419420e-03	-4.169178e-02	1.797718e-01	7.745693e-04	1.801590e-01	-1.793845e-01
330           	7.446743e-01	2.921556e-01	4.525187e-01	-1.832235e-01	-8.653370e-02	-9.668983e-02	5.078066e-03	-8.018155e-02	1.822255e-01	6.823348e-04	1.825666e-01	-1.818843e-01
331           	7.451792e-01	2.668646e-01	4.783147e-01	-1.730826e-01	-8.070662e-02	-9.237596e-02	5.834672e-03	-1.057251e-01	1.825888e-01	5.697006e-04	1.828737e-01	-1.823040e-01
332           	7.461616e-01	2.585476e-01	4.876140e-01	-1.606944e-01	-7.370306e-02	-8.699134e-02	6.644140e-03	-1.145332e-01	1.824963e-01	4.564260e-04	1.827245e-01	-1.822681e-01
333           	7.475487e-01	2.686181e-01	4.789306e-01	-1.477305e-01	-6.653076e-02	-8.119978e-02	7.334511e-03	-1.051563e-01	1.828689e-01	3.889878e-04	1.830633e-01	-1.826744e-01
334           	7.493693e-01	2.964494e-01	4.529199e-01	-1.364026e-01	-6.055672e-02	-7.584589e-02	7.644586e-03	-7.823526e-02	1.851157e-01	3.588717e-04	1.852951e-01	-1.849362e-01
335           	7.513735e-01	3.378214e-01	4.135522e-01	-1.291693e-01	-5.718228e-02	-7.198701e-02	7.402368e-03	-3.786540e-02	1.883127e-01	3.676439e-04	1.884965e-01	-1.881289e-01
336           	7.529891e-01	3.849004e-01	3.680887e-01	-1.277237e-01	-5.721678e-02	-7.050696e-02	6.645095e-03	8.405877e-03	1.901463e-01	3.999949e-04	1.903463e-01	-1.899463e-01
337           	7.536655e-01	4.288839e-01	3.247816e-01	-1.323698e-01	-6.063248e-02	-7.173733e-02	5.552425e-03	5.205112e-02	1.908104e-01	4.456787e-04	1.910332e-01	-1.905875e-01
338           	7.532880e-01	4.622948e-01	2.909932e-01	-1.418372e-01	-6.648658e-02	-7.535062e-02	4.432022e-03	8.565078e-02	1.909090e-01	4.864917e-04	1.911523e-01	-1.906658e-01
339           	7.519217e-01	4.805747e-01	2.713470e-01	-1.539196e-01	-7.341083e-02	-8.050877e-02	3.548971e-03	1.046139e-01	1.894396e-01	5.333990e-04	1.897063e-01	-1.891729e-01
340           	7.500707e-01	4.821519e-01	2.679188e-01	-1.664220e-01	-8.016032e-02	-8.626166e-02	3.050669e-03	1.071166e-01	1.871371e-01	5.863649e-04	1.874303e-01	-1.868440e-01
341           	7.481597e-01	4.678951e-01	2.802646e-01	-1.776644e-01	-8.587974e-02	-9.178468e-02	2.952471e-03	9.381528e-02	1.843893e-01	6.440068e-04	1.847113e-01	-1.840673e-01
342           	7.466477e-01	4.408664e-01	3.057813e-01	-1.862525e-01	-8.993854e-02	-9.631398e-02	3.187718e-03	6.754255e-02	1.826017e-01	7.013255e-04	1.829524e-01	-1.822510e-01
343           	7.456064e-01	4.057776e-01	3.398288e-01	-1.911029e-01	-9.194334e-02	-9.915959e-02	3.608127e-03	3.297443e-02	1.830787e-01	7.441347e-04	1.834507e-01	-1.827066e-01
344           	7.451644e-01	3.679638e-01	3.772007e-01	-1.915376e-01	-9.166590e-02	-9.987170e-02	4.102902e-03	-4.618450e-03	1.858178e-01	7.568081e-04	1.861962e-01	-1.854394e-01
345           	7.451788e-01	3.328512e-01	4.123276e-01	-1.874023e-01	-8.903922e-02	-9.836312e-02	4.661950e-03	-3.973818e-02	1.889547e-01	7.232071e-04	1.893163e-01	-1.885931e-01
346           	7.454375e-01	3.057307e-01	4.397069e-01	-1.791184e-01	-8.422721e-02	-9.489115e-02	5.331970e-03	-6.698810e-02	1.907173e-01	6.480637e-04	1.910414e-01	-1.903933e-01
347           	7.459809e-01	2.905880e-01	4.553929e-01	-1.675571e-01	-7.766073e-02	-8.989640e-02	6.117835e-03	-8.240242e-02	1.908898e-01	5.646103e-04	1.911721e-01	-1.906075e-01
348           	7.470225e-01	2.894126e-01	4.576100e-01	-1.542115e-01	-7.017436e-02	-8.403717e-02	6.931410e-03	-8.409870e-02	1.906703e-01	4.894446e-04	1.909150e-01	-1.904256e-01
349           	7.485114e-01	3.022933e-01	4.462181e-01	-1.410440e-01	-6.296234e-02	-7.808162e-02	7.559639e-03	-7.196244e-02	1.906329e-01	4.468150e-04	1.908563e-01	-1.904095e-01
350           	7.504704e-01	3.273081e-01	4.231623e-01	-1.306225e-01	-5.759980e-02	-7.302273e-02	7.711464e-03	-4.792710e-02	1.921035e-01	4.296163e-04	1.923183e-01	-1.918887e-01
351           	7.525129e-01	3.601070e-01	3.924059e-01	-1.254359e-01	-5.546950e-02	-6.996641e-02	7.248458e-03	-1.614941e-02	1.944849e-01	4.437921e-04	1.947068e-01	-1.942630e-01
352           	7.538150e-01	3.944211e-01	3.593938e-01	-1.267847e-01	-5.711525e-02	-6.966940e-02	6.277073e-03	1.751366e-02	1.971012e-01	4.628240e-04	1.973326e-01	-1.968698e-01
353           	7.539814e-01	4.241776e-01	3.298038e-01	-1.343615e-01	-6.213398e-02	-7.222755e-02	5.046781e-03	4.718687e-02	1.997220e-01	4.837348e-04	1.999639e-01	-1.994802e-01
354           	7.531205e-01	4.448593e-01	3.082612e-01	-1.462252e-01	-6.921248e-02	-7.701270e-02	3.900109e-03	6.829909e-02	2.017305e-01	5.039984e-04	2.019825e-01	-2.014785e-01
355           	7.514630e-01	4.540704e-01	2.973926e-01	-1.597374e-01	-7.677789e-02	-8.295954e-02	3.090826e-03	7.833890e-02	2.013741e-01	5.360580e-04	2.016421e-01	-2.011061e-01
356           	7.495885e-01	4.514030e-01	2.981856e-01	-1.725191e-01	-8.351551e-02	-8.900358e-02	2.744036e-03	7.660871e-02	1.991558e-01	5.699590e-04	1.994408e-01	-1.988708e-01
357           	7.478392e-01	4.383589e-01	3.094803e-01	-1.828564e-01	-8.858071e-02	-9.427567e-02	2.847477e-03	6.443932e-02	1.956867e-01	6.140519e-04	1.959937e-01	-1.953796e-01
358           	7.465068e-01	4.178325e-01	3.286743e-01	-1.894870e-01	-9.146199e-02	-9.802504e-02	3.281525e-03	4.457910e-02	1.931130e-01	6.545691e-04	1.934402e-01	-1.927857e-01
359           	7.456481e-01	3.934024e-01	3.522458e-01	-1.917048e-01	-9.201217e-02	-9.969267e-02	3.840251e-03	2.057830e-02	1.927316e-01	6.847165e-04	1.930739e-01	-1.923892e-01
360           	7.453802e-01	3.687271e-01	3.766531e-01	-1.892941e-01	-9.021873e-02	-9.907534e-02	4.428308e-03	-3.963029e-03	1.946801e-01	6.985001e-04	1.950293e-01	-1.943308e-01
361           	7.454276e-01	3.473699e-01	3.980577e-01	-1.825055e-01	-8.618356e-02	-9.632199e-02	5.069215e-03	-2.534391e-02	1.973154e-01	6.823127e-04	1.976566e-01	-1.969742e-01
362           	7.456477e-01	3.321689e-01	4.134788e-01	-1.721819e-01	-8.029974e-02	-9.188216e-02	5.791209e-03	-4.065496e-02	1.987768e-01	6.364435e-04	1.990950e-01	-1.984586e-01
363           	7.461704e-01	3.247543e-01	4.214161e-01	-1.595883e-01	-7.323299e-02	-8.635530e-02	6.561154e-03	-4.833092e-02	1.987793e-01	5.907873e-04	1.990747e-01	-1.984839e-01
364           	7.473268e-01	3.257998e-01	4.215270e-01	-1.464396e-01	-6.596649e-02	-8.047313e-02	7.253320e-03	-4.786359e-02	1.980096e-01	5.472027e-04	1.982832e-01	-1.977360e-01
365           	7.490587e-01	3.345297e-01	4.145289e-01	-1.348504e-01	-5.978890e-02	-7.506150e-02	7.636301e-03	-3.999960e-02	1.968234e-01	5.213824e-04	1.970841e-01	-1.965627e-01
366           	7.512303e-01	3.494219e-01	4.018085e-01	-1.271911e-01	-5.612126e-02	-7.106981e-02	7.474277e-03	-2.619328e-02	1.970892e-01	5.139742e-04	1.973462e-01	-1.968322e-01
367           	7.531385e-01	3.683262e-01	3.848123e-01	-1.252995e-01	-5.592012e-02	-6.937941e-02	6.729644e-03	-8.243038e-03	1.994850e-01	5.209909e-04	1.997455e-01	-1.992245e-01
368           	7.539282e-01	3.879602e-01	3.659681e-01	-1.296713e-01	-5.922492e-02	-7.044642e-02	5.610754e-03	1.099604e-02	2.036412e-01	5.201129e-04	2.039013e-01	-2.033812e-01
369           	7.535861e-01	4.055727e-01	3.480135e-01	-1.393170e-01	-6.526925e-02	-7.404776e-02	4.389254e-03	2.877959e-02	2.086534e-01	5.094215e-04	2.089081e-01	-2.083987e-01
370           	7.524088e-01	4.185180e-01	3.338908e-01	-1.519841e-01	-7.260245e-02	-7.938163e-02	3.389590e-03	4.231363e-02	2.121064e-01	5.062682e-04	2.123595e-01	-2.118533e-01
371           	7.507086e-01	4.248977e-01	3.258109e-01	-1.651474e-01	-7.976658e-02	-8.538079e-02	2.807102e-03	4.954343e-02	2.119082e-01	5.193998e-04	2.121679e-01	-2.116485e-01
372           	7.490094e-01	4.241746e-01	3.248348e-01	-1.766979e-01	-8.563904e-02	-9.105886e-02	2.709908e-03	4.966991e-02	2.088790e-01	5.347283e-04	2.091463e-01	-2.086116e-01
373           	7.475264e-01	4.173679e-01	3.301585e-01	-1.852389e-01	-8.959543e-02	-9.564350e-02	3.024035e-03	4.360470e-02	2.044212e-01	5.612876e-04	2.047019e-01	-2.041406e-01
374           	7.464357e-01	4.062845e-01	3.401512e-01	-1.898311e-01	-9.135675e-02	-9.847435e-02	3.558799e-03	3.306667e-02	2.010435e-01	5.903108e-04	2.013387e-01	-2.007484e-01
375           	7.457865e-01	3.932834e-01	3.525031e-01	-1.899839e-01	-9.085195e-02	-9.913198e-02	4.140019e-03	2.039011e-02	1.999200e-01	6.192647e-04	2.002297e-01	-1.996104e-01
376           	7.455992e-01	3.807771e-01	3.648221e-01	-1.855742e-01	-8.805130e-02	-9.752288e-02	4.735793e-03	7.977501e-03	2.015738e-01	6.419549e-04	2.018947e-01	-2.012528e-01
377           	7.456275e-01	3.705163e-01	3.751112e-01	-1.770267e-01	-8.311976e-02	-9.390698e-02	5.393613e-03	-2.297464e-03	2.040749e-01	6.594929e-04	2.044046e-01	-2.037451e-01
378           	7.458068e-01	3.633208e-01	3.824859e-01	-1.654327e-01	-7.658964e-02	-8.884305e-02	6.126708e-03	-9.582548e-03	2.053839e-01	6.486775e-04	2.057082e-01	-2.050595e-01
379           	7.464262e-01	3.595076e-01	3.869186e-01	-1.523121e-01	-6.930006e-02	-8.301200e-02	6.855972e-03	-1.370548e-02	2.047946e-01	6.295036e-04	2.051094e-01	-2.044799e-01
380           	7.477902e-01	3.586104e-01	3.891799e-01	-1.396839e-01	-6.241992e-02	-7.726400e-02	7.422039e-03	-1.528475e-02	2.027796e-01	6.103225e-04	2.030847e-01	-2.024744e-01
381           	7.496879e-01	3.593858e-01	3.903021e-01	-1.298534e-01	-5.734234e-02	-7.251103e-02	7.584348e-03	-1.545816e-02	2.003872e-01	5.963665e-04	2.006854e-01	-2.000890e-01
382           	7.516390e-01	3.616024e-01	3.900366e-01	-1.249378e-01	-5.529603e-02	-6.964180e-02	7.172884e-03	-1.421713e-02	2.008515e-01	5.777623e-04	2.011404e-01	-2.005626e-01
383           	7.529275e-01	3.655870e-01	3.873405e-01	-1.261973e-01	-5.685675e-02	-6.934057e-02	6.241907e-03	-1.087677e-02	2.051656e-01	5.672700e-04	2.054493e-01	-2.048820e-01
384           	7.530918e-01	3.712832e-01	3.818086e-01	-1.334371e-01	-6.168073e-02	-7.175637e-02	5.037816e-03	-5.262732e-03	2.122975e-01	5.389905e-04	2.125670e-01	-2.120280e-01
385           	7.523642e-01	3.783818e-01	3.739824e-01	-1.451288e-01	-6.872157e-02	-7.640727e-02	3.842851e-03	2.199682e-03	2.193745e-01	5.035498e-04	2.196262e-01	-2.191227e-01
386           	7.511388e-01	3.855774e-01	3.655615e-01	-1.587051e-01	-7.638643e-02	-8.231870e-02	2.966131e-03	1.000795e-02	2.231769e-01	4.812497e-04	2.234176e-01	-2.229363e-01
387           	7.496474e-01	3.917153e-01	3.579321e-01	-1.715278e-01	-8.318735e-02	-8.834049e-02	2.576570e-03	1.689156e-02	2.219907e-01	4.753825e-04	2.222284e-01	-2.217530e-01
388           	7.481872e-01	3.964069e-01	3.517803e-01	-1.815264e-01	-8.806211e-02	-9.346434e-02	2.701115e-03	2.231331e-02	2.176307e-01	4.687931e-04	2.178651e-01	-2.173963e-01
389           	7.468568e-01	3.999220e-01	3.469347e-01	-1.875833e-01	-9.059248e-02	-9.699079e-02	3.199157e-03	2.649364e-02	2.121182e-01	4.790335e-04	2.123577e-01	-2.118787e-01
390           	7.458733e-01	4.026260e-01	3.432473e-01	-1.891806e-01	-9.072524e-02	-9.845540e-02	3.865080e-03	2.968931e-02	2.079313e-01	5.046635e-04	2.081836e-01	-2.076789e-01
391           	7.452344e-01	4.049438e-01	3.402906e-01	-1.862711e-01	-8.857608e-02	-9.769502e-02	4.559472e-03	3.232660e-02	2.065467e-01	5.466416e-04	2.068200e-01	-2.062733e-01
392           	7.449851e-01	4.064917e-01	3.384934e-01	-1.792652e-01	-8.439587e-02	-9.486935e-02	5.236739e-03	3.399913e-02	2.082602e-01	6.027194e-04	2.085616e-01	-2.079588e-01
393           	7.449329e-01	4.061446e-01	3.387884e-01	-1.691169e-01	-7.864073e-02	-9.047621e-02	5.917739e-03	3.367811e-02	2.107524e-01	6.559569e-04	2.110804e-01	-2.104244e-01
394           	7.451459e-01	4.028292e-01	3.423166e-01	-1.572423e-01	-7.205489e-02	-8.518744e-02	6.566273e-03	3.025629e-02	2.113428e-01	6.796485e-04	2.116826e-01	-2.110030e-01
395           	7.459900e-01	3.957472e-01	3.502428e-01	-1.453433e-01	-6.559319e-02	-7.975016e-02	7.078487e-03	2.275218e-02	2.091188e-01	6.866521e-04	2.094621e-01	-2.087754e-01
396           	7.476188e-01	3.843918e-01	3.632270e-01	-1.353719e-01	-6.036419e-02	-7.500768e-02	7.321744e-03	1.058237e-02	2.052046e-01	6.820152e-04	2.055456e-01	-2.048636e-01
397           	7.494686e-01	3.696193e-01	3.798494e-01	-1.290756e-01	-5.739884e-02	-7.167672e-02	7.138939e-03	-5.115038e-03	2.026166e-01	6.662054e-04	2.029497e-01	-2.022835e-01
398           	7.510384e-01	3.547974e-01	3.962409e-01	-1.276948e-01	-5.735844e-02	-7.033631e-02	6.488936e-03	-2.072176e-02	2.052385e-01	6.312210e-04	2.055541e-01	-2.049228e-01
399           	7.518400e-01	3.442393e-01	4.076007e-01	-1.316191e-01	-6.031386e-02	-7.130524e-02	5.495688e-03	-3.168066e-02	2.126198e-01	5.839141e-04	2.129118e-01	-2.123279e-01
400           	7.515264e-01	3.404721e-01	4.110543e-01	-1.401617e-01	-6.567828e-02	-7.448345e-02	4.402585e-03	-3.529106e-02	2.218343e-01	5.277395e-04	2.220982e-01	-2.215705e-01
401           	7.506138e-01	3.442027e-01	4.064111e-01	-1.517452e-01	-7.243412e-02	-7.931109e-02	3.438489e-03	-3.110423e-02	2.294295e-01	4.715314e-04	2.296653e-01	-2.291937e-01
402           	7.495254e-01	3.539182e-01	3.956072e-01	-1.640612e-01	-7.918684e-02	-8.487432e-02	2.843736e-03	-2.084447e-02	2.322203e-01	4.276743e-04	2.324342e-01	-2.320065e-01
403           	7.482744e-01	3.676242e-01	3.806503e-01	-1.748787e-01	-8.472185e-02	-9.015686e-02	2.717503e-03	-6.513051e-03	2.294385e-01	4.041927e-04	2.296406e-01	-2.292364e-01
404           	7.469884e-01	3.835212e-01	3.634671e-01	-1.825639e-01	-8.827110e-02	-9.429283e-02	3.010869e-03	1.002703e-02	2.235917e-01	3.874571e-04	2.237854e-01	-2.233979e-01
405           	7.457836e-01	4.002730e-01	3.455105e-01	-1.863500e-01	-8.959862e-02	-9.675133e-02	3.576358e-03	2.738125e-02	2.169062e-01	3.965046e-04	2.171044e-01	-2.167079e-01
406           	7.448115e-01	4.166323e-01	3.281792e-01	-1.858864e-01	-8.868402e-02	-9.720237e-02	4.259178e-03	4.422657e-02	2.123332e-01	4.368506e-04	2.125517e-01	-2.121148e-01
407           	7.441024e-01	4.308676e-01	3.132348e-01	-1.812903e-01	-8.569881e-02	-9.559151e-02	4.946347e-03	5.881638e-02	2.111123e-01	5.220218e-04	2.113734e-01	-2.108513e-01
408           	7.438159e-01	4.404822e-01	3.033337e-01	-1.731432e-01	-8.096373e-02	-9.217949e-02	5.607881e-03	6.857423e-02	2.131484e-01	6.154818e-04	2.134561e-01	-2.128407e-01
409           	7.438249e-01	4.430063e-01	3.008186e-01	-1.625353e-01	-7.502702e-02	-8.750827e-02	6.240628e-03	7.109388e-02	2.153992e-01	7.033517e-04	2.157508e-01	-2.150475e-01
410           	7.442877e-01	4.366714e-01	3.076162e-01	-1.510397e-01	-6.874130e-02	-8.229839e-02	6.778545e-03	6.452762e-02	2.146751e-01	7.581735e-04	2.150542e-01	-2.142960e-01
411           	7.454310e-01	4.206180e-01	3.248129e-01	-1.404994e-01	-6.313646e-02	-7.736298e-02	7.113258e-03	4.790255e-02	2.107830e-01	7.799126e-04	2.111730e-01	-2.103931e-01
412           	7.469816e-01	3.956795e-01	3.513021e-01	-1.327491e-01	-5.922951e-02	-7.351964e-02	7.145066e-03	2.218875e-02	2.068730e-01	7.685873e-04	2.072573e-01	-2.064887e-01
413           	7.483491e-01	3.653468e-01	3.830023e-01	-1.291501e-01	-5.779347e-02	-7.135666e-02	6.781594e-03	-8.827782e-03	2.064319e-01	7.350711e-04	2.067995e-01	-2.060644e-01
414           	7.492483e-01	3.362258e-01	4.130225e-01	-1.304077e-01	-5.917024e-02	-7.123742e-02	6.033594e-03	-3.839835e-02	2.121607e-01	6.687597e-04	2.124951e-01	-2.118264e-01
415           	7.494322e-01	3.148634e-01	4.345688e-01	-1.364878e-01	-6.321173e-02	-7.327602e-02	5.032146e-03	-5.985274e-02	2.225536e-01	5.946845e-04	2.228510e-01	-2.222563e-01
416           	7.491118e-01	3.053828e-01	4.437290e-01	-1.464336e-01	-6.921482e-02	-7.721881e-02	4.001995e-03	-6.917314e-02	2.332710e-01	5.143122e-04	2.335281e-01	-2.330138e-01
417           	7.485487e-01	3.088766e-01	4.396721e-01	-1.584403e-01	-7.605744e-02	-8.238286e-02	3.162713e-03	-6.539772e-02	2.401121e-01	4.398010e-04	2.403320e-01	-2.398922e-01
418           	7.478514e-01	3.238897e-01	4.239617e-01	-1.700658e-01	-8.230588e-02	-8.775990e-02	2.727012e-03	-5.003597e-02	2.413997e-01	3.722762e-04	2.415858e-01	-2.412135e-01
419           	7.468310e-01	3.479700e-01	3.988610e-01	-1.791070e-01	-8.680452e-02	-9.230244e-02	2.748963e-03	-2.544549e-02	2.372804e-01	3.317114e-04	2.374463e-01	-2.371146e-01
420           	7.456263e-01	3.781237e-01	3.675026e-01	-1.841233e-01	-8.887864e-02	-9.524461e-02	3.182984e-03	5.310591e-03	2.303831e-01	3.103417e-04	2.305383e-01	-2.302279e-01
421           	7.443622e-01	4.112035e-01	3.331587e-01	-1.846632e-01	-8.841912e-02	-9.624406e-02	3.912468e-03	3.902242e-02	2.233794e-01	3.306095e-04	2.235447e-01	-2.232141e-01
422           	7.432287e-01	4.430610e-01	3.001677e-01	-1.809593e-01	-8.572207e-02	-9.523725e-02	4.757588e-03	7.144663e-02	2.191835e-01	4.026150e-04	2.193848e-01	-2.189822e-01
423           	7.424034e-01	4.687730e-01	2.736304e-01	-1.738218e-01	-8.134935e-02	-9.247241e-02	5.561527e-03	9.757132e-02	2.185173e-01	5.245043e-04	2.187796e-01	-2.182551e-01
424           	7.421620e-01	4.833940e-01	2.587680e-01	-1.644230e-01	-7.598364e-02	-8.843940e-02	6.227880e-03	1.123130e-01	2.203549e-01	6.567137e-04	2.206833e-01	-2.200266e-01
425           	7.424431e-01	4.828570e-01	2.595861e-01	-1.542716e-01	-7.042957e-02	-8.384206e-02	6.706248e-03	1.116354e-01	2.210149e-01	7.724409e-04	2.214011e-01	-2.206287e-01
426           	7.432662e-01	4.651148e-01	2.781515e-01	-1.450413e-01	-6.558569e-02	-7.945563e-02	6.934968e-03	9.348166e-02	2.179144e-01	8.413042e-04	2.183351e-01	-2.174938e-01
427           	7.444490e-01	4.312733e-01	3.131758e-01	-1.381750e-01	-6.221195e-02	-7.596307e-02	6.875565e-03	5.904875e-02	2.132172e-01	8.607651e-04	2.136476e-01	-2.127868e-01
428           	7.456484e-01	3.860848e-01	3.595635e-01	-1.346455e-01	-6.077607e-02	-7.386945e-02	6.546689e-03	1.326066e-02	2.107967e-01	8.274135e-04	2.112104e-01	-2.103829e-01
429           	7.464942e-01	3.379207e-01	4.085735e-01	-1.347559e-01	-6.141550e-02	-7.334036e-02	5.962427e-03	-3.532641e-02	2.133771e-01	7.566469e-04	2.137555e-01	-2.129988e-01
430           	7.469981e-01	2.971301e-01	4.498679e-01	-1.384068e-01	-6.402314e-02	-7.438366e-02	5.180257e-03	-7.636889e-02	2.221933e-01	6.561254e-04	2.225214e-01	-2.218652e-01
431           	7.471786e-01	2.721343e-01	4.750444e-01	-1.451645e-01	-6.825036e-02	-7.691411e-02	4.331872e-03	-1.014551e-01	2.338720e-01	5.519540e-04	2.341480e-01	-2.335960e-01
432           	7.470872e-01	2.669897e-01	4.800975e-01	-1.540660e-01	-7.344419e-02	-8.062176e-02	3.588785e-03	-1.065539e-01	2.436120e-01	4.414262e-04	2.438327e-01	-2.433913e-01
433           	7.468174e-01	2.816331e-01	4.651843e-01	-1.636085e-01	-7.870766e-02	-8.490080e-02	3.096569e-03	-9.177558e-02	2.486714e-01	3.449912e-04	2.488439e-01	-2.484989e-01
434           	7.463804e-01	3.124744e-01	4.339061e-01	-1.719012e-01	-8.298505e-02	-8.891611e-02	2.965533e-03	-6.071586e-02	2.479777e-01	2.637392e-04	2.481095e-01	-2.478458e-01
435           	7.455270e-01	3.543529e-01	3.911741e-01	-1.773859e-01	-8.548227e-02	-9.190364e-02	3.210684e-03	-1.841059e-02	2.420640e-01	2.185303e-04	2.421732e-01	-2.419547e-01
436           	7.443354e-01	4.014513e-01	3.428841e-01	-1.791968e-01	-8.580755e-02	-9.338922e-02	3.790839e-03	2.928362e-02	2.341099e-01	2.189899e-04	2.342194e-01	-2.340004e-01
437           	7.429810e-01	4.476165e-01	2.953646e-01	-1.773838e-01	-8.411704e-02	-9.326672e-02	4.574843e-03	7.612595e-02	2.269178e-01	2.835531e-04	2.270595e-01	-2.267760e-01
438           	7.417684e-01	4.863354e-01	2.554330e-01	-1.725384e-01	-8.090069e-02	-9.163770e-02	5.368507e-03	1.154512e-01	2.229169e-01	4.012207e-04	2.231175e-01	-2.227163e-01
439           	7.410337e-01	5.114622e-01	2.295715e-01	-1.656223e-01	-7.680822e-02	-8.881408e-02	6.002932e-03	1.409454e-01	2.218873e-01	5.663266e-04	2.221705e-01	-2.216042e-01
440           	7.411472e-01	5.180187e-01	2.231285e-01	-1.577663e-01	-7.247722e-02	-8.528912e-02	6.405951e-03	1.474451e-01	2.221186e-01	7.369093e-04	2.224871e-01	-2.217502e-01
441           	7.418858e-01	5.032186e-01	2.386672e-01	-1.501928e-01	-6.852070e-02	-8.167208e-02	6.575687e-03	1.322757e-01	2.206814e-01	8.710162e-04	2.211169e-01	-2.202459e-01
442           	7.428008e-01	4.679066e-01	2.748942e-01	-1.439795e-01	-6.545758e-02	-7.852192e-02	6.532168e-03	9.650618e-02	2.171979e-01	9.399238e-04	2.176679e-01	-2.167280e-01
443           	7.435831e-01	4.168904e-01	3.266927e-01	-1.399197e-01	-6.364681e-02	-7.627293e-02	6.313060e-03	4.509887e-02	2.146164e-01	9.410874e-04	2.150870e-01	-2.141459e-01
444           	7.440866e-01	3.585005e-01	3.855862e-01	-1.384175e-01	-6.322784e-02	-7.518963e-02	5.980891e-03	-1.354285e-02	2.158418e-01	8.743078e-04	2.162790e-01	-2.154047e-01
445           	7.442904e-01	3.031123e-01	4.411781e-01	-1.395570e-01	-6.425472e-02	-7.530224e-02	5.523762e-03	-6.903293e-02	2.218383e-01	7.723706e-04	2.222245e-01	-2.214522e-01
446           	7.445326e-01	2.611824e-01	4.833502e-01	-1.433686e-01	-6.674545e-02	-7.662313e-02	4.938840e-03	-1.110839e-01	2.323881e-01	6.503947e-04	2.327133e-01	-2.320629e-01
447           	7.448725e-01	2.401852e-01	5.046873e-01	-1.496709e-01	-7.054278e-02	-7.912809e-02	4.292655e-03	-1.322511e-01	2.436769e-01	5.266895e-04	2.439403e-01	-2.434136e-01
448           	7.451571e-01	2.430880e-01	5.020691e-01	-1.576659e-01	-7.512709e-02	-8.253885e-02	3.705879e-03	-1.294905e-01	2.521285e-01	3.997948e-04	2.523284e-01	-2.519286e-01
449           	7.452673e-01	2.687138e-01	4.765535e-01	-1.659360e-01	-7.968379e-02	-8.625222e-02	3.284214e-03	-1.039199e-01	2.555393e-01	2.914428e-04	2.556850e-01	-2.553936e-01
450           	7.449701e-01	3.122588e-01	4.327113e-01	-1.726045e-01	-8.313156e-02	-8.947296e-02	3.170701e-03	-6.022623e-02	2.535644e-01	2.132737e-04	2.536710e-01	-2.534578e-01
451           	7.439338e-01	3.672497e-01	3.766841e-01	-1.761359e-01	-8.463030e-02	-9.150557e-02	3.437636e-03	-4.717232e-03	2.474348e-01	1.797363e-04	2.475246e-01	-2.473449e-01
452           	7.423154e-01	4.259972e-01	3.163182e-01	-1.758739e-01	-8.386566e-02	-9.200819e-02	4.071267e-03	5.483952e-02	2.403462e-01	2.132060e-04	2.404529e-01	-2.402396e-01
453           	7.405860e-01	4.805465e-01	2.600395e-01	-1.721971e-01	-8.117709e-02	-9.101997e-02	4.921436e-03	1.102535e-01	2.343077e-01	3.123963e-04	2.344639e-01	-2.341515e-01
454           	7.393088e-01	5.227199e-01	2.165889e-01	-1.661529e-01	-7.733549e-02	-8.881742e-02	5.740964e-03	1.530655e-01	2.306253e-01	4.647787e-04	2.308577e-01	-2.303929e-01
455           	7.388845e-01	5.449717e-01	1.939128e-01	-1.591698e-01	-7.327057e-02	-8.589924e-02	6.314336e-03	1.755294e-01	2.283659e-01	6.610084e-04	2.286964e-01	-2.280354e-01
456           	7.393817e-01	5.419645e-01	1.974173e-01	-1.525872e-01	-6.972978e-02	-8.285744e-02	6.563827e-03	1.722736e-01	2.268799e-01	8.501767e-04	2.273050e-01	-2.264548e-01
457           	7.401141e-01	5.122663e-01	2.278479e-01	-1.474684e-01	-6.721975e-02	-8.024863e-02	6.514443e-03	1.422092e-01	2.253559e-01	9.788432e-04	2.258454e-01	-2.248665e-01
458           	7.404939e-01	4.594138e-01	2.810802e-01	-1.444240e-01	-6.596730e-02	-7.845669e-02	6.244699e-03	8.916678e-02	2.239099e-01	1.023103e-03	2.244214e-01	-2.233983e-01
459           	7.404870e-01	3.918475e-01	3.486395e-01	-1.435796e-01	-6.594291e-02	-7.763667e-02	5.846882e-03	2.160401e-02	2.247160e-01	9.849799e-04	2.252085e-01	-2.242235e-01
460           	7.404224e-01	3.209545e-01	4.194679e-01	-1.447430e-01	-6.696150e-02	-7.778152e-02	5.410013e-03	-4.925667e-02	2.287012e-01	8.801306e-04	2.291413e-01	-2.282611e-01
461           	7.405576e-01	2.591697e-01	4.813879e-01	-1.475394e-01	-6.883220e-02	-7.870718e-02	4.937487e-03	-1.111091e-01	2.355273e-01	7.436044e-04	2.358991e-01	-2.351555e-01
462           	7.411343e-01	2.182358e-01	5.228986e-01	-1.516287e-01	-7.137649e-02	-8.025223e-02	4.437869e-03	-1.523314e-01	2.450895e-01	5.911284e-04	2.453850e-01	-2.447939e-01
463           	7.418538e-01	2.059745e-01	5.358793e-01	-1.566024e-01	-7.433570e-02	-8.226667e-02	3.965483e-03	-1.649524e-01	2.545533e-01	4.390502e-04	2.547728e-01	-2.543338e-01
464           	7.424679e-01	2.244249e-01	5.180430e-01	-1.617423e-01	-7.727238e-02	-8.446993e-02	3.598776e-03	-1.468090e-01	2.607973e-01	2.924340e-04	2.609435e-01	-2.606510e-01
465           	7.426745e-01	2.700693e-01	4.726051e-01	-1.660487e-01	-7.958419e-02	-8.646452e-02	3.440165e-03	-1.012679e-01	2.623786e-01	1.757263e-04	2.624664e-01	-2.622907e-01
466           	7.422041e-01	3.345689e-01	4.076352e-01	-1.683593e-01	-8.056561e-02	-8.779374e-02	3.614062e-03	-3.653310e-02	2.593874e-01	1.165177e-04	2.594457e-01	-2.593292e-01
467           	7.408467e-01	4.073284e-01	3.335183e-01	-1.680691e-01	-7.990452e-02	-8.816457e-02	4.130023e-03	3.690503e-02	2.532095e-01	1.176896e-04	2.532683e-01	-2.531506e-01
468           	7.391019e-01	4.770199e-01	2.620820e-01	-1.654247e-01	-7.782850e-02	-8.759622e-02	4.883858e-03	1.074689e-01	2.459696e-01	1.863597e-04	2.460628e-01	-2.458764e-01
469           	7.375878e-01	5.328181e-01	2.047698e-01	-1.614827e-01	-7.510093e-02	-8.638181e-02	5.640438e-03	1.640242e-01	2.387014e-01	3.213922e-04	2.388621e-01	-2.385407e-01
470           	7.368622e-01	5.652819e-01	1.715803e-01	-1.575075e-01	-7.260128e-02	-8.490625e-02	6.152488e-03	1.968508e-01	2.324864e-01	5.100431e-04	2.327414e-01	-2.322314e-01
471           	7.369253e-01	5.682485e-01	1.686768e-01	-1.544932e-01	-7.097180e-02	-8.352138e-02	6.274790e-03	1.997858e-01	2.281511e-01	7.204803e-04	2.285113e-01	-2.277908e-01
472           	7.374731e-01	5.405276e-01	1.969455e-01	-1.527493e-01	-7.030012e-02	-8.244913e-02	6.074509e-03	1.717911e-01	2.265793e-01	9.041161e-04	2.270314e-01	-2.261273e-01
473           	7.378978e-01	4.866668e-01	2.512310e-01	-1.520395e-01	-7.030353e-02	-8.173598e-02	5.716224e-03	1.177179e-01	2.270182e-01	1.008348e-03	2.275223e-01	-2.265140e-01
474           	7.377632e-01	4.158640e-01	3.218991e-01	-1.518638e-01	-7.057271e-02	-8.129112e-02	5.359202e-03	4.698245e-02	2.285069e-01	1.007024e-03	2.290104e-01	-2.280034e-01
475           	7.374242e-01	3.399483e-01	3.974759e-01	-1.518399e-01	-7.081229e-02	-8.102758e-02	5.107647e-03	-2.876382e-02	2.313890e-01	9.297302e-04	2.318539e-01	-2.309242e-01
476           	7.373815e-01	2.711483e-01	4.662332e-01	-1.518432e-01	-7.093207e-02	-8.091110e-02	4.989512e-03	-9.754243e-02	2.357517e-01	7.938752e-04	2.361486e-01	-2.353547e-01
477           	7.377167e-01	2.209301e-01	5.167866e-01	-1.519714e-01	-7.108238e-02	-8.088907e-02	4.903348e-03	-1.479283e-01	2.419784e-01	6.260523e-04	2.422914e-01	-2.416654e-01
478           	7.385818e-01	1.984411e-01	5.401407e-01	-1.526585e-01	-7.159845e-02	-8.106009e-02	4.730823e-03	-1.708498e-01	2.502727e-01	4.531940e-04	2.504993e-01	-2.500461e-01
479           	7.396702e-01	2.077593e-01	5.319109e-01	-1.542887e-01	-7.268025e-02	-8.160840e-02	4.464076e-03	-1.620758e-01	2.577294e-01	2.988631e-04	2.578788e-01	-2.575800e-01
480           	7.405508e-01	2.466659e-01	4.938849e-01	-1.568071e-01	-7.422349e-02	-8.258359e-02	4.180047e-03	-1.236095e-01	2.622976e-01	1.699906e-04	2.623826e-01	-2.622126e-01
481           	7.407555e-01	3.077519e-01	4.330035e-01	-1.596065e-01	-7.579415e-02	-8.381236e-02	4.009108e-03	-6.262579e-02	2.632770e-01	9.237619e-05	2.633232e-01	-2.632308e-01
482           	7.400434e-01	3.800054e-01	3.600380e-01	-1.616799e-01	-7.676663e-02	-8.491326e-02	4.073317e-03	9.983695e-03	2.605196e-01	8.455045e-05	2.605619e-01	-2.604774e-01
483           	7.384721e-01	4.517621e-01	2.867099e-01	-1.624416e-01	-7.685230e-02	-8.558926e-02	4.368481e-03	8.252611e-02	2.545744e-01	1.361633e-04	2.546425e-01	-2.545063e-01
484           	7.367568e-01	5.120962e-01	2.246607e-01	-1.619788e-01	-7.616396e-02	-8.581483e-02	4.825431e-03	1.437178e-01	2.465243e-01	2.452184e-04	2.466470e-01	-2.464017e-01
485           	7.354978e-01	5.522136e-01	1.832842e-01	-1.608646e-01	-7.514801e-02	-8.571657e-02	5.284276e-03	1.844647e-01	2.377181e-01	4.202369e-04	2.379283e-01	-2.375080e-01
486           	7.349931e-01	5.662852e-01	1.687079e-01	-1.596075e-01	-7.421389e-02	-8.539359e-02	5.589847e-03	1.987887e-01	2.310060e-01	6.260025e-04	2.313190e-01	-2.306930e-01
487           	7.350005e-01	5.525022e-01	1.824983e-01	-1.584175e-01	-7.353623e-02	-8.488123e-02	5.672504e-03	1.850020e-01	2.281917e-01	8.272008e-04	2.286053e-01	-2.277781e-01
488           	7.351000e-01	5.133240e-01	2.217760e-01	-1.571367e-01	-7.294676e-02	-8.418992e-02	5.621581e-03	1.457740e-01	2.300347e-01	9.905539e-04	2.305299e-01	-2.295394e-01
489           	7.348588e-01	4.548794e-01	2.799793e-01	-1.556209e-01	-7.226189e-02	-8.335904e-02	5.548578e-03	8.745006e-02	2.343889e-01	1.066993e-03	2.349224e-01	-2.338554e-01
490           	7.341632e-01	3.854677e-01	3.486955e-01	-1.539405e-01	-7.145714e-02	-8.248341e-02	5.513136e-03	1.838611e-02	2.386800e-01	1.045453e-03	2.392027e-01	-2.381573e-01
491           	7.335433e-01	3.149754e-01	4.185679e-01	-1.524039e-01	-7.069829e-02	-8.170564e-02	5.503674e-03	-5.179626e-02	2.426289e-01	9.512983e-04	2.431045e-01	-2.421532e-01
492           	7.334517e-01	2.538979e-01	4.795538e-01	-1.513773e-01	-7.022073e-02	-8.115661e-02	5.467939e-03	-1.128280e-01	2.467483e-01	8.028581e-04	2.471497e-01	-2.463468e-01
493           	7.340457e-01	2.126090e-01	5.214366e-01	-1.511274e-01	-7.027929e-02	-8.084813e-02	5.284423e-03	-1.544138e-01	2.517088e-01	6.286494e-04	2.520231e-01	-2.513945e-01
494           	7.352370e-01	1.992515e-01	5.359855e-01	-1.519720e-01	-7.108340e-02	-8.088856e-02	4.902583e-03	-1.683670e-01	2.581277e-01	4.524866e-04	2.583540e-01	-2.579015e-01
495           	7.362455e-01	2.167139e-01	5.195315e-01	-1.538810e-01	-7.251240e-02	-8.136855e-02	4.428075e-03	-1.514088e-01	2.644035e-01	3.069120e-04	2.645569e-01	-2.642500e-01
496           	7.367245e-01	2.622007e-01	4.745238e-01	-1.564049e-01	-7.418856e-02	-8.221630e-02	4.013872e-03	-1.061615e-01	2.694078e-01	1.939275e-04	2.695048e-01	-2.693109e-01
497           	7.363324e-01	3.276382e-01	4.086942e-01	-1.587640e-01	-7.556863e-02	-8.319535e-02	3.813360e-03	-4.052802e-02	2.717099e-01	1.346750e-04	2.717772e-01	-2.716425e-01
498           	7.351327e-01	4.013162e-01	3.338165e-01	-1.601087e-01	-7.612295e-02	-8.398571e-02	3.931378e-03	3.374984e-02	2.695748e-01	1.438568e-04	2.696467e-01	-2.695029e-01
499           	7.335226e-01	4.711030e-01	2.624196e-01	-1.602281e-01	-7.578847e-02	-8.443958e-02	4.325553e-03	1.043417e-01	2.628603e-01	2.125946e-04	2.629666e-01	-2.627540e-01
500           	7.320161e-01	5.259680e-01	2.060481e-01	-1.595721e-01	-7.491021e-02	-8.466187e-02	4.875831e-03	1.599599e-01	2.536145e-01	3.313461e-04	2.537802e-01	-2.534489e-01
