# Force and moment coefficients
# dragDir     : (1.000000e+00 0.000000e+00 0.000000e+00)
# sideDir     : (0.000000e+00 0.000000e+00 -1.000000e+00)
# liftDir     : (0.000000e+00 1.000000e+00 0.000000e+00)
# rollAxis    : (1.000000e+00 0.000000e+00 0.000000e+00)
# pitchAxis   : (0.000000e+00 0.000000e+00 -1.000000e+00)
# yawAxis     : (0.000000e+00 1.000000e+00 0.000000e+00)
# magUInf     : 1.250000e+01
# lRef        : 2.380000e-02
# Aref        : 7.140000e-03
# CofR        : (0.000000e+00 0.000000e+00 0.000000e+00)
#
# Time        	Cd            	Cd(f)         	Cd(r)         	Cl            	Cl(f)         	Cl(r)         	CmPitch       	CmRoll        	CmYaw         	Cs            	Cs(f)         	Cs(r)         
1             	1.856129e+02	9.274105e+01	9.287182e+01	3.763054e-01	2.915707e-01	8.473468e-02	1.034180e-01	-6.538545e-02	3.108853e-01	1.009150e-04	3.109358e-01	-3.108349e-01
2             	7.916973e+01	3.948374e+01	3.968600e+01	5.205561e-02	4.781196e-03	4.727442e-02	-2.124661e-02	-1.011317e-01	-2.585742e-01	3.061253e-02	-2.432680e-01	2.738805e-01
3             	-1.712996e+02	-8.365399e+01	-8.764566e+01	-2.105568e+00	-2.417983e+00	3.124146e-01	-1.365199e+00	1.995835e+00	8.201134e+00	-7.163308e-03	8.197552e+00	-8.204715e+00
4             	-1.686143e+02	-8.635867e+01	-8.225560e+01	1.918967e+00	-3.697160e-01	2.288683e+00	-1.329199e+00	-2.051532e+00	-1.090000e-01	5.347171e-02	-8.226411e-02	1.357358e-01
5             	-6.491526e+01	-3.601065e+01	-2.890461e+01	5.238133e+00	1.543970e+00	3.694164e+00	-1.075097e+00	-3.553021e+00	6.137978e-02	-6.364442e-03	5.819756e-02	-6.456200e-02
6             	1.084297e+01	1.930607e+00	8.912359e+00	3.769486e+00	9.768363e-01	2.792649e+00	-9.079065e-01	-3.490876e+00	-9.850267e-01	-6.665729e-03	-9.883596e-01	9.816938e-01
7             	4.120672e+01	1.783036e+01	2.337636e+01	7.119193e-01	-4.416654e-01	1.153585e+00	-7.976250e-01	-2.773000e+00	-2.058637e+00	5.347478e-03	-2.055963e+00	2.061310e+00
8             	4.221609e+01	1.966566e+01	2.255043e+01	-2.763277e+00	-2.030202e+00	-7.330746e-01	-6.485638e-01	-1.442384e+00	-1.496026e+00	-3.241334e-03	-1.497647e+00	1.494406e+00
9             	3.358123e+01	1.566857e+01	1.791266e+01	-5.332935e+00	-3.135536e+00	-2.197399e+00	-4.690689e-01	-1.122042e+00	-8.463133e-01	-5.073394e-03	-8.488500e-01	8.437766e-01
10            	2.398426e+01	1.056226e+01	1.342200e+01	-6.035519e+00	-3.342541e+00	-2.692977e+00	-3.247822e-01	-1.429870e+00	-1.204481e-01	-8.515890e-03	-1.247060e-01	1.161901e-01
11            	1.576470e+01	5.997221e+00	9.767481e+00	-5.834063e+00	-3.139427e+00	-2.694636e+00	-2.223955e-01	-1.885130e+00	1.073616e-01	-8.855419e-03	1.029339e-01	-1.117893e-01
12            	1.172483e+01	3.926674e+00	7.798160e+00	-4.737614e+00	-2.586932e+00	-2.150682e+00	-2.181250e-01	-1.935743e+00	3.826625e-01	-3.236707e-03	3.810441e-01	-3.842808e-01
13            	8.940687e+00	2.817567e+00	6.123120e+00	-4.101118e+00	-2.354936e+00	-1.746181e+00	-3.043775e-01	-1.652776e+00	7.486171e-01	-4.890353e-03	7.461719e-01	-7.510623e-01
14            	6.587134e+00	1.915368e+00	4.671767e+00	-3.926143e+00	-2.336827e+00	-1.589316e+00	-3.737556e-01	-1.378200e+00	1.056507e+00	-7.216310e-03	1.052899e+00	-1.060115e+00
15            	4.534645e+00	1.617742e+00	2.916903e+00	-3.609581e+00	-2.192737e+00	-1.416844e+00	-3.879470e-01	-6.495808e-01	1.288902e+00	-7.122266e-03	1.285341e+00	-1.292463e+00
16            	2.736246e+00	1.091862e+00	1.644384e+00	-3.530230e+00	-2.101003e+00	-1.429227e+00	-3.358879e-01	-2.762612e-01	1.508080e+00	-7.352682e-03	1.504403e+00	-1.511756e+00
17            	1.342841e+00	7.806759e-01	5.621647e-01	-3.344425e+00	-1.902340e+00	-1.442085e+00	-2.301272e-01	1.092556e-01	1.224667e+00	-3.385998e-03	1.222974e+00	-1.226360e+00
18            	2.716188e-01	5.341374e-01	-2.625186e-01	-3.043598e+00	-1.624895e+00	-1.418703e+00	-1.030959e-01	3.983280e-01	1.255161e+00	-4.552833e-04	1.254933e+00	-1.255388e+00
19            	-3.753183e-01	3.700147e-01	-7.453330e-01	-2.664061e+00	-1.316830e+00	-1.347230e+00	1.520019e-02	5.576738e-01	1.037544e+00	-2.330607e-03	1.036379e+00	-1.038710e+00
20            	-7.021554e-01	3.459521e-01	-1.048108e+00	-2.303140e+00	-1.048618e+00	-1.254522e+00	1.029517e-01	6.970298e-01	1.054015e+00	-4.887668e-03	1.051571e+00	-1.056459e+00
21            	-9.104894e-01	1.650038e-01	-1.075493e+00	-1.914361e+00	-8.056822e-01	-1.108678e+00	1.514980e-01	6.202485e-01	7.378145e-01	-5.717732e-03	7.349556e-01	-7.406734e-01
22            	-9.518389e-01	9.510206e-02	-1.046941e+00	-1.570171e+00	-6.209576e-01	-9.492139e-01	1.641281e-01	5.710215e-01	5.460055e-01	-5.228223e-03	5.433914e-01	-5.486196e-01
23            	-9.236863e-01	8.457215e-02	-1.008258e+00	-1.265450e+00	-4.757706e-01	-7.896790e-01	1.569542e-01	5.464153e-01	2.106801e-01	-4.052782e-03	2.086537e-01	-2.127065e-01
24            	-8.128030e-01	1.029884e-01	-9.157915e-01	-1.022871e+00	-3.673079e-01	-6.555626e-01	1.441273e-01	5.093900e-01	8.951301e-02	-4.196964e-03	8.741453e-02	-9.161149e-02
25            	-6.727889e-01	1.856602e-01	-8.584491e-01	-8.020228e-01	-2.732199e-01	-5.288029e-01	1.277915e-01	5.220546e-01	-1.251990e-01	-4.316064e-03	-1.273570e-01	1.230410e-01
26            	-4.779601e-01	2.399692e-01	-7.179292e-01	-6.049844e-01	-1.929171e-01	-4.120674e-01	1.095752e-01	4.789492e-01	-1.674481e-01	-5.052136e-03	-1.699742e-01	1.649221e-01
27            	-2.384248e-01	3.612369e-01	-5.996617e-01	-4.526200e-01	-1.366836e-01	-3.159364e-01	8.962642e-02	4.804493e-01	-2.356008e-01	-5.229235e-03	-2.382154e-01	2.329862e-01
28            	4.335193e-04	4.122991e-01	-4.118655e-01	-3.445646e-01	-1.025035e-01	-2.420612e-01	6.977886e-02	4.120823e-01	-2.653192e-01	-5.396422e-03	-2.680174e-01	2.626210e-01
29            	2.292133e-01	4.510082e-01	-2.217948e-01	-2.623930e-01	-7.982233e-02	-1.825706e-01	5.137414e-02	3.364015e-01	-3.068670e-01	-3.474073e-03	-3.086041e-01	3.051300e-01
30            	4.274505e-01	4.144642e-01	1.298625e-02	-1.810673e-01	-5.899464e-02	-1.220727e-01	3.153903e-02	2.007390e-01	-2.992407e-01	4.706982e-04	-2.990053e-01	2.994760e-01
31            	6.432833e-01	4.565966e-01	1.866868e-01	-1.026736e-01	-3.904900e-02	-6.362457e-02	1.228779e-02	1.349549e-01	-3.847946e-01	7.573530e-03	-3.810078e-01	3.885813e-01
32            	8.873031e-01	6.902666e-01	1.970366e-01	-2.116751e-03	-7.479262e-03	5.362511e-03	-6.420886e-03	2.466150e-01	-4.834556e-01	1.665946e-02	-4.751258e-01	4.917853e-01
33            	1.122450e+00	9.853152e-01	1.371343e-01	1.298765e-01	4.477064e-02	8.510585e-02	-2.016761e-02	4.240905e-01	-6.365769e-01	2.500002e-02	-6.240769e-01	6.490769e-01
34            	1.300446e+00	9.999292e-01	3.005172e-01	2.552877e-01	9.871612e-02	1.565716e-01	-2.892774e-02	3.497060e-01	-6.150147e-01	2.969203e-02	-6.001686e-01	6.298607e-01
35            	1.427701e+00	6.136388e-01	8.140626e-01	3.563286e-01	1.447921e-01	2.115365e-01	-3.337219e-02	-1.002119e-01	-4.553150e-01	2.879966e-02	-4.409152e-01	4.697149e-01
36            	1.518063e+00	1.257300e-01	1.392333e+00	4.066509e-01	1.682322e-01	2.384186e-01	-3.509319e-02	-6.333014e-01	-3.149984e-01	2.294248e-02	-3.035272e-01	3.264696e-01
37            	1.599155e+00	-1.471054e-01	1.746261e+00	3.996208e-01	1.655587e-01	2.340622e-01	-3.425175e-02	-9.466829e-01	-2.260281e-01	1.470078e-02	-2.186777e-01	2.333784e-01
38            	1.673430e+00	-1.630105e-01	1.836441e+00	3.669006e-01	1.525909e-01	2.143098e-01	-3.085944e-02	-9.997256e-01	-1.522626e-01	6.594233e-03	-1.489655e-01	1.555598e-01
39            	1.702511e+00	-4.537966e-02	1.747890e+00	3.614703e-01	1.534390e-01	2.080313e-01	-2.729614e-02	-8.966350e-01	-1.061059e-01	-8.990218e-04	-1.065554e-01	1.056564e-01
40            	1.653546e+00	5.757680e-02	1.595969e+00	3.955069e-01	1.732142e-01	2.222927e-01	-2.453923e-02	-7.691960e-01	-8.686952e-02	-4.485320e-03	-8.911218e-02	8.462686e-02
41            	1.538546e+00	8.007541e-02	1.458470e+00	4.347555e-01	1.953209e-01	2.394346e-01	-2.205684e-02	-6.891974e-01	-7.943777e-02	-4.959263e-03	-8.191740e-02	7.695814e-02
42            	1.399218e+00	1.783963e-02	1.381379e+00	4.401880e-01	2.007520e-01	2.394360e-01	-1.934196e-02	-6.817696e-01	-6.575016e-02	-2.890601e-03	-6.719546e-02	6.430486e-02
43            	1.257877e+00	-1.016016e-01	1.359478e+00	3.925543e-01	1.802457e-01	2.123086e-01	-1.603146e-02	-7.305400e-01	-3.839101e-02	1.494629e-04	-3.831628e-02	3.846575e-02
44            	1.131042e+00	-2.366448e-01	1.367687e+00	2.950222e-01	1.353515e-01	1.596707e-01	-1.215961e-02	-8.021659e-01	-1.306496e-02	2.846099e-03	-1.164191e-02	1.448801e-02
45            	1.030936e+00	-3.464260e-01	1.377362e+00	1.694568e-01	7.647930e-02	9.297750e-02	-8.249099e-03	-8.618941e-01	3.784747e-03	4.659032e-03	6.114264e-03	-1.455231e-03
46            	9.633696e-01	-4.072988e-01	1.370668e+00	5.352323e-02	2.182663e-02	3.169660e-02	-4.934987e-03	-8.889836e-01	5.726425e-03	5.368895e-03	8.410873e-03	-3.041978e-03
47            	9.235574e-01	-4.243752e-01	1.347933e+00	-3.364038e-02	-1.923571e-02	-1.440468e-02	-2.415514e-03	-8.861539e-01	2.895263e-03	5.314913e-03	5.552720e-03	-2.378068e-04
48            	9.023070e-01	-4.197159e-01	1.322023e+00	-8.346961e-02	-4.260011e-02	-4.086950e-02	-8.653025e-04	-8.708694e-01	-1.354692e-02	4.760434e-03	-1.116671e-02	1.592714e-02
49            	8.905391e-01	-4.097043e-01	1.300243e+00	-1.034420e-01	-5.187853e-02	-5.156346e-02	-1.575331e-04	-8.549739e-01	-2.857540e-02	4.414849e-03	-2.636798e-02	3.078283e-02
50            	8.792424e-01	-4.064869e-01	1.285729e+00	-1.035334e-01	-5.178157e-02	-5.175185e-02	-1.485862e-05	-8.461081e-01	-4.481609e-02	4.078969e-03	-4.277661e-02	4.685558e-02
51            	8.685208e-01	-4.069831e-01	1.275504e+00	-9.782459e-02	-4.886242e-02	-4.896217e-02	4.987749e-05	-8.412435e-01	-5.577624e-02	4.117742e-03	-5.371736e-02	5.783511e-02
52            	8.590109e-01	-4.002526e-01	1.259263e+00	-9.534637e-02	-4.742410e-02	-4.792227e-02	2.490853e-04	-8.297580e-01	-6.253418e-02	4.252251e-03	-6.040805e-02	6.466030e-02
53            	8.514965e-01	-3.768615e-01	1.228358e+00	-1.009896e-01	-4.986348e-02	-5.112607e-02	6.312947e-04	-8.026097e-01	-5.843694e-02	4.556417e-03	-5.615873e-02	6.071515e-02
54            	8.455285e-01	-3.291168e-01	1.174645e+00	-1.137622e-01	-5.567500e-02	-5.808721e-02	1.206104e-03	-7.518810e-01	-5.192588e-02	4.819354e-03	-4.951620e-02	5.433555e-02
55            	8.412575e-01	-2.543819e-01	1.095639e+00	-1.289281e-01	-6.258410e-02	-6.634397e-02	1.879933e-03	-6.750106e-01	-4.518146e-02	4.977919e-03	-4.269250e-02	4.767042e-02
56            	8.371968e-01	-1.467588e-01	9.839556e-01	-1.396919e-01	-6.734823e-02	-7.234366e-02	2.497714e-03	-5.653572e-01	-3.960130e-02	4.748466e-03	-3.722707e-02	4.197553e-02
57            	8.322227e-01	-3.099086e-03	8.353218e-01	-1.367258e-01	-6.551957e-02	-7.120623e-02	2.843329e-03	-4.192104e-01	-3.170842e-02	4.288001e-03	-2.956442e-02	3.385242e-02
58            	8.269082e-01	1.720774e-01	6.548308e-01	-1.122238e-01	-5.342343e-02	-5.880040e-02	2.688489e-03	-2.413767e-01	-2.535761e-02	3.568462e-03	-2.357338e-02	2.714184e-02
59            	8.232146e-01	3.688393e-01	4.543753e-01	-6.253237e-02	-2.936044e-02	-3.317193e-02	1.905748e-03	-4.276800e-02	-2.457048e-02	2.865463e-03	-2.313775e-02	2.600321e-02
60            	8.186409e-01	5.457656e-01	2.728753e-01	7.903139e-03	4.481718e-03	3.421421e-03	5.301488e-04	1.364452e-01	-2.486102e-02	2.305643e-03	-2.370820e-02	2.601385e-02
61            	8.100524e-01	6.741023e-01	1.359501e-01	8.857743e-02	4.308820e-02	4.548923e-02	-1.200515e-03	2.690761e-01	-1.829685e-02	1.901181e-03	-1.734626e-02	1.924744e-02
62            	7.978454e-01	7.359267e-01	6.191879e-02	1.670006e-01	8.045866e-02	8.654193e-02	-3.041637e-03	3.370039e-01	-8.176029e-03	1.488491e-03	-7.431783e-03	8.920274e-03
63            	7.852129e-01	7.310539e-01	5.415895e-02	2.310053e-01	1.107750e-01	1.202304e-01	-4.727713e-03	3.384475e-01	1.275278e-03	1.082651e-03	1.816604e-03	-7.339528e-04
64            	7.770943e-01	6.761175e-01	1.009768e-01	2.709453e-01	1.294524e-01	1.414929e-01	-6.020279e-03	2.875704e-01	3.442402e-03	5.615619e-04	3.723183e-03	-3.161621e-03
65            	7.744993e-01	5.918528e-01	1.826464e-01	2.796269e-01	1.331268e-01	1.465001e-01	-6.686666e-03	2.046032e-01	2.884291e-03	2.930820e-05	2.898945e-03	-2.869637e-03
66            	7.759467e-01	5.009489e-01	2.749978e-01	2.547440e-01	1.207338e-01	1.340102e-01	-6.638182e-03	1.129755e-01	7.645285e-03	-4.980839e-04	7.396243e-03	-7.894327e-03
67            	7.800391e-01	4.275579e-01	3.524812e-01	1.995955e-01	9.396977e-02	1.056257e-01	-5.827962e-03	3.753835e-02	1.889551e-02	-8.737161e-04	1.845865e-02	-1.933237e-02
68            	7.842776e-01	3.887115e-01	3.955660e-01	1.222248e-01	5.675345e-02	6.547134e-02	-4.358944e-03	-3.427250e-03	3.453349e-02	-1.137061e-03	3.396496e-02	-3.510202e-02
69            	7.860678e-01	3.941923e-01	3.918756e-01	3.429208e-02	1.471288e-02	1.957919e-02	-2.433156e-03	1.158342e-03	5.063297e-02	-1.211486e-03	5.002723e-02	-5.123872e-02
70            	7.857598e-01	4.428888e-01	3.428710e-01	-5.078271e-02	-2.573345e-02	-2.504926e-02	-3.420957e-04	5.000893e-02	5.969934e-02	-1.147415e-03	5.912563e-02	-6.027305e-02
71            	7.854654e-01	5.213714e-01	2.640941e-01	-1.156856e-01	-5.625560e-02	-5.943000e-02	1.587200e-03	1.286387e-01	5.690062e-02	-9.497367e-04	5.642576e-02	-5.737549e-02
72            	7.849454e-01	6.070184e-01	1.779270e-01	-1.453475e-01	-6.978929e-02	-7.555824e-02	2.884474e-03	2.145457e-01	5.012152e-02	-6.499154e-04	4.979656e-02	-5.044648e-02
73            	7.860071e-01	6.814074e-01	1.045997e-01	-1.363565e-01	-6.479472e-02	-7.156182e-02	3.383547e-03	2.884039e-01	4.346599e-02	-2.036624e-04	4.336416e-02	-4.356782e-02
74            	7.871378e-01	7.132664e-01	7.387136e-02	-8.790011e-02	-4.108760e-02	-4.681252e-02	2.862460e-03	3.196975e-01	4.357282e-02	2.153036e-04	4.368047e-02	-4.346517e-02
75            	7.871037e-01	6.875638e-01	9.953994e-02	-1.269626e-02	-4.889861e-03	-7.806403e-03	1.458271e-03	2.940119e-01	5.337864e-02	6.153597e-04	5.368632e-02	-5.307096e-02
76            	7.854222e-01	5.992324e-01	1.861898e-01	7.200526e-02	3.546512e-02	3.654014e-02	-5.375087e-04	2.065213e-01	6.346122e-02	9.562893e-04	6.393936e-02	-6.298307e-02
77            	7.820948e-01	4.622558e-01	3.198390e-01	1.468785e-01	7.079998e-02	7.607853e-02	-2.639274e-03	7.120837e-02	6.932457e-02	1.226770e-03	6.993796e-02	-6.871119e-02
78            	7.786153e-01	3.047065e-01	4.739087e-01	1.951625e-01	9.318164e-02	1.019808e-01	-4.399601e-03	-8.460110e-02	7.254116e-02	1.385096e-03	7.323370e-02	-7.184861e-02
79            	7.772909e-01	1.627332e-01	6.145577e-01	2.073178e-01	9.820370e-02	1.091141e-01	-5.455193e-03	-2.259122e-01	7.740249e-02	1.465365e-03	7.813517e-02	-7.666981e-02
80            	7.787677e-01	6.681597e-02	7.119518e-01	1.819611e-01	8.535579e-02	9.660532e-02	-5.624765e-03	-3.225679e-01	8.614160e-02	1.409678e-03	8.684644e-02	-8.543676e-02
81            	7.830607e-01	3.394097e-02	7.491198e-01	1.248498e-01	5.758514e-02	6.726462e-02	-4.839742e-03	-3.575894e-01	1.024327e-01	1.247649e-03	1.030565e-01	-1.018089e-01
82            	7.855156e-01	7.016564e-02	7.153500e-01	4.908155e-02	2.129544e-02	2.778611e-02	-3.245337e-03	-3.225922e-01	1.195359e-01	9.988959e-04	1.200353e-01	-1.190365e-01
83            	7.879898e-01	1.656925e-01	6.222973e-01	-3.253409e-02	-1.741659e-02	-1.511750e-02	-1.149543e-03	-2.283024e-01	1.282535e-01	7.424617e-04	1.286248e-01	-1.278823e-01
84            	7.903053e-01	3.018261e-01	4.884792e-01	-1.049302e-01	-5.144399e-02	-5.348619e-02	1.021101e-03	-9.332655e-02	1.297349e-01	4.429730e-04	1.299564e-01	-1.295134e-01
85            	7.932453e-01	4.558978e-01	3.373475e-01	-1.541868e-01	-7.420352e-02	-7.998329e-02	2.889885e-03	5.927514e-02	1.250910e-01	1.950713e-04	1.251885e-01	-1.249934e-01
86            	7.970508e-01	5.986773e-01	1.983735e-01	-1.717979e-01	-8.180345e-02	-8.999443e-02	4.095491e-03	2.001519e-01	1.147005e-01	4.129417e-05	1.147211e-01	-1.146798e-01
87            	8.006073e-01	7.035695e-01	9.703781e-02	-1.550555e-01	-7.308720e-02	-8.196832e-02	4.440558e-03	3.032659e-01	1.095700e-01	9.601990e-05	1.096180e-01	-1.095220e-01
88            	8.028415e-01	7.523159e-01	5.052569e-02	-1.069972e-01	-4.966867e-02	-5.732857e-02	3.829949e-03	3.508951e-01	1.113852e-01	3.653536e-04	1.115679e-01	-1.112025e-01
89            	8.019132e-01	7.343141e-01	6.759909e-02	-3.542854e-02	-1.535610e-02	-2.007245e-02	2.358173e-03	3.333575e-01	1.153110e-01	7.943578e-04	1.157082e-01	-1.149138e-01
90            	7.981326e-01	6.527966e-01	1.453361e-01	4.435676e-02	2.246971e-02	2.188705e-02	2.913324e-04	2.537302e-01	1.178601e-01	1.250388e-03	1.184853e-01	-1.172349e-01
91            	7.931075e-01	5.237312e-01	2.693764e-01	1.141137e-01	5.518820e-02	5.892550e-02	-1.868650e-03	1.271774e-01	1.168277e-01	1.682807e-03	1.176691e-01	-1.159863e-01
92            	7.897126e-01	3.710575e-01	4.186551e-01	1.604489e-01	7.653769e-02	8.391119e-02	-3.686753e-03	-2.379876e-02	1.109461e-01	1.987026e-03	1.119396e-01	-1.099526e-01
93            	7.883157e-01	2.195227e-01	5.687930e-01	1.773571e-01	8.383236e-02	9.352472e-02	-4.846179e-03	-1.746352e-01	1.026157e-01	2.122064e-03	1.036768e-01	-1.015547e-01
94            	7.895282e-01	9.305587e-02	6.964723e-01	1.648368e-01	7.725284e-02	8.758391e-02	-5.165537e-03	-3.017082e-01	9.760903e-02	2.072764e-03	9.864542e-02	-9.657265e-02
95            	7.932130e-01	1.325659e-02	7.799564e-01	1.266493e-01	5.868700e-02	6.796227e-02	-4.637635e-03	-3.833499e-01	9.894389e-02	1.916892e-03	9.990233e-02	-9.798544e-02
96            	7.992816e-01	-4.811530e-03	8.040932e-01	6.911214e-02	3.116296e-02	3.794918e-02	-3.393109e-03	-4.044523e-01	1.063468e-01	1.665518e-03	1.071795e-01	-1.055140e-01
97            	8.028932e-01	4.433074e-02	7.585624e-01	5.313780e-03	1.010791e-03	4.302990e-03	-1.646099e-03	-3.571158e-01	1.160833e-01	1.390767e-03	1.167787e-01	-1.153880e-01
98            	8.064705e-01	1.523052e-01	6.541653e-01	-5.370423e-02	-2.664289e-02	-2.706134e-02	2.092222e-04	-2.509301e-01	1.250666e-01	1.151797e-03	1.256425e-01	-1.244907e-01
99            	8.108209e-01	3.031837e-01	5.076373e-01	-9.949058e-02	-4.788076e-02	-5.160982e-02	1.864533e-03	-1.022268e-01	1.288886e-01	9.601911e-04	1.293687e-01	-1.284085e-01
100           	8.134306e-01	4.692951e-01	3.441355e-01	-1.261407e-01	-6.002192e-02	-6.611873e-02	3.048403e-03	6.257977e-02	1.252109e-01	8.269317e-04	1.256244e-01	-1.247974e-01
101           	8.135328e-01	6.210095e-01	1.925232e-01	-1.307956e-01	-6.179253e-02	-6.900308e-02	3.605277e-03	2.142431e-01	1.171565e-01	7.881746e-04	1.175506e-01	-1.167624e-01
102           	8.119431e-01	7.321255e-01	7.981755e-02	-1.133178e-01	-5.316574e-02	-6.015206e-02	3.493159e-03	3.261540e-01	1.088811e-01	8.338125e-04	1.092980e-01	-1.084642e-01
103           	8.093214e-01	7.840602e-01	2.526116e-02	-7.727617e-02	-3.588881e-02	-4.138736e-02	2.749273e-03	3.793995e-01	1.028523e-01	9.879855e-04	1.033463e-01	-1.023583e-01
104           	8.059691e-01	7.672764e-01	3.869271e-02	-3.106795e-02	-1.398621e-02	-1.708173e-02	1.547762e-03	3.642918e-01	9.893898e-02	1.209689e-03	9.954383e-02	-9.833414e-02
105           	8.029863e-01	6.867745e-01	1.162118e-01	1.441422e-02	7.382387e-03	7.031833e-03	1.752772e-04	2.852813e-01	9.539970e-02	1.452670e-03	9.612604e-02	-9.467337e-02
106           	8.030835e-01	5.566180e-01	2.464656e-01	5.047380e-02	2.417437e-02	2.629942e-02	-1.062525e-03	1.550762e-01	9.186192e-02	1.647230e-03	9.268553e-02	-9.103830e-02
107           	8.024552e-01	4.008912e-01	4.015640e-01	7.212025e-02	3.412641e-02	3.799383e-02	-1.933711e-03	-3.364112e-04	8.667706e-02	1.751949e-03	8.755304e-02	-8.580109e-02
108           	8.018317e-01	2.450653e-01	5.567664e-01	7.936237e-02	3.732023e-02	4.204214e-02	-2.360957e-03	-1.558505e-01	8.132558e-02	1.717729e-03	8.218445e-02	-8.046672e-02
109           	8.020847e-01	1.144434e-01	6.876412e-01	7.276074e-02	3.404594e-02	3.871480e-02	-2.334427e-03	-2.865989e-01	7.803679e-02	1.592531e-03	7.883306e-02	-7.724053e-02
110           	8.036059e-01	3.053047e-02	7.730754e-01	5.485083e-02	2.549554e-02	2.935530e-02	-1.929879e-03	-3.712725e-01	7.793449e-02	1.427387e-03	7.864819e-02	-7.722080e-02
111           	8.062845e-01	9.935226e-03	7.963493e-01	3.072788e-02	1.409988e-02	1.662801e-02	-1.264067e-03	-3.932070e-01	8.131052e-02	1.304198e-03	8.196262e-02	-8.065842e-02
112           	8.093535e-01	5.770076e-02	7.516527e-01	6.783451e-03	2.887241e-03	3.896210e-03	-5.044842e-04	-3.469760e-01	8.624427e-02	1.193092e-03	8.684082e-02	-8.564773e-02
113           	8.122255e-01	1.665243e-01	6.457012e-01	-1.207200e-02	-5.865335e-03	-6.206662e-03	1.706631e-04	-2.395885e-01	9.170285e-02	1.155030e-03	9.228037e-02	-9.112534e-02
114           	8.150618e-01	3.200311e-01	4.950307e-01	-2.418565e-02	-1.145570e-02	-1.272995e-02	6.371238e-04	-8.749980e-02	9.573862e-02	1.174057e-03	9.632565e-02	-9.515159e-02
115           	8.150747e-01	4.881649e-01	3.269098e-01	-2.981950e-02	-1.403432e-02	-1.578519e-02	8.754343e-04	8.062751e-02	9.483975e-02	1.220147e-03	9.544983e-02	-9.422968e-02
116           	8.114842e-01	6.372498e-01	1.742344e-01	-3.012909e-02	-1.416334e-02	-1.596574e-02	9.012006e-04	2.315077e-01	8.970104e-02	1.224921e-03	9.031350e-02	-8.908858e-02
117           	8.077187e-01	7.474084e-01	6.031024e-02	-2.728183e-02	-1.283147e-02	-1.445036e-02	8.094445e-04	3.435491e-01	8.363307e-02	1.227957e-03	8.424705e-02	-8.301909e-02
118           	8.055534e-01	8.015804e-01	3.973009e-03	-2.423077e-02	-1.144922e-02	-1.278155e-02	6.661630e-04	3.988037e-01	8.023210e-02	1.224018e-03	8.084411e-02	-7.962009e-02
119           	8.064828e-01	7.922534e-01	1.422940e-02	-2.331247e-02	-1.109190e-02	-1.222057e-02	5.643387e-04	3.890120e-01	8.198953e-02	1.236026e-03	8.260754e-02	-8.137151e-02
120           	8.082647e-01	7.180714e-01	9.019328e-02	-2.423281e-02	-1.158666e-02	-1.264616e-02	5.297503e-04	3.139391e-01	8.785373e-02	1.236100e-03	8.847178e-02	-8.723568e-02
121           	8.103885e-01	5.931947e-01	2.171938e-01	-2.430326e-02	-1.159862e-02	-1.270464e-02	5.530101e-04	1.880004e-01	9.504493e-02	1.299061e-03	9.569446e-02	-9.439540e-02
122           	8.122561e-01	4.418629e-01	3.703932e-01	-2.073115e-02	-9.807981e-03	-1.092317e-02	5.575959e-04	3.573486e-02	9.971086e-02	1.386454e-03	1.004041e-01	-9.901763e-02
123           	8.130166e-01	2.914148e-01	5.216018e-01	-1.203876e-02	-5.530470e-03	-6.508287e-03	4.889083e-04	-1.150935e-01	9.885103e-02	1.477599e-03	9.958983e-02	-9.811223e-02
124           	8.122639e-01	1.682578e-01	6.440061e-01	1.931571e-03	1.262607e-03	6.689641e-04	2.968214e-04	-2.378742e-01	9.135430e-02	1.540411e-03	9.212450e-02	-9.058409e-02
125           	8.122166e-01	8.901325e-02	7.232034e-01	1.908465e-02	9.529111e-03	9.555540e-03	-1.321423e-05	-3.170951e-01	8.040909e-02	1.600411e-03	8.120930e-02	-7.960889e-02
126           	8.135563e-01	6.362631e-02	7.499300e-01	3.588964e-02	1.753963e-02	1.835000e-02	-4.051858e-04	-3.431518e-01	7.083084e-02	1.663735e-03	7.166271e-02	-6.999897e-02
127           	8.156079e-01	9.391061e-02	7.216973e-01	4.819937e-02	2.332170e-02	2.487766e-02	-7.779807e-04	-3.138933e-01	6.661981e-02	1.750693e-03	6.749516e-02	-6.574446e-02
128           	8.183359e-01	1.730354e-01	6.453005e-01	5.281260e-02	2.534566e-02	2.746694e-02	-1.060641e-03	-2.361325e-01	6.916886e-02	1.819420e-03	7.007857e-02	-6.825915e-02
129           	8.192801e-01	2.834703e-01	5.358098e-01	4.792430e-02	2.280914e-02	2.511516e-02	-1.153012e-03	-1.261697e-01	7.488178e-02	1.914431e-03	7.583899e-02	-7.392456e-02
130           	8.183417e-01	4.028488e-01	4.154929e-01	3.500673e-02	1.646323e-02	1.854350e-02	-1.040137e-03	-6.322046e-03	7.945388e-02	1.965314e-03	8.043654e-02	-7.847122e-02
131           	8.169259e-01	5.117229e-01	3.052031e-01	1.742402e-02	7.972044e-03	9.451975e-03	-7.399656e-04	1.032599e-01	8.020308e-02	1.950977e-03	8.117857e-02	-7.922759e-02
132           	8.156484e-01	5.938111e-01	2.218373e-01	-1.839620e-03	-1.247343e-03	-5.922770e-04	-3.275328e-04	1.859869e-01	7.776662e-02	1.841304e-03	7.868728e-02	-7.684597e-02
133           	8.139107e-01	6.387892e-01	1.751214e-01	-2.013211e-02	-9.915182e-03	-1.021692e-02	1.508711e-04	2.318339e-01	7.480189e-02	1.695207e-03	7.564949e-02	-7.395429e-02
134           	8.136102e-01	6.462781e-01	1.673321e-01	-3.396886e-02	-1.638123e-02	-1.758763e-02	6.031984e-04	2.394730e-01	7.442878e-02	1.534615e-03	7.519609e-02	-7.366147e-02
135           	8.146787e-01	6.180823e-01	1.965964e-01	-4.012997e-02	-1.912696e-02	-2.100301e-02	9.380262e-04	2.107430e-01	7.827613e-02	1.447026e-03	7.899965e-02	-7.755262e-02
136           	8.171173e-01	5.587726e-01	2.583447e-01	-3.723392e-02	-1.753665e-02	-1.969727e-02	1.080307e-03	1.502140e-01	8.586959e-02	1.414549e-03	8.657687e-02	-8.516232e-02
137           	8.186976e-01	4.769417e-01	3.417560e-01	-2.628452e-02	-1.212636e-02	-1.415815e-02	1.015895e-03	6.759285e-02	9.290896e-02	1.466209e-03	9.364206e-02	-9.217586e-02
138           	8.193305e-01	3.854102e-01	4.339203e-01	-1.003810e-02	-4.263332e-03	-5.774766e-03	7.557169e-04	-2.425501e-02	9.589449e-02	1.512025e-03	9.665050e-02	-9.513848e-02
139           	8.194550e-01	2.977909e-01	5.216640e-01	8.300886e-03	4.515020e-03	3.785866e-03	3.645767e-04	-1.119366e-01	9.420044e-02	1.564236e-03	9.498256e-02	-9.341832e-02
140           	8.185202e-01	2.249552e-01	5.935651e-01	2.545826e-02	1.263031e-02	1.282795e-02	-9.882132e-05	-1.843049e-01	8.835220e-02	1.577781e-03	8.914110e-02	-8.756331e-02
141           	8.178672e-01	1.726419e-01	6.452254e-01	3.873429e-02	1.882129e-02	1.991300e-02	-5.458560e-04	-2.362917e-01	8.196844e-02	1.599374e-03	8.276812e-02	-8.116875e-02
142           	8.181662e-01	1.442685e-01	6.738977e-01	4.653296e-02	2.234060e-02	2.419237e-02	-9.258852e-04	-2.648146e-01	7.892276e-02	1.620214e-03	7.973287e-02	-7.811265e-02
143           	8.174366e-01	1.428301e-01	6.746065e-01	4.790740e-02	2.278180e-02	2.512560e-02	-1.171897e-03	-2.658882e-01	8.133586e-02	1.667088e-03	8.216941e-02	-8.050232e-02
144           	8.159368e-01	1.678058e-01	6.481309e-01	4.314050e-02	2.030215e-02	2.283835e-02	-1.268096e-03	-2.401625e-01	8.768105e-02	1.702084e-03	8.853209e-02	-8.683001e-02
145           	8.146303e-01	2.158233e-01	5.988070e-01	3.343312e-02	1.551706e-02	1.791605e-02	-1.199496e-03	-1.914918e-01	9.522283e-02	1.723641e-03	9.608465e-02	-9.436101e-02
146           	8.141287e-01	2.792582e-01	5.348705e-01	2.080325e-02	9.404809e-03	1.139844e-02	-9.968132e-04	-1.278061e-01	1.005809e-01	1.694160e-03	1.014280e-01	-9.973380e-02
147           	8.146620e-01	3.489679e-01	4.656941e-01	7.286653e-03	2.946577e-03	4.340077e-03	-6.967499e-04	-5.836312e-02	1.021556e-01	1.633039e-03	1.029722e-01	-1.013391e-01
148           	8.156351e-01	4.154220e-01	4.002131e-01	-5.479093e-03	-3.103209e-03	-2.375884e-03	-3.636624e-04	7.604428e-03	9.997730e-02	1.531087e-03	1.007428e-01	-9.921176e-02
149           	8.158933e-01	4.706491e-01	3.452442e-01	-1.657997e-02	-8.318755e-03	-8.261213e-03	-2.877075e-05	6.270247e-02	9.600488e-02	1.451611e-03	9.673069e-02	-9.527908e-02
150           	8.147520e-01	5.078562e-01	3.068958e-01	-2.520913e-02	-1.233545e-02	-1.287367e-02	2.691082e-04	1.004802e-01	9.289263e-02	1.393542e-03	9.358940e-02	-9.219586e-02
151           	8.118151e-01	5.219070e-01	2.899081e-01	-3.041478e-02	-1.470186e-02	-1.571292e-02	5.055330e-04	1.159995e-01	9.256617e-02	1.389278e-03	9.326081e-02	-9.187153e-02
152           	8.088275e-01	5.122089e-01	2.966187e-01	-3.152574e-02	-1.511980e-02	-1.640594e-02	6.430674e-04	1.077951e-01	9.542252e-02	1.410141e-03	9.612759e-02	-9.471745e-02
153           	8.065481e-01	4.802476e-01	3.263004e-01	-2.882833e-02	-1.373408e-02	-1.509425e-02	6.800818e-04	7.697361e-02	9.946777e-02	1.467293e-03	1.002014e-01	-9.873412e-02
154           	8.058800e-01	4.303173e-01	3.755627e-01	-2.329054e-02	-1.102712e-02	-1.226343e-02	6.181548e-04	2.737728e-02	1.023219e-01	1.519565e-03	1.030817e-01	-1.015621e-01
155           	8.054355e-01	3.703258e-01	4.351098e-01	-1.551489e-02	-7.286588e-03	-8.228302e-03	4.708574e-04	-3.239200e-02	1.014235e-01	1.579928e-03	1.022135e-01	-1.006336e-01
156           	8.048734e-01	3.091145e-01	4.957590e-01	-6.056206e-03	-2.779009e-03	-3.277197e-03	2.490939e-04	-9.332225e-02	9.728715e-02	1.615124e-03	9.809472e-02	-9.647959e-02
157           	8.038745e-01	2.545843e-01	5.492902e-01	4.187443e-03	2.082328e-03	2.105115e-03	-1.139363e-05	-1.473529e-01	9.207685e-02	1.660812e-03	9.290725e-02	-9.124644e-02
158           	8.016760e-01	2.126940e-01	5.889820e-01	1.387646e-02	6.643369e-03	7.233087e-03	-2.948591e-04	-1.881440e-01	8.758491e-02	1.704518e-03	8.843717e-02	-8.673265e-02
159           	7.997841e-01	1.876951e-01	6.120890e-01	2.134044e-02	1.011069e-02	1.122975e-02	-5.595343e-04	-2.121969e-01	8.651147e-02	1.769552e-03	8.739625e-02	-8.562670e-02
160           	7.989064e-01	1.823593e-01	6.165471e-01	2.524809e-02	1.184971e-02	1.339838e-02	-7.743388e-04	-2.170939e-01	8.936468e-02	1.824956e-03	9.027716e-02	-8.845220e-02
161           	7.991970e-01	1.975094e-01	6.016876e-01	2.443890e-02	1.132705e-02	1.311185e-02	-8.923995e-04	-2.020891e-01	9.486287e-02	1.874431e-03	9.580008e-02	-9.392565e-02
162           	8.011287e-01	2.309613e-01	5.701674e-01	1.855743e-02	8.378232e-03	1.017919e-02	-9.004809e-04	-1.696031e-01	1.016396e-01	1.891962e-03	1.025855e-01	-1.006936e-01
163           	8.030401e-01	2.772814e-01	5.257587e-01	7.344310e-03	2.920983e-03	4.423327e-03	-7.511718e-04	-1.242386e-01	1.073067e-01	1.889953e-03	1.082517e-01	-1.063618e-01
164           	8.045408e-01	3.300251e-01	4.745158e-01	-8.326826e-03	-4.617848e-03	-3.708978e-03	-4.544352e-04	-7.224536e-02	1.108034e-01	1.846759e-03	1.117268e-01	-1.098801e-01
165           	8.054918e-01	3.837547e-01	4.217371e-01	-2.673956e-02	-1.339467e-02	-1.334489e-02	-2.489191e-05	-1.899123e-02	1.119618e-01	1.799733e-03	1.128617e-01	-1.110619e-01
166           	8.047982e-01	4.321907e-01	3.726075e-01	-4.542530e-02	-2.223484e-02	-2.319047e-02	4.778136e-04	2.979164e-02	1.105557e-01	1.745533e-03	1.114285e-01	-1.096829e-01
167           	8.033660e-01	4.727062e-01	3.306598e-01	-6.195581e-02	-2.997225e-02	-3.198356e-02	1.005659e-03	7.102317e-02	1.087150e-01	1.729903e-03	1.095800e-01	-1.078501e-01
168           	8.018855e-01	5.020470e-01	2.998385e-01	-7.370262e-02	-3.537398e-02	-3.832863e-02	1.477325e-03	1.011043e-01	1.076018e-01	1.735961e-03	1.084698e-01	-1.067338e-01
169           	8.010328e-01	5.181835e-01	2.828493e-01	-7.854039e-02	-3.744645e-02	-4.109394e-02	1.823745e-03	1.176671e-01	1.077148e-01	1.782501e-03	1.086061e-01	-1.068235e-01
170           	8.017697e-01	5.199831e-01	2.817866e-01	-7.542232e-02	-3.572956e-02	-3.969276e-02	1.981600e-03	1.190983e-01	1.092510e-01	1.833004e-03	1.101675e-01	-1.083345e-01
171           	8.026276e-01	5.067527e-01	2.958749e-01	-6.381005e-02	-2.999906e-02	-3.381099e-02	1.905965e-03	1.054389e-01	1.100452e-01	1.900971e-03	1.109957e-01	-1.090947e-01
172           	8.031022e-01	4.806100e-01	3.224922e-01	-4.486906e-02	-2.085539e-02	-2.401367e-02	1.579140e-03	7.905887e-02	1.087789e-01	1.956347e-03	1.097570e-01	-1.078007e-01
173           	8.027235e-01	4.450577e-01	3.576658e-01	-2.133947e-02	-9.617359e-03	-1.172212e-02	1.052378e-03	4.369597e-02	1.053992e-01	2.025466e-03	1.064119e-01	-1.043864e-01
174           	8.024099e-01	4.032542e-01	3.991557e-01	3.498765e-03	2.147386e-03	1.351379e-03	3.980032e-04	2.049244e-03	1.016425e-01	2.075389e-03	1.026802e-01	-1.006048e-01
175           	8.019723e-01	3.588799e-01	4.430924e-01	2.603139e-02	1.273558e-02	1.329581e-02	-2.801168e-04	-4.210626e-02	9.904842e-02	2.112791e-03	1.001048e-01	-9.799203e-02
176           	8.013251e-01	3.165681e-01	4.847570e-01	4.266793e-02	2.044293e-02	2.222500e-02	-8.910319e-04	-8.409447e-02	9.919063e-02	2.111423e-03	1.002463e-01	-9.813492e-02
177           	8.009092e-01	2.828852e-01	5.180240e-01	5.027737e-02	2.382214e-02	2.645524e-02	-1.316549e-03	-1.175694e-01	1.028566e-01	2.082948e-03	1.038980e-01	-1.018151e-01
178           	8.008909e-01	2.637961e-01	5.370948e-01	4.708983e-02	2.206337e-02	2.502646e-02	-1.481545e-03	-1.366493e-01	1.086412e-01	2.005293e-03	1.096438e-01	-1.076385e-01
179           	8.017336e-01	2.637296e-01	5.380040e-01	3.293170e-02	1.513280e-02	1.779890e-02	-1.333047e-03	-1.371372e-01	1.153977e-01	1.921913e-03	1.163587e-01	-1.144368e-01
180           	8.021339e-01	2.832786e-01	5.188552e-01	9.360154e-03	3.814892e-03	5.545262e-03	-8.651848e-04	-1.177883e-01	1.195301e-01	1.838636e-03	1.204494e-01	-1.186108e-01
181           	8.019214e-01	3.211327e-01	4.807887e-01	-2.009876e-02	-1.017699e-02	-9.921771e-03	-1.276078e-04	-7.982802e-02	1.198639e-01	1.793824e-03	1.207609e-01	-1.189670e-01
182           	8.005608e-01	3.734718e-01	4.270890e-01	-5.007479e-02	-2.429653e-02	-2.577826e-02	7.408644e-04	-2.680857e-02	1.155951e-01	1.781039e-03	1.164857e-01	-1.147046e-01
183           	7.998231e-01	4.373010e-01	3.625220e-01	-7.618375e-02	-3.647472e-02	-3.970903e-02	1.617152e-03	3.738951e-02	1.101080e-01	1.822604e-03	1.110193e-01	-1.091967e-01
184           	7.982749e-01	5.031886e-01	2.950863e-01	-9.307101e-02	-4.420662e-02	-4.886438e-02	2.328880e-03	1.040511e-01	1.043868e-01	1.885860e-03	1.053297e-01	-1.034439e-01
185           	7.971685e-01	5.639192e-01	2.332493e-01	-9.815475e-02	-4.629706e-02	-5.185769e-02	2.780318e-03	1.653349e-01	1.019039e-01	1.974634e-03	1.028913e-01	-1.009166e-01
186           	7.973371e-01	6.109318e-01	1.864053e-01	-9.023550e-02	-4.223212e-02	-4.800338e-02	2.885631e-03	2.122633e-01	1.029300e-01	2.056096e-03	1.039580e-01	-1.019019e-01
187           	7.985645e-01	6.368082e-01	1.617563e-01	-6.996276e-02	-3.236045e-02	-3.760231e-02	2.620927e-03	2.375260e-01	1.068415e-01	2.131902e-03	1.079074e-01	-1.057755e-01
188           	8.003470e-01	6.358207e-01	1.645262e-01	-3.991519e-02	-1.795414e-02	-2.196105e-02	2.003453e-03	2.356472e-01	1.119468e-01	2.160705e-03	1.130271e-01	-1.108664e-01
189           	8.017772e-01	6.052167e-01	1.965606e-01	-4.453942e-03	-1.091996e-03	-3.361946e-03	1.134975e-03	2.043281e-01	1.165796e-01	2.141259e-03	1.176503e-01	-1.155090e-01
190           	8.022986e-01	5.454724e-01	2.568262e-01	3.129468e-02	1.579084e-02	1.550385e-02	1.434950e-04	1.443231e-01	1.192436e-01	2.063671e-03	1.202754e-01	-1.182118e-01
191           	8.022840e-01	4.621488e-01	3.401353e-01	6.247859e-02	3.041922e-02	3.205937e-02	-8.200776e-04	6.100677e-02	1.195650e-01	1.960458e-03	1.205452e-01	-1.185847e-01
192           	8.004334e-01	3.667174e-01	4.337160e-01	8.388499e-02	4.033845e-02	4.354654e-02	-1.604041e-03	-3.349925e-02	1.177039e-01	1.836659e-03	1.186222e-01	-1.167855e-01
193           	7.983955e-01	2.734146e-01	5.249809e-01	9.320779e-02	4.449997e-02	4.870783e-02	-2.103930e-03	-1.257831e-01	1.159064e-01	1.758906e-03	1.167858e-01	-1.150269e-01
194           	7.971430e-01	1.964718e-01	6.006712e-01	8.915683e-02	4.232051e-02	4.683632e-02	-2.257902e-03	-2.020997e-01	1.152865e-01	1.751189e-03	1.161621e-01	-1.144109e-01
195           	7.968777e-01	1.486809e-01	6.481968e-01	7.225448e-02	3.409383e-02	3.816065e-02	-2.033407e-03	-2.497579e-01	1.151094e-01	1.820242e-03	1.160196e-01	-1.141993e-01
196           	7.973867e-01	1.379842e-01	6.594025e-01	4.528032e-02	2.116227e-02	2.411805e-02	-1.477891e-03	-2.607092e-01	1.136607e-01	1.933368e-03	1.146274e-01	-1.126940e-01
197           	7.989628e-01	1.668005e-01	6.321622e-01	1.277841e-02	5.710174e-03	7.068240e-03	-6.790329e-04	-2.326808e-01	1.108319e-01	2.093543e-03	1.118786e-01	-1.097851e-01
198           	7.997647e-01	2.321290e-01	5.676357e-01	-1.935016e-02	-9.460546e-03	-9.889610e-03	2.145321e-04	-1.677534e-01	1.053459e-01	2.234244e-03	1.064630e-01	-1.042287e-01
199           	7.996506e-01	3.259889e-01	4.736617e-01	-4.598007e-02	-2.193522e-02	-2.404486e-02	1.054821e-03	-7.383641e-02	9.851065e-02	2.327115e-03	9.967421e-02	-9.734710e-02
200           	7.984494e-01	4.335537e-01	3.648957e-01	-6.309700e-02	-2.985550e-02	-3.324150e-02	1.693002e-03	3.432899e-02	9.158726e-02	2.332029e-03	9.275327e-02	-9.042125e-02
201           	7.979549e-01	5.403365e-01	2.576185e-01	-6.881452e-02	-3.234544e-02	-3.646908e-02	2.061821e-03	1.413590e-01	8.876704e-02	2.289416e-03	8.991175e-02	-8.762233e-02
202           	7.985693e-01	6.289516e-01	1.696177e-01	-6.249470e-02	-2.914301e-02	-3.335169e-02	2.104339e-03	2.296669e-01	9.189843e-02	2.177891e-03	9.298738e-02	-9.080949e-02
203           	8.003486e-01	6.841844e-01	1.161643e-01	-4.540634e-02	-2.087687e-02	-2.452947e-02	1.826300e-03	2.840100e-01	1.000039e-01	2.056328e-03	1.010321e-01	-9.897577e-02
204           	8.029120e-01	6.950700e-01	1.078420e-01	-2.028255e-02	-8.878071e-03	-1.140448e-02	1.263204e-03	2.936140e-01	1.105179e-01	1.915225e-03	1.114755e-01	-1.095603e-01
205           	8.060292e-01	6.590351e-01	1.469941e-01	9.086687e-03	5.062771e-03	4.023916e-03	5.194278e-04	2.560205e-01	1.220087e-01	1.791486e-03	1.229044e-01	-1.211129e-01
206           	8.075568e-01	5.784130e-01	2.291438e-01	3.801381e-02	1.871073e-02	1.930308e-02	-2.961759e-04	1.746346e-01	1.306244e-01	1.681072e-03	1.314649e-01	-1.297838e-01
207           	8.067305e-01	4.651697e-01	3.415609e-01	6.262738e-02	3.026157e-02	3.236581e-02	-1.052122e-03	6.180439e-02	1.337308e-01	1.622182e-03	1.345419e-01	-1.329197e-01
208           	8.037944e-01	3.382115e-01	4.655829e-01	7.977274e-02	3.823350e-02	4.153924e-02	-1.652871e-03	-6.368575e-02	1.310594e-01	1.618559e-03	1.318687e-01	-1.302502e-01
209           	8.013388e-01	2.172638e-01	5.840751e-01	8.796151e-02	4.194500e-02	4.601651e-02	-2.035751e-03	-1.834056e-01	1.271607e-01	1.679370e-03	1.280004e-01	-1.263211e-01
210           	8.005486e-01	1.216213e-01	6.789273e-01	8.647044e-02	4.106065e-02	4.540979e-02	-2.174574e-03	-2.786530e-01	1.248465e-01	1.775769e-03	1.257344e-01	-1.239587e-01
211           	8.014855e-01	6.744455e-02	7.340409e-01	7.563179e-02	3.576373e-02	3.986806e-02	-2.052168e-03	-3.332982e-01	1.244955e-01	1.901388e-03	1.254462e-01	-1.235448e-01
212           	8.045800e-01	6.370337e-02	7.408766e-01	5.685057e-02	2.671116e-02	3.013941e-02	-1.714127e-03	-3.385866e-01	1.260922e-01	1.999194e-03	1.270918e-01	-1.250926e-01
213           	8.075364e-01	1.130166e-01	6.945198e-01	3.286148e-02	1.523632e-02	1.762516e-02	-1.194420e-03	-2.907516e-01	1.279210e-01	2.053040e-03	1.289475e-01	-1.268945e-01
214           	8.092045e-01	2.071958e-01	6.020087e-01	7.351236e-03	3.081229e-03	4.270007e-03	-5.943889e-04	-1.974064e-01	1.288244e-01	2.020120e-03	1.298345e-01	-1.278143e-01
215           	8.091567e-01	3.327179e-01	4.764388e-01	-1.645704e-02	-8.226896e-03	-8.230148e-03	1.625916e-06	-7.186044e-02	1.283718e-01	1.926576e-03	1.293351e-01	-1.274085e-01
216           	8.076335e-01	4.701924e-01	3.374411e-01	-3.591904e-02	-1.744693e-02	-1.847211e-02	5.125885e-04	6.637564e-02	1.257789e-01	1.777354e-03	1.266675e-01	-1.248902e-01
217           	8.049840e-01	5.951238e-01	2.098601e-01	-4.903058e-02	-2.361204e-02	-2.541854e-02	9.032476e-04	1.926319e-01	1.217413e-01	1.649197e-03	1.225659e-01	-1.209167e-01
218           	8.034348e-01	6.901632e-01	1.132715e-01	-5.455345e-02	-2.613429e-02	-2.841917e-02	1.142441e-03	2.884459e-01	1.194833e-01	1.557581e-03	1.202621e-01	-1.187045e-01
219           	8.033749e-01	7.405414e-01	6.283353e-02	-5.179269e-02	-2.468416e-02	-2.710852e-02	1.212180e-03	3.388539e-01	1.200423e-01	1.551183e-03	1.208179e-01	-1.192667e-01
220           	8.043942e-01	7.382271e-01	6.616703e-02	-4.095584e-02	-1.939269e-02	-2.156315e-02	1.085228e-03	3.360301e-01	1.219512e-01	1.628875e-03	1.227656e-01	-1.211368e-01
221           	8.055876e-01	6.841031e-01	1.214845e-01	-2.370353e-02	-1.106668e-02	-1.263685e-02	7.850880e-04	2.813093e-01	1.230294e-01	1.803543e-03	1.239311e-01	-1.221276e-01
222           	8.058671e-01	5.868700e-01	2.189971e-01	-2.898510e-03	-1.095581e-03	-1.802929e-03	3.536740e-04	1.839365e-01	1.220078e-01	2.011112e-03	1.230133e-01	-1.210022e-01
223           	8.052813e-01	4.614762e-01	3.438051e-01	1.846677e-02	9.101428e-03	9.365341e-03	-1.319567e-04	5.883554e-02	1.192252e-01	2.217180e-03	1.203338e-01	-1.181166e-01
224           	8.030427e-01	3.291724e-01	4.738703e-01	3.768354e-02	1.820992e-02	1.947362e-02	-6.318472e-04	-7.234893e-02	1.134375e-01	2.338024e-03	1.146065e-01	-1.122685e-01
225           	8.005798e-01	2.124724e-01	5.881074e-01	5.255537e-02	2.518923e-02	2.736613e-02	-1.088449e-03	-1.878175e-01	1.077865e-01	2.374176e-03	1.089736e-01	-1.065994e-01
226           	7.988585e-01	1.312416e-01	6.676169e-01	6.101591e-02	2.904964e-02	3.196627e-02	-1.458316e-03	-2.681876e-01	1.052888e-01	2.322906e-03	1.064503e-01	-1.041274e-01
227           	8.006285e-01	9.480549e-02	7.058230e-01	6.165671e-02	2.913705e-02	3.251966e-02	-1.691304e-03	-3.055088e-01	1.092630e-01	2.244356e-03	1.103851e-01	-1.081408e-01
228           	8.033359e-01	1.096543e-01	6.936816e-01	5.373339e-02	2.513922e-02	2.859417e-02	-1.727474e-03	-2.920136e-01	1.168456e-01	2.147148e-03	1.179191e-01	-1.157720e-01
229           	8.068873e-01	1.723581e-01	6.345292e-01	3.780203e-02	1.734985e-02	2.045218e-02	-1.551163e-03	-2.310856e-01	1.265871e-01	2.080565e-03	1.276274e-01	-1.255469e-01
230           	8.110447e-01	2.736822e-01	5.373624e-01	1.567026e-02	6.641792e-03	9.028470e-03	-1.193339e-03	-1.318401e-01	1.368523e-01	2.010056e-03	1.378574e-01	-1.358473e-01
231           	8.129921e-01	3.957915e-01	4.172006e-01	-1.017419e-02	-5.756340e-03	-4.417850e-03	-6.692452e-04	-1.070457e-02	1.431139e-01	1.937050e-03	1.440825e-01	-1.421454e-01
232           	8.123215e-01	5.180753e-01	2.942462e-01	-3.652129e-02	-1.831134e-02	-1.820995e-02	-5.069226e-05	1.119145e-01	1.426575e-01	1.849117e-03	1.435820e-01	-1.417329e-01
233           	8.104001e-01	6.223258e-01	1.880743e-01	-6.012607e-02	-2.945541e-02	-3.067066e-02	6.076267e-04	2.171257e-01	1.366783e-01	1.808239e-03	1.375825e-01	-1.357742e-01
234           	8.081439e-01	6.916983e-01	1.164456e-01	-7.786066e-02	-3.771119e-02	-4.014948e-02	1.219145e-03	2.876264e-01	1.280488e-01	1.823371e-03	1.289605e-01	-1.271371e-01
235           	8.077370e-01	7.199249e-01	8.781209e-02	-8.762259e-02	-4.209353e-02	-4.552907e-02	1.717770e-03	3.160564e-01	1.216982e-01	1.916679e-03	1.226565e-01	-1.207398e-01
236           	8.089881e-01	7.034416e-01	1.055465e-01	-8.786113e-02	-4.191379e-02	-4.594734e-02	2.016779e-03	2.989475e-01	1.185942e-01	2.063564e-03	1.196260e-01	-1.175624e-01
237           	8.107632e-01	6.458666e-01	1.648965e-01	-7.812455e-02	-3.698549e-02	-4.113906e-02	2.076785e-03	2.404851e-01	1.179544e-01	2.234761e-03	1.190718e-01	-1.168370e-01
238           	8.127376e-01	5.570551e-01	2.556824e-01	-5.959250e-02	-2.791756e-02	-3.167493e-02	1.878685e-03	1.506863e-01	1.186403e-01	2.360050e-03	1.198203e-01	-1.174603e-01
239           	8.126126e-01	4.522938e-01	3.603188e-01	-3.456003e-02	-1.584701e-02	-1.871302e-02	1.433003e-03	4.598751e-02	1.189925e-01	2.386591e-03	1.201858e-01	-1.177992e-01
240           	8.108257e-01	3.467010e-01	4.641247e-01	-6.135047e-03	-2.280219e-03	-3.854828e-03	7.873049e-04	-5.871185e-02	1.177946e-01	2.274723e-03	1.189319e-01	-1.166572e-01
241           	8.080152e-01	2.563278e-01	5.516874e-01	2.216406e-02	1.111808e-02	1.104598e-02	3.604542e-05	-1.476798e-01	1.149838e-01	2.092104e-03	1.160298e-01	-1.139377e-01
242           	8.070498e-01	1.928948e-01	6.141550e-01	4.732779e-02	2.291501e-02	2.441278e-02	-7.488840e-04	-2.106301e-01	1.128903e-01	1.894060e-03	1.138373e-01	-1.119433e-01
243           	8.083644e-01	1.656931e-01	6.426712e-01	6.546111e-02	3.127599e-02	3.418512e-02	-1.454568e-03	-2.384891e-01	1.138136e-01	1.775591e-03	1.147014e-01	-1.129258e-01
244           	8.111908e-01	1.771306e-01	6.340602e-01	7.263226e-02	3.435080e-02	3.828146e-02	-1.965329e-03	-2.284648e-01	1.167528e-01	1.745763e-03	1.176257e-01	-1.158799e-01
245           	8.151750e-01	2.242832e-01	5.908918e-01	6.657131e-02	3.111257e-02	3.545873e-02	-2.173079e-03	-1.833043e-01	1.209859e-01	1.804654e-03	1.218883e-01	-1.200836e-01
246           	8.174654e-01	2.957854e-01	5.216799e-01	4.686249e-02	2.143676e-02	2.542572e-02	-1.994480e-03	-1.129473e-01	1.226809e-01	1.883426e-03	1.236226e-01	-1.217392e-01
247           	8.174880e-01	3.785951e-01	4.388928e-01	1.632068e-02	6.733364e-03	9.587317e-03	-1.426976e-03	-3.014886e-02	1.210458e-01	1.950561e-03	1.220211e-01	-1.200705e-01
248           	8.157950e-01	4.599809e-01	3.558141e-01	-2.051159e-02	-1.081837e-02	-9.693223e-03	-5.625712e-04	5.208340e-02	1.146406e-01	1.959861e-03	1.156205e-01	-1.136607e-01
249           	8.124788e-01	5.262784e-01	2.862004e-01	-5.842652e-02	-2.871818e-02	-2.970834e-02	4.950822e-04	1.200390e-01	1.046839e-01	1.956898e-03	1.056623e-01	-1.037054e-01
250           	8.101847e-01	5.701922e-01	2.399925e-01	-9.236352e-02	-4.458273e-02	-4.778079e-02	1.599033e-03	1.650999e-01	9.636276e-02	1.953988e-03	9.733975e-02	-9.538576e-02
251           	8.099061e-01	5.878349e-01	2.220712e-01	-1.167773e-01	-5.578756e-02	-6.098972e-02	2.601081e-03	1.828819e-01	9.308876e-02	1.957059e-03	9.406729e-02	-9.211023e-02
252           	8.114772e-01	5.789990e-01	2.324781e-01	-1.266543e-01	-6.001700e-02	-6.663730e-02	3.310149e-03	1.732604e-01	9.593020e-02	1.953004e-03	9.690670e-02	-9.495370e-02
253           	8.151524e-01	5.468358e-01	2.683167e-01	-1.192959e-01	-5.603991e-02	-6.325601e-02	3.608050e-03	1.392595e-01	1.054971e-01	1.949841e-03	1.064720e-01	-1.045222e-01
254           	8.184145e-01	4.944137e-01	3.240008e-01	-9.415767e-02	-4.370301e-02	-5.045466e-02	3.375824e-03	8.520646e-02	1.177139e-01	1.902909e-03	1.186653e-01	-1.167624e-01
255           	8.205592e-01	4.272208e-01	3.933384e-01	-5.470868e-02	-2.471078e-02	-2.999789e-02	2.643555e-03	1.694120e-02	1.287769e-01	1.819812e-03	1.296868e-01	-1.278670e-01
256           	8.206672e-01	3.536044e-01	4.670628e-01	-6.370646e-03	-1.688620e-03	-4.682026e-03	1.496703e-03	-5.672920e-02	1.334788e-01	1.705871e-03	1.343317e-01	-1.326258e-01
257           	8.198223e-01	2.828359e-01	5.369863e-01	4.438458e-02	2.231278e-02	2.207180e-02	1.204862e-04	-1.270752e-01	1.318672e-01	1.631960e-03	1.326831e-01	-1.310512e-01
258           	8.189345e-01	2.223411e-01	5.965934e-01	8.963078e-02	4.351688e-02	4.611390e-02	-1.298508e-03	-1.871261e-01	1.252268e-01	1.621865e-03	1.260378e-01	-1.244159e-01
259           	8.186450e-01	1.779612e-01	6.406837e-01	1.211898e-01	5.807038e-02	6.311939e-02	-2.524508e-03	-2.313613e-01	1.173037e-01	1.708877e-03	1.181582e-01	-1.164493e-01
260           	8.202704e-01	1.538496e-01	6.664208e-01	1.330663e-01	6.318122e-02	6.988512e-02	-3.351952e-03	-2.562856e-01	1.124135e-01	1.854458e-03	1.133408e-01	-1.114863e-01
261           	8.216828e-01	1.539581e-01	6.677247e-01	1.213807e-01	5.711845e-02	6.426222e-02	-3.571889e-03	-2.568833e-01	1.103690e-01	2.023552e-03	1.113808e-01	-1.093572e-01
262           	8.223036e-01	1.791562e-01	6.431473e-01	8.813918e-02	4.092105e-02	4.721813e-02	-3.148540e-03	-2.319955e-01	1.099566e-01	2.146097e-03	1.110296e-01	-1.088835e-01
263           	8.221956e-01	2.250999e-01	5.970957e-01	3.924360e-02	1.748273e-02	2.176087e-02	-2.139068e-03	-1.859979e-01	1.098997e-01	2.196901e-03	1.109981e-01	-1.088012e-01
264           	8.210543e-01	2.844593e-01	5.365951e-01	-1.740936e-02	-9.419557e-03	-7.989799e-03	-7.148790e-04	-1.260679e-01	1.098049e-01	2.131660e-03	1.108707e-01	-1.087391e-01
265           	8.184454e-01	3.512022e-01	4.672433e-01	-7.196896e-02	-3.509474e-02	-3.687422e-02	8.897395e-04	-5.802053e-02	1.065808e-01	1.989195e-03	1.075754e-01	-1.055862e-01
266           	8.183031e-01	4.225533e-01	3.957498e-01	-1.165670e-01	-5.586710e-02	-6.069988e-02	2.416389e-03	1.340176e-02	1.029977e-01	1.804075e-03	1.038998e-01	-1.020957e-01
267           	8.185505e-01	4.904291e-01	3.281214e-01	-1.419708e-01	-6.739950e-02	-7.457131e-02	3.585905e-03	8.115385e-02	1.009285e-01	1.655592e-03	1.017562e-01	-1.001007e-01
268           	8.216940e-01	5.487589e-01	2.729351e-01	-1.443990e-01	-6.798379e-02	-7.641521e-02	4.215712e-03	1.379119e-01	1.054063e-01	1.550310e-03	1.061815e-01	-1.046312e-01
269           	8.241122e-01	5.842529e-01	2.398593e-01	-1.224500e-01	-5.707024e-02	-6.537976e-02	4.154757e-03	1.721968e-01	1.128260e-01	1.538429e-03	1.135952e-01	-1.120568e-01
270           	8.267641e-01	5.918413e-01	2.349228e-01	-7.969878e-02	-3.642815e-02	-4.327063e-02	3.421237e-03	1.784592e-01	1.213756e-01	1.588552e-03	1.221699e-01	-1.205813e-01
271           	8.285608e-01	5.703804e-01	2.581803e-01	-2.252420e-02	-9.147377e-03	-1.337682e-02	2.114723e-03	1.561001e-01	1.294697e-01	1.685109e-03	1.303123e-01	-1.286272e-01
272           	8.288187e-01	5.208077e-01	3.080110e-01	3.929978e-02	2.009996e-02	1.919981e-02	4.500740e-04	1.063983e-01	1.333898e-01	1.759328e-03	1.342694e-01	-1.325101e-01
273           	8.276339e-01	4.482818e-01	3.793521e-01	9.511823e-02	4.628327e-02	4.883496e-02	-1.275848e-03	3.446486e-02	1.304875e-01	1.803981e-03	1.313895e-01	-1.295855e-01
274           	8.270508e-01	3.616393e-01	4.654115e-01	1.363441e-01	6.537419e-02	7.096995e-02	-2.797880e-03	-5.188610e-02	1.244076e-01	1.802937e-03	1.253091e-01	-1.235061e-01
275           	8.263001e-01	2.734693e-01	5.528308e-01	1.556019e-01	7.394908e-02	8.165285e-02	-3.851885e-03	-1.396808e-01	1.201449e-01	1.771548e-03	1.210307e-01	-1.192591e-01
276           	8.260979e-01	1.993627e-01	6.267352e-01	1.502893e-01	7.086255e-02	7.942677e-02	-4.282109e-03	-2.136862e-01	1.217893e-01	1.727849e-03	1.226532e-01	-1.209254e-01
277           	8.271601e-01	1.537672e-01	6.733929e-01	1.211155e-01	5.655109e-02	6.456436e-02	-4.006632e-03	-2.598128e-01	1.287520e-01	1.699256e-03	1.296017e-01	-1.279024e-01
278           	8.274548e-01	1.441091e-01	6.833456e-01	7.270408e-02	3.329826e-02	3.940582e-02	-3.053781e-03	-2.696182e-01	1.389481e-01	1.661867e-03	1.397791e-01	-1.381172e-01
279           	8.285455e-01	1.734470e-01	6.550986e-01	1.299144e-02	4.899440e-03	8.092001e-03	-1.596281e-03	-2.408258e-01	1.495511e-01	1.615694e-03	1.503590e-01	-1.487433e-01
280           	8.301216e-01	2.407166e-01	5.894050e-01	-4.806294e-02	-2.391999e-02	-2.414295e-02	1.114791e-04	-1.743442e-01	1.553660e-01	1.551353e-03	1.561417e-01	-1.545903e-01
281           	8.324274e-01	3.414958e-01	4.909315e-01	-1.009903e-01	-4.869955e-02	-5.229076e-02	1.795606e-03	-7.471784e-02	1.531246e-01	1.491276e-03	1.538703e-01	-1.523790e-01
282           	8.330778e-01	4.629355e-01	3.701424e-01	-1.365144e-01	-6.511154e-02	-7.140289e-02	3.145674e-03	4.639655e-02	1.427868e-01	1.442242e-03	1.435080e-01	-1.420657e-01
283           	8.323577e-01	5.879933e-01	2.443645e-01	-1.491853e-01	-7.062750e-02	-7.855777e-02	3.965138e-03	1.718144e-01	1.301545e-01	1.449317e-03	1.308792e-01	-1.294299e-01
284           	8.305274e-01	6.948226e-01	1.357047e-01	-1.370103e-01	-6.439758e-02	-7.261276e-02	4.107594e-03	2.795589e-01	1.195174e-01	1.533668e-03	1.202843e-01	-1.187506e-01
285           	8.297410e-01	7.697517e-01	5.998939e-02	-1.017244e-01	-4.728877e-02	-5.443559e-02	3.573411e-03	3.548811e-01	1.159069e-01	1.699860e-03	1.167569e-01	-1.150570e-01
286           	8.297150e-01	7.992386e-01	3.047636e-02	-4.864633e-02	-2.189746e-02	-2.674887e-02	2.425702e-03	3.843811e-01	1.179584e-01	1.884745e-03	1.189008e-01	-1.170160e-01
287           	8.298832e-01	7.766234e-01	5.325976e-02	1.255366e-02	7.135238e-03	5.418419e-03	8.584099e-04	3.616818e-01	1.210951e-01	2.054049e-03	1.221221e-01	-1.200680e-01
288           	8.296678e-01	7.041285e-01	1.255392e-01	7.011465e-02	3.422220e-02	3.589245e-02	-8.351226e-04	2.892947e-01	1.219357e-01	2.158271e-03	1.230148e-01	-1.208565e-01
289           	8.295730e-01	5.922822e-01	2.372908e-01	1.141683e-01	5.473868e-02	5.942958e-02	-2.345449e-03	1.774957e-01	1.205196e-01	2.181204e-03	1.216102e-01	-1.194290e-01
290           	8.276785e-01	4.580157e-01	3.696627e-01	1.373211e-01	6.523953e-02	7.208157e-02	-3.421019e-03	4.417650e-02	1.171521e-01	2.106308e-03	1.182052e-01	-1.160989e-01
291           	8.253527e-01	3.241989e-01	5.011538e-01	1.372341e-01	6.471920e-02	7.251492e-02	-3.897860e-03	-8.847743e-02	1.164042e-01	1.997017e-03	1.174027e-01	-1.154057e-01
292           	8.245162e-01	2.115879e-01	6.129283e-01	1.145042e-01	5.352554e-02	6.097863e-02	-3.726544e-03	-2.006702e-01	1.207971e-01	1.925447e-03	1.217598e-01	-1.198344e-01
293           	8.255880e-01	1.383819e-01	6.872060e-01	7.234860e-02	3.324978e-02	3.909882e-02	-2.924519e-03	-2.744120e-01	1.304617e-01	1.945606e-03	1.314345e-01	-1.294888e-01
294           	8.268456e-01	1.181461e-01	7.086996e-01	1.842999e-02	7.590271e-03	1.083972e-02	-1.624723e-03	-2.952767e-01	1.403687e-01	2.014659e-03	1.413760e-01	-1.393614e-01
295           	8.293850e-01	1.547585e-01	6.746265e-01	-3.824076e-02	-1.917886e-02	-1.906190e-02	-5.848076e-05	-2.599340e-01	1.479172e-01	2.105401e-03	1.489699e-01	-1.468645e-01
296           	8.328891e-01	2.433306e-01	5.895585e-01	-8.791981e-02	-4.246828e-02	-4.545154e-02	1.491630e-03	-1.731139e-01	1.510436e-01	2.156019e-03	1.521216e-01	-1.499656e-01
297           	8.331505e-01	3.684118e-01	4.647387e-01	-1.214510e-01	-5.798080e-02	-6.347025e-02	2.744728e-03	-4.816342e-02	1.475646e-01	2.154451e-03	1.486419e-01	-1.464874e-01
298           	8.305413e-01	5.090976e-01	3.214437e-01	-1.338749e-01	-6.345846e-02	-7.041646e-02	3.479003e-03	9.382696e-02	1.401250e-01	2.089843e-03	1.411699e-01	-1.390800e-01
299           	8.258915e-01	6.424525e-01	1.834390e-01	-1.245044e-01	-5.865097e-02	-6.585346e-02	3.601245e-03	2.295067e-01	1.327732e-01	2.032503e-03	1.337895e-01	-1.317570e-01
300           	8.224737e-01	7.515190e-01	7.095474e-02	-9.602246e-02	-4.488122e-02	-5.114124e-02	3.130011e-03	3.402821e-01	1.299161e-01	2.026905e-03	1.309295e-01	-1.289026e-01
301           	8.212752e-01	8.194416e-01	1.833554e-03	-5.384518e-02	-2.475302e-02	-2.909216e-02	2.169573e-03	4.088040e-01	1.317608e-01	2.088282e-03	1.328049e-01	-1.307166e-01
302           	8.219478e-01	8.341086e-01	-1.216081e-02	-5.989721e-03	-2.093755e-03	-3.895966e-03	9.011054e-04	4.231347e-01	1.353640e-01	2.184518e-03	1.364563e-01	-1.342718e-01
303           	8.246461e-01	7.929670e-01	3.167914e-02	3.857614e-02	1.886943e-02	1.970672e-02	-4.186452e-04	3.806439e-01	1.390041e-01	2.309814e-03	1.401590e-01	-1.378492e-01
304           	8.261019e-01	6.997519e-01	1.263500e-01	7.072130e-02	3.380628e-02	3.691502e-02	-1.554369e-03	2.867009e-01	1.385926e-01	2.406320e-03	1.397958e-01	-1.373895e-01
305           	8.257598e-01	5.699968e-01	2.557630e-01	8.612502e-02	4.077352e-02	4.535151e-02	-2.288994e-03	1.571169e-01	1.354352e-01	2.458297e-03	1.366643e-01	-1.342060e-01
306           	8.239654e-01	4.231108e-01	4.008546e-01	8.460784e-02	3.976302e-02	4.484482e-02	-2.540900e-03	1.112809e-02	1.310359e-01	2.464958e-03	1.322684e-01	-1.298034e-01
307           	8.204248e-01	2.819634e-01	5.384614e-01	6.849930e-02	3.195171e-02	3.654759e-02	-2.297940e-03	-1.282490e-01	1.278795e-01	2.461785e-03	1.291104e-01	-1.266486e-01
308           	8.183098e-01	1.663391e-01	6.519707e-01	4.146427e-02	1.906444e-02	2.239984e-02	-1.667699e-03	-2.428158e-01	1.267198e-01	2.472049e-03	1.279558e-01	-1.254838e-01
309           	8.181311e-01	9.449212e-02	7.236390e-01	8.212339e-03	3.331651e-03	4.880688e-03	-7.745187e-04	-3.145735e-01	1.276221e-01	2.506067e-03	1.288751e-01	-1.263690e-01
310           	8.190022e-01	7.678349e-02	7.422187e-01	-2.529948e-02	-1.243881e-02	-1.286066e-02	2.109267e-04	-3.327176e-01	1.291523e-01	2.529038e-03	1.304168e-01	-1.278878e-01
311           	8.196040e-01	1.132872e-01	7.063168e-01	-5.325738e-02	-2.550565e-02	-2.775173e-02	1.123040e-03	-2.965148e-01	1.302934e-01	2.546578e-03	1.315667e-01	-1.290201e-01
312           	8.199525e-01	1.945723e-01	6.253803e-01	-7.061880e-02	-3.352438e-02	-3.709442e-02	1.785021e-03	-2.154040e-01	1.307704e-01	2.528623e-03	1.320347e-01	-1.295061e-01
313           	8.179504e-01	3.039498e-01	5.140006e-01	-7.469220e-02	-3.525812e-02	-3.943408e-02	2.087983e-03	-1.050254e-01	1.296569e-01	2.512945e-03	1.309134e-01	-1.284004e-01
314           	8.143283e-01	4.232248e-01	3.911035e-01	-6.575180e-02	-3.088636e-02	-3.486545e-02	1.989544e-03	1.606067e-02	1.271667e-01	2.496230e-03	1.284148e-01	-1.259185e-01
315           	8.097493e-01	5.323662e-01	2.773831e-01	-4.723431e-02	-2.206869e-02	-2.516561e-02	1.548460e-03	1.274916e-01	1.230673e-01	2.530106e-03	1.243324e-01	-1.218023e-01
316           	8.072202e-01	6.173737e-01	1.898465e-01	-2.364367e-02	-1.092737e-02	-1.271630e-02	8.944681e-04	2.137636e-01	1.184394e-01	2.614967e-03	1.197469e-01	-1.171319e-01
317           	8.071779e-01	6.657968e-01	1.413810e-01	-2.822898e-04	5.596341e-05	-3.382532e-04	1.971083e-04	2.622079e-01	1.149879e-01	2.740982e-03	1.163584e-01	-1.136174e-01
318           	8.091394e-01	6.697315e-01	1.394079e-01	1.836545e-02	8.761298e-03	9.604156e-03	-4.214291e-04	2.651618e-01	1.132285e-01	2.858641e-03	1.146578e-01	-1.117992e-01
319           	8.130640e-01	6.291324e-01	1.839316e-01	2.933496e-02	1.383418e-02	1.550078e-02	-8.333021e-04	2.226004e-01	1.143293e-01	2.963364e-03	1.158110e-01	-1.128476e-01
320           	8.159408e-01	5.480808e-01	2.678600e-01	3.131489e-02	1.467709e-02	1.663779e-02	-9.803489e-04	1.401104e-01	1.169554e-01	2.996534e-03	1.184537e-01	-1.154572e-01
321           	8.168483e-01	4.401587e-01	3.766896e-01	2.565728e-02	1.197352e-02	1.368375e-02	-8.551146e-04	3.173454e-02	1.207809e-01	2.978824e-03	1.222703e-01	-1.192915e-01
322           	8.162793e-01	3.225506e-01	4.937287e-01	1.538910e-02	7.160136e-03	8.228963e-03	-5.344131e-04	-8.558908e-02	1.242924e-01	2.896775e-03	1.257407e-01	-1.228440e-01
323           	8.143485e-01	2.143929e-01	5.999556e-01	4.293165e-03	2.030395e-03	2.262770e-03	-1.161874e-04	-1.927813e-01	1.251275e-01	2.800650e-03	1.265279e-01	-1.237272e-01
324           	8.131947e-01	1.291254e-01	6.840694e-01	-4.681053e-03	-2.077011e-03	-2.604042e-03	2.635158e-04	-2.774720e-01	1.228033e-01	2.724191e-03	1.241654e-01	-1.214412e-01
325           	8.129916e-01	7.766499e-02	7.353266e-01	-9.367401e-03	-4.155502e-03	-5.211899e-03	5.281988e-04	-3.288308e-01	1.192714e-01	2.693000e-03	1.206179e-01	-1.179249e-01
326           	8.133391e-01	6.524821e-02	7.480909e-01	-9.073971e-03	-3.919713e-03	-5.154258e-03	6.172728e-04	-3.414213e-01	1.167902e-01	2.697615e-03	1.181391e-01	-1.154414e-01
327           	8.134790e-01	9.169256e-02	7.217864e-01	-4.252372e-03	-1.604567e-03	-2.647805e-03	5.216191e-04	-3.150469e-01	1.165062e-01	2.750845e-03	1.178816e-01	-1.151308e-01
328           	8.137965e-01	1.515929e-01	6.622036e-01	4.404323e-03	2.446139e-03	1.958184e-03	2.439771e-04	-2.553054e-01	1.183673e-01	2.819593e-03	1.197771e-01	-1.169575e-01
329           	8.127524e-01	2.337391e-01	5.790133e-01	1.432474e-02	7.026649e-03	7.298088e-03	-1.357195e-04	-1.726371e-01	1.201418e-01	2.891493e-03	1.215876e-01	-1.186961e-01
330           	8.114230e-01	3.237098e-01	4.877133e-01	2.283860e-02	1.088126e-02	1.195734e-02	-5.380417e-04	-8.200174e-02	1.196283e-01	2.937015e-03	1.210968e-01	-1.181598e-01
331           	8.100239e-01	4.064505e-01	4.035735e-01	2.692120e-02	1.261476e-02	1.430644e-02	-8.458423e-04	1.438493e-03	1.164250e-01	2.951283e-03	1.179006e-01	-1.149493e-01
332           	8.096864e-01	4.725681e-01	3.371183e-01	2.528607e-02	1.165199e-02	1.363408e-02	-9.910415e-04	6.772489e-02	1.114441e-01	2.923781e-03	1.129060e-01	-1.099822e-01
333           	8.100554e-01	5.147861e-01	2.952693e-01	1.753636e-02	7.859023e-03	9.677341e-03	-9.091591e-04	1.097584e-01	1.069609e-01	2.870141e-03	1.083959e-01	-1.055258e-01
334           	8.107934e-01	5.280606e-01	2.827329e-01	4.893201e-03	1.831568e-03	3.061632e-03	-6.150319e-04	1.226638e-01	1.048960e-01	2.787613e-03	1.062898e-01	-1.035022e-01
335           	8.113386e-01	5.112894e-01	3.000492e-01	-1.030213e-02	-5.296150e-03	-5.005979e-03	-1.450855e-04	1.056201e-01	1.063863e-01	2.711699e-03	1.077421e-01	-1.050304e-01
336           	8.119727e-01	4.677508e-01	3.442218e-01	-2.504754e-02	-1.211265e-02	-1.293489e-02	4.111160e-04	6.176449e-02	1.106253e-01	2.625710e-03	1.119382e-01	-1.093125e-01
337           	8.114029e-01	4.060429e-01	4.053599e-01	-3.511378e-02	-1.662844e-02	-1.848534e-02	9.284511e-04	3.415005e-04	1.142661e-01	2.561502e-03	1.155469e-01	-1.129854e-01
338           	8.103806e-01	3.380324e-01	4.723483e-01	-3.750638e-02	-1.748890e-02	-2.001748e-02	1.264291e-03	-6.715796e-02	1.142817e-01	2.518702e-03	1.155410e-01	-1.130223e-01
339           	8.089639e-01	2.761321e-01	5.328318e-01	-3.091615e-02	-1.411873e-02	-1.679743e-02	1.339352e-03	-1.283498e-01	1.098749e-01	2.533481e-03	1.111417e-01	-1.086082e-01
340           	8.083517e-01	2.273596e-01	5.809921e-01	-1.604735e-02	-6.904564e-03	-9.142784e-03	1.119110e-03	-1.768163e-01	1.025762e-01	2.590892e-03	1.038717e-01	-1.012808e-01
341           	8.082671e-01	1.973095e-01	6.109576e-01	5.057465e-03	3.159489e-03	1.897976e-03	6.307570e-04	-2.068240e-01	9.463486e-02	2.710421e-03	9.599007e-02	-9.327965e-02
342           	8.081436e-01	1.883897e-01	6.197539e-01	2.886759e-02	1.437360e-02	1.449398e-02	-6.018868e-05	-2.156821e-01	8.915693e-02	2.843386e-03	9.057862e-02	-8.773523e-02
343           	8.079124e-01	2.001798e-01	6.077326e-01	5.073730e-02	2.454545e-02	2.619185e-02	-8.231980e-04	-2.037764e-01	8.842898e-02	2.961472e-03	8.990972e-02	-8.694825e-02
344           	8.082444e-01	2.300457e-01	5.781987e-01	6.668816e-02	3.180081e-02	3.488735e-02	-1.543272e-03	-1.740765e-01	9.266488e-02	3.002823e-03	9.416629e-02	-9.116347e-02
345           	8.082824e-01	2.734462e-01	5.348363e-01	7.221687e-02	3.406570e-02	3.815117e-02	-2.042733e-03	-1.306950e-01	9.992705e-02	2.965129e-03	1.014096e-01	-9.844448e-02
346           	8.082979e-01	3.252201e-01	4.830778e-01	6.554830e-02	3.055909e-02	3.498921e-02	-2.215062e-03	-7.892883e-02	1.074445e-01	2.818329e-03	1.088537e-01	-1.060353e-01
347           	8.089421e-01	3.809950e-01	4.279471e-01	4.703321e-02	2.151531e-02	2.551790e-02	-2.001297e-03	-2.347609e-02	1.137251e-01	2.610542e-03	1.150304e-01	-1.124198e-01
348           	8.093884e-01	4.350185e-01	3.743699e-01	1.925429e-02	8.198557e-03	1.105573e-02	-1.428586e-03	3.032427e-02	1.170612e-01	2.362479e-03	1.182425e-01	-1.158800e-01
349           	8.097512e-01	4.842521e-01	3.254990e-01	-1.375449e-02	-7.451544e-03	-6.302943e-03	-5.743006e-04	7.937657e-02	1.169074e-01	2.160569e-03	1.179876e-01	-1.158271e-01
350           	8.095335e-01	5.253222e-01	2.842114e-01	-4.657656e-02	-2.286719e-02	-2.370936e-02	4.210839e-04	1.205554e-01	1.140376e-01	2.026351e-03	1.150508e-01	-1.130244e-01
351           	8.086400e-01	5.567343e-01	2.519058e-01	-7.323559e-02	-3.521465e-02	-3.802094e-02	1.403144e-03	1.524143e-01	1.102004e-01	1.996005e-03	1.111984e-01	-1.092024e-01
352           	8.076182e-01	5.771484e-01	2.304698e-01	-8.866708e-02	-4.215167e-02	-4.651541e-02	2.181871e-03	1.733393e-01	1.066701e-01	2.025928e-03	1.076831e-01	-1.056572e-01
353           	8.077662e-01	5.857622e-01	2.220040e-01	-9.020100e-02	-4.246255e-02	-4.773844e-02	2.637944e-03	1.818791e-01	1.039815e-01	2.110896e-03	1.050369e-01	-1.029260e-01
354           	8.080759e-01	5.801454e-01	2.279305e-01	-7.650680e-02	-3.560545e-02	-4.090135e-02	2.647949e-03	1.761074e-01	9.988362e-02	2.210629e-03	1.009889e-01	-9.877831e-02
355           	8.074775e-01	5.622441e-01	2.452334e-01	-4.946790e-02	-2.254157e-02	-2.692633e-02	2.192380e-03	1.585053e-01	9.312638e-02	2.327229e-03	9.428999e-02	-9.196276e-02
356           	8.073145e-01	5.355558e-01	2.717587e-01	-1.293321e-02	-5.127569e-03	-7.805644e-03	1.339037e-03	1.318986e-01	8.583763e-02	2.428957e-03	8.705211e-02	-8.462315e-02
357           	8.074030e-01	5.016373e-01	3.057657e-01	2.735863e-02	1.390975e-02	1.344889e-02	2.304298e-04	9.793576e-02	7.944643e-02	2.491947e-03	8.069240e-02	-7.820046e-02
358           	8.073258e-01	4.610624e-01	3.462633e-01	6.474290e-02	3.141526e-02	3.332764e-02	-9.561876e-04	5.739955e-02	7.478377e-02	2.484684e-03	7.602612e-02	-7.354143e-02
359           	8.070854e-01	4.170160e-01	3.900694e-01	9.273973e-02	4.435329e-02	4.838644e-02	-2.016576e-03	1.347332e-02	7.450127e-02	2.423168e-03	7.571285e-02	-7.328968e-02
360           	8.080153e-01	3.751856e-01	4.328297e-01	1.069487e-01	5.067695e-02	5.627177e-02	-2.797406e-03	-2.882203e-02	8.044684e-02	2.286411e-03	8.159004e-02	-7.930363e-02
361           	8.090557e-01	3.438828e-01	4.651729e-01	1.037416e-01	4.874312e-02	5.499847e-02	-3.127679e-03	-6.064506e-02	9.092742e-02	2.115297e-03	9.198507e-02	-8.986978e-02
362           	8.101075e-01	3.298897e-01	4.802178e-01	8.295599e-02	3.853814e-02	4.441785e-02	-2.939857e-03	-7.516408e-02	1.025843e-01	1.921808e-03	1.035452e-01	-1.016234e-01
363           	8.110601e-01	3.357344e-01	4.753256e-01	4.711355e-02	2.132773e-02	2.578582e-02	-2.229044e-03	-6.979560e-02	1.123657e-01	1.769027e-03	1.132503e-01	-1.114812e-01
364           	8.110444e-01	3.603725e-01	4.506718e-01	1.891721e-03	-1.615563e-04	2.053277e-03	-1.107417e-03	-4.514967e-02	1.171514e-01	1.670765e-03	1.179867e-01	-1.163160e-01
365           	8.109916e-01	4.034093e-01	4.075823e-01	-4.563323e-02	-2.257434e-02	-2.305889e-02	2.422785e-04	-2.086471e-03	1.160579e-01	1.658785e-03	1.168873e-01	-1.152285e-01
366           	8.117647e-01	4.627879e-01	3.489769e-01	-8.807094e-02	-4.243443e-02	-4.563651e-02	1.601044e-03	5.690549e-02	1.100121e-01	1.699069e-03	1.108617e-01	-1.091626e-01
367           	8.119074e-01	5.329831e-01	2.789244e-01	-1.173830e-01	-5.595253e-02	-6.143047e-02	2.738971e-03	1.270293e-01	1.022008e-01	1.757249e-03	1.030795e-01	-1.013222e-01
368           	8.108360e-01	6.027370e-01	2.080990e-01	-1.282644e-01	-6.069154e-02	-6.757284e-02	3.440648e-03	1.973190e-01	9.664605e-02	1.797911e-03	9.754500e-02	-9.574709e-02
369           	8.107805e-01	6.628155e-01	1.479649e-01	-1.198490e-01	-5.629114e-02	-6.355791e-02	3.633385e-03	2.574253e-01	9.602353e-02	1.822121e-03	9.693459e-02	-9.511247e-02
370           	8.118450e-01	7.031832e-01	1.086618e-01	-9.294926e-02	-4.321115e-02	-4.973811e-02	3.263480e-03	2.972607e-01	9.977223e-02	1.800614e-03	1.006725e-01	-9.887192e-02
371           	8.133031e-01	7.166361e-01	9.666703e-02	-5.123434e-02	-2.323423e-02	-2.800011e-02	2.382942e-03	3.099845e-01	1.062758e-01	1.751201e-03	1.071514e-01	-1.054002e-01
372           	8.146255e-01	6.981066e-01	1.165189e-01	-1.287238e-03	4.734574e-04	-1.760696e-03	1.117077e-03	2.907938e-01	1.119183e-01	1.657727e-03	1.127472e-01	-1.110895e-01
373           	8.161813e-01	6.463315e-01	1.698499e-01	4.963650e-02	2.449871e-02	2.513779e-02	-3.195373e-04	2.382408e-01	1.150517e-01	1.549198e-03	1.158263e-01	-1.142771e-01
374           	8.163302e-01	5.623819e-01	2.539483e-01	9.260933e-02	4.460513e-02	4.800420e-02	-1.699538e-03	1.542168e-01	1.135126e-01	1.420356e-03	1.142228e-01	-1.128025e-01
375           	8.153550e-01	4.564310e-01	3.589239e-01	1.208382e-01	5.763345e-02	6.320471e-02	-2.785632e-03	4.875356e-02	1.092997e-01	1.327450e-03	1.099634e-01	-1.086359e-01
376           	8.143956e-01	3.445876e-01	4.698079e-01	1.302967e-01	6.171501e-02	6.858164e-02	-3.433316e-03	-6.261013e-02	1.055427e-01	1.289427e-03	1.061874e-01	-1.048980e-01
377           	8.131983e-01	2.455558e-01	5.676424e-01	1.191382e-01	5.604996e-02	6.308823e-02	-3.519135e-03	-1.610433e-01	1.033800e-01	1.363598e-03	1.040618e-01	-1.026982e-01
378           	8.129921e-01	1.723819e-01	6.406102e-01	8.910820e-02	4.149858e-02	4.760961e-02	-3.055515e-03	-2.341142e-01	1.042514e-01	1.517122e-03	1.050099e-01	-1.034928e-01
379           	8.134650e-01	1.363478e-01	6.771171e-01	4.465207e-02	2.023932e-02	2.441275e-02	-2.086719e-03	-2.703846e-01	1.061469e-01	1.723602e-03	1.070087e-01	-1.052851e-01
380           	8.151267e-01	1.426446e-01	6.724822e-01	-7.087851e-03	-4.322917e-03	-2.764934e-03	-7.789914e-04	-2.649188e-01	1.069209e-01	1.919453e-03	1.078806e-01	-1.059612e-01
381           	8.154894e-01	1.920919e-01	6.233975e-01	-5.629240e-02	-2.749831e-02	-2.879408e-02	6.478850e-04	-2.156528e-01	1.039621e-01	2.073413e-03	1.049988e-01	-1.029254e-01
382           	8.141366e-01	2.768158e-01	5.373208e-01	-9.442731e-02	-4.528773e-02	-4.913958e-02	1.925923e-03	-1.302525e-01	9.821551e-02	2.111584e-03	9.927130e-02	-9.715971e-02
383           	8.118207e-01	3.828159e-01	4.290048e-01	-1.158627e-01	-5.507880e-02	-6.078387e-02	2.852532e-03	-2.309449e-02	9.299788e-02	2.065381e-03	9.403057e-02	-9.196519e-02
384           	8.089592e-01	4.897379e-01	3.192213e-01	-1.177422e-01	-5.559599e-02	-6.214621e-02	3.275114e-03	8.525830e-02	9.087321e-02	1.946309e-03	9.184636e-02	-8.990005e-02
385           	8.077107e-01	5.825344e-01	2.251762e-01	-1.007093e-01	-4.717960e-02	-5.352969e-02	3.175041e-03	1.786791e-01	9.528810e-02	1.830419e-03	9.620331e-02	-9.437289e-02
386           	8.085746e-01	6.456545e-01	1.629201e-01	-6.765695e-02	-3.127115e-02	-3.638580e-02	2.557328e-03	2.413672e-01	1.052286e-01	1.726016e-03	1.060916e-01	-1.043655e-01
387           	8.112853e-01	6.663479e-01	1.449374e-01	-2.404017e-02	-1.049313e-02	-1.354704e-02	1.526958e-03	2.607052e-01	1.169608e-01	1.675473e-03	1.177985e-01	-1.161230e-01
388           	8.148945e-01	6.377066e-01	1.771879e-01	2.272313e-02	1.160963e-02	1.111350e-02	2.480657e-04	2.302593e-01	1.262538e-01	1.657701e-03	1.270826e-01	-1.254249e-01
389           	8.188534e-01	5.612476e-01	2.576058e-01	6.498450e-02	3.145141e-02	3.353310e-02	-1.040844e-03	1.518209e-01	1.311861e-01	1.667685e-03	1.320199e-01	-1.303523e-01
390           	8.204803e-01	4.454512e-01	3.750292e-01	9.526723e-02	4.551549e-02	4.975175e-02	-2.118128e-03	3.521101e-02	1.282895e-01	1.671402e-03	1.291252e-01	-1.274538e-01
391           	8.198893e-01	3.078186e-01	5.120707e-01	1.091169e-01	5.175753e-02	5.735942e-02	-2.800947e-03	-1.021260e-01	1.200379e-01	1.702019e-03	1.208889e-01	-1.191869e-01
392           	8.174275e-01	1.704569e-01	6.469707e-01	1.051387e-01	4.956624e-02	5.557249e-02	-3.003121e-03	-2.382569e-01	1.113128e-01	1.744964e-03	1.121853e-01	-1.104403e-01
393           	8.157522e-01	5.352263e-02	7.622295e-01	8.494241e-02	3.975084e-02	4.519157e-02	-2.720367e-03	-3.543535e-01	1.069724e-01	1.836587e-03	1.078907e-01	-1.060541e-01
394           	8.156320e-01	-2.416176e-02	8.397938e-01	5.222377e-02	2.409369e-02	2.813008e-02	-2.018191e-03	-4.319778e-01	1.069769e-01	1.932335e-03	1.079431e-01	-1.060107e-01
395           	8.168401e-01	-4.871156e-02	8.655516e-01	1.284227e-02	5.396856e-03	7.445417e-03	-1.024281e-03	-4.571316e-01	1.090930e-01	2.019246e-03	1.101027e-01	-1.080834e-01
396           	8.194868e-01	-1.668546e-02	8.361723e-01	-2.630746e-02	-1.308670e-02	-1.322075e-02	6.702355e-05	-4.264289e-01	1.113907e-01	2.052622e-03	1.124170e-01	-1.103644e-01
397           	8.206206e-01	6.685367e-02	7.537669e-01	-5.770495e-02	-2.778833e-02	-2.991662e-02	1.064141e-03	-3.434566e-01	1.120059e-01	2.025077e-03	1.130184e-01	-1.109933e-01
398           	8.198249e-01	1.876764e-01	6.321485e-01	-7.681882e-02	-3.662515e-02	-4.019367e-02	1.784259e-03	-2.222361e-01	1.110817e-01	1.914395e-03	1.120389e-01	-1.101245e-01
399           	8.165977e-01	3.258584e-01	4.907393e-01	-8.204101e-02	-3.889481e-02	-4.314620e-02	2.125693e-03	-8.244049e-02	1.088973e-01	1.773320e-03	1.097840e-01	-1.080106e-01
400           	8.134295e-01	4.627513e-01	3.506781e-01	-7.407259e-02	-3.495914e-02	-3.911346e-02	2.077160e-03	5.603659e-02	1.075012e-01	1.644903e-03	1.083236e-01	-1.066787e-01
401           	8.116989e-01	5.775956e-01	2.341033e-01	-5.519837e-02	-2.590628e-02	-2.929209e-02	1.692908e-03	1.717461e-01	1.081607e-01	1.583338e-03	1.089524e-01	-1.073691e-01
402           	8.120367e-01	6.511546e-01	1.608822e-01	-2.896209e-02	-1.343448e-02	-1.552761e-02	1.046563e-03	2.451362e-01	1.097996e-01	1.577224e-03	1.105882e-01	-1.090110e-01
403           	8.139904e-01	6.707519e-01	1.432386e-01	-8.702614e-05	2.321431e-04	-3.191692e-04	2.756562e-04	2.637567e-01	1.109380e-01	1.641886e-03	1.117589e-01	-1.101170e-01
404           	8.171922e-01	6.335680e-01	1.836241e-01	2.673106e-02	1.286733e-02	1.386372e-02	-4.981967e-04	2.249719e-01	1.104109e-01	1.726736e-03	1.112742e-01	-1.095475e-01
405           	8.185850e-01	5.446454e-01	2.739396e-01	4.621448e-02	2.198606e-02	2.422842e-02	-1.121178e-03	1.353529e-01	1.066616e-01	1.808654e-03	1.075660e-01	-1.057573e-01
406           	8.174252e-01	4.189627e-01	3.984626e-01	5.557783e-02	2.629501e-02	2.928282e-02	-1.493905e-03	1.025007e-02	1.003678e-01	1.862405e-03	1.012990e-01	-9.943664e-02
407           	8.140656e-01	2.775010e-01	5.365647e-01	5.434982e-02	2.561069e-02	2.873913e-02	-1.564218e-03	-1.295319e-01	9.400322e-02	1.899189e-03	9.495281e-02	-9.305362e-02
408           	8.105371e-01	1.442155e-01	6.663216e-01	4.422330e-02	2.074305e-02	2.348025e-02	-1.368599e-03	-2.610530e-01	8.902923e-02	1.907776e-03	8.998312e-02	-8.807534e-02
409           	8.079123e-01	4.387139e-02	7.640409e-01	2.815855e-02	1.311550e-02	1.504306e-02	-9.637803e-04	-3.600848e-01	8.630417e-02	1.916531e-03	8.726244e-02	-8.534591e-02
410           	8.082576e-01	-9.327620e-03	8.175852e-01	9.152036e-03	4.115684e-03	5.036352e-03	-4.603338e-04	-4.134564e-01	8.659196e-02	1.921426e-03	8.755267e-02	-8.563125e-02
411           	8.121136e-01	-6.562973e-03	8.186766e-01	-9.960255e-03	-4.917162e-03	-5.043094e-03	6.296605e-05	-4.126198e-01	9.016897e-02	1.953233e-03	9.114559e-02	-8.919235e-02
412           	8.164703e-01	5.421334e-02	7.622569e-01	-2.599550e-02	-1.248179e-02	-1.351370e-02	5.159546e-04	-3.540218e-01	9.489473e-02	1.975919e-03	9.588269e-02	-9.390677e-02
413           	8.194737e-01	1.649718e-01	6.545019e-01	-3.666543e-02	-1.749432e-02	-1.917111e-02	8.383934e-04	-2.447651e-01	9.952414e-02	1.995001e-03	1.005216e-01	-9.852664e-02
414           	8.201757e-01	3.101340e-01	5.100417e-01	-4.095697e-02	-1.950492e-02	-2.145205e-02	9.735676e-04	-9.995380e-02	1.035129e-01	1.988501e-03	1.045071e-01	-1.025186e-01
415           	8.184851e-01	4.687799e-01	3.497052e-01	-3.954898e-02	-1.884407e-02	-2.070492e-02	9.304243e-04	5.953731e-02	1.053890e-01	1.976879e-03	1.063774e-01	-1.044006e-01
416           	8.148853e-01	6.142657e-01	2.006195e-01	-3.460662e-02	-1.655191e-02	-1.805471e-02	7.514004e-04	2.068231e-01	1.037476e-01	1.946161e-03	1.047207e-01	-1.027745e-01
417           	8.119202e-01	7.294817e-01	8.243848e-02	-2.777747e-02	-1.336159e-02	-1.441588e-02	5.271493e-04	3.235216e-01	1.005003e-01	1.925693e-03	1.014631e-01	-9.953745e-02
418           	8.106433e-01	7.992066e-01	1.143667e-02	-2.047872e-02	-9.932083e-03	-1.054663e-02	3.072761e-04	3.938850e-01	9.743817e-02	1.910258e-03	9.839330e-02	-9.648304e-02
419           	8.109453e-01	8.150398e-01	-4.094525e-03	-1.383786e-02	-6.773297e-03	-7.064568e-03	1.456358e-04	4.095672e-01	9.601597e-02	1.932183e-03	9.698206e-02	-9.504988e-02
420           	8.129607e-01	7.757600e-01	3.720066e-02	-8.780435e-03	-4.325893e-03	-4.454542e-03	6.432475e-05	3.692797e-01	9.659400e-02	1.971784e-03	9.757989e-02	-9.560811e-02
421           	8.135175e-01	6.857785e-01	1.277391e-01	-6.251452e-03	-3.038539e-03	-3.212912e-03	8.718651e-05	2.790197e-01	9.764520e-02	2.012057e-03	9.865123e-02	-9.663917e-02
422           	8.120949e-01	5.614947e-01	2.506001e-01	-5.843575e-03	-2.730587e-03	-3.112988e-03	1.912004e-04	1.554473e-01	9.811494e-02	2.020551e-03	9.912522e-02	-9.710467e-02
423           	8.099321e-01	4.247003e-01	3.852318e-01	-5.863441e-03	-2.592663e-03	-3.270778e-03	3.390574e-04	1.973428e-02	9.701714e-02	1.992074e-03	9.801318e-02	-9.602110e-02
424           	8.074611e-01	2.986215e-01	5.088396e-01	-4.052627e-03	-1.580932e-03	-2.471695e-03	4.453816e-04	-1.051090e-01	9.305006e-02	1.909017e-03	9.400457e-02	-9.209555e-02
425           	8.072419e-01	2.010347e-01	6.062072e-01	1.948152e-04	5.585412e-04	-3.637260e-04	4.611336e-04	-2.025862e-01	8.799843e-02	1.829948e-03	8.891341e-02	-8.708346e-02
426           	8.097485e-01	1.462297e-01	6.635188e-01	6.483321e-03	3.592187e-03	2.891133e-03	3.505272e-04	-2.586445e-01	8.382646e-02	1.755544e-03	8.470423e-02	-8.294869e-02
427           	8.141877e-01	1.438099e-01	6.703778e-01	1.364194e-02	6.954650e-03	6.687290e-03	1.336796e-04	-2.632839e-01	8.196988e-02	1.743041e-03	8.284140e-02	-8.109836e-02
428           	8.186531e-01	1.945738e-01	6.240793e-01	2.023671e-02	9.960169e-03	1.027654e-02	-1.581878e-04	-2.147527e-01	8.268617e-02	1.764826e-03	8.356858e-02	-8.180375e-02
429           	8.220892e-01	2.910931e-01	5.309960e-01	2.497633e-02	1.202504e-02	1.295129e-02	-4.631213e-04	-1.199514e-01	8.644022e-02	1.812929e-03	8.734668e-02	-8.553375e-02
430           	8.222828e-01	4.145321e-01	4.077507e-01	2.572941e-02	1.215446e-02	1.357495e-02	-7.102428e-04	3.390725e-03	9.035657e-02	1.827216e-03	9.127017e-02	-8.944296e-02
431           	8.200184e-01	5.441105e-01	2.759079e-01	2.081026e-02	9.593995e-03	1.121626e-02	-8.111345e-04	1.341013e-01	9.230661e-02	1.804022e-03	9.320862e-02	-9.140460e-02
432           	8.170017e-01	6.601055e-01	1.568962e-01	9.769900e-03	4.168517e-03	5.601383e-03	-7.164328e-04	2.516046e-01	9.049357e-02	1.744526e-03	9.136584e-02	-8.962131e-02
433           	8.146147e-01	7.468691e-01	6.774568e-02	-6.609727e-03	-3.697701e-03	-2.912026e-03	-3.928376e-04	3.395617e-01	8.705726e-02	1.691318e-03	8.790292e-02	-8.621160e-02
434           	8.126956e-01	7.911173e-01	2.157834e-02	-2.560549e-02	-1.268637e-02	-1.291912e-02	1.163789e-04	3.847695e-01	8.453792e-02	1.651489e-03	8.536366e-02	-8.371217e-02
435           	8.129402e-01	7.902020e-01	2.273819e-02	-4.407794e-02	-2.129768e-02	-2.278027e-02	7.412950e-04	3.837319e-01	8.613062e-02	1.688909e-03	8.697508e-02	-8.528617e-02
436           	8.159196e-01	7.434240e-01	7.249561e-02	-5.889195e-02	-2.807042e-02	-3.082154e-02	1.375561e-03	3.354642e-01	9.237182e-02	1.767122e-03	9.325538e-02	-9.148826e-02
437           	8.187748e-01	6.566309e-01	1.621438e-01	-6.544959e-02	-3.084154e-02	-3.460804e-02	1.883252e-03	2.472435e-01	1.006772e-01	1.845909e-03	1.016001e-01	-9.975422e-02
438           	8.204684e-01	5.448452e-01	2.756232e-01	-6.083668e-02	-2.829082e-02	-3.254586e-02	2.127519e-03	1.346110e-01	1.076119e-01	1.853525e-03	1.085386e-01	-1.066851e-01
439           	8.215640e-01	4.255534e-01	3.960106e-01	-4.430548e-02	-2.011578e-02	-2.418971e-02	2.036965e-03	1.477138e-02	1.108288e-01	1.806151e-03	1.117318e-01	-1.099257e-01
440           	8.223348e-01	3.145534e-01	5.077814e-01	-1.713919e-02	-6.994328e-03	-1.014486e-02	1.575269e-03	-9.661399e-02	1.079633e-01	1.677729e-03	1.088021e-01	-1.071244e-01
441           	8.218703e-01	2.274760e-01	5.943943e-01	1.688933e-02	9.242807e-03	7.646523e-03	7.981420e-04	-1.834592e-01	1.004254e-01	1.552991e-03	1.012019e-01	-9.964889e-02
442           	8.218580e-01	1.740134e-01	6.478446e-01	5.289705e-02	2.624820e-02	2.664885e-02	-2.003242e-04	-2.369156e-01	9.197724e-02	1.470899e-03	9.271269e-02	-9.124179e-02
443           	8.222297e-01	1.612616e-01	6.609681e-01	8.447503e-02	4.097835e-02	4.349668e-02	-1.259164e-03	-2.498533e-01	8.733302e-02	1.497867e-03	8.808195e-02	-8.658408e-02
444           	8.238567e-01	1.897015e-01	6.341552e-01	1.056374e-01	5.060413e-02	5.503326e-02	-2.214567e-03	-2.222268e-01	8.781700e-02	1.601475e-03	8.861773e-02	-8.701626e-02
445           	8.246704e-01	2.524551e-01	5.722153e-01	1.102791e-01	5.229943e-02	5.797969e-02	-2.840130e-03	-1.598801e-01	9.026545e-02	1.747357e-03	9.113913e-02	-8.939178e-02
446           	8.242191e-01	3.358338e-01	4.883853e-01	9.685152e-02	4.543226e-02	5.141926e-02	-2.993502e-03	-7.627576e-02	9.239294e-02	1.869017e-03	9.332745e-02	-9.145843e-02
447           	8.232066e-01	4.255894e-01	3.976172e-01	6.771716e-02	3.122801e-02	3.648914e-02	-2.630566e-03	1.398613e-02	9.234415e-02	1.956846e-03	9.332257e-02	-9.136572e-02
448           	8.221719e-01	5.084193e-01	3.137525e-01	2.744139e-02	1.190162e-02	1.553977e-02	-1.819079e-03	9.733340e-02	8.896178e-02	1.977542e-03	8.995055e-02	-8.797301e-02
449           	8.214377e-01	5.721776e-01	2.492601e-01	-1.823782e-02	-9.791038e-03	-8.446778e-03	-6.721302e-04	1.614587e-01	8.301432e-02	1.982544e-03	8.400559e-02	-8.202305e-02
450           	8.203627e-01	6.057076e-01	2.146551e-01	-6.163862e-02	-3.020338e-02	-3.143524e-02	6.159278e-04	1.955263e-01	7.750322e-02	1.983187e-03	7.849481e-02	-7.651162e-02
451           	8.207767e-01	6.079923e-01	2.127844e-01	-9.547740e-02	-4.589326e-02	-4.958414e-02	1.845440e-03	1.976040e-01	7.771453e-02	2.038222e-03	7.873364e-02	-7.669542e-02
452           	8.238936e-01	5.806796e-01	2.432140e-01	-1.132551e-01	-5.383265e-02	-5.942240e-02	2.794876e-03	1.687328e-01	8.507513e-02	2.089440e-03	8.611985e-02	-8.403041e-02
453           	8.268121e-01	5.279504e-01	2.988616e-01	-1.097781e-01	-5.163789e-02	-5.814021e-02	3.251161e-03	1.145444e-01	9.679925e-02	2.105298e-03	9.785190e-02	-9.574660e-02
454           	8.287370e-01	4.567412e-01	3.719958e-01	-8.505268e-02	-3.943288e-02	-4.561980e-02	3.093459e-03	4.237268e-02	1.092311e-01	2.033708e-03	1.102479e-01	-1.082142e-01
455           	8.296045e-01	3.759815e-01	4.536230e-01	-4.352441e-02	-1.941122e-02	-2.411319e-02	2.350985e-03	-3.882079e-02	1.196676e-01	1.894571e-03	1.206149e-01	-1.187203e-01
456           	8.279975e-01	2.956368e-01	5.323607e-01	7.506693e-03	4.893942e-03	2.612751e-03	1.140596e-03	-1.183620e-01	1.241172e-01	1.700288e-03	1.249674e-01	-1.232671e-01
457           	8.260284e-01	2.262094e-01	5.998190e-01	5.996195e-02	2.966256e-02	3.029939e-02	-3.184134e-04	-1.868048e-01	1.226586e-01	1.539778e-03	1.234285e-01	-1.218887e-01
458           	8.245161e-01	1.760043e-01	6.485118e-01	1.051998e-01	5.079661e-02	5.440320e-02	-1.803296e-03	-2.362537e-01	1.181951e-01	1.450863e-03	1.189205e-01	-1.174696e-01
459           	8.254586e-01	1.497464e-01	6.757122e-01	1.357724e-01	6.480620e-02	7.096616e-02	-3.079980e-03	-2.629829e-01	1.151282e-01	1.478868e-03	1.158676e-01	-1.143887e-01
460           	8.271429e-01	1.481308e-01	6.790120e-01	1.448541e-01	6.852338e-02	7.633072e-02	-3.903671e-03	-2.654406e-01	1.140421e-01	1.585019e-03	1.148346e-01	-1.132496e-01
461           	8.290551e-01	1.699118e-01	6.591432e-01	1.301847e-01	6.099227e-02	6.919242e-02	-4.100074e-03	-2.446157e-01	1.146494e-01	1.738501e-03	1.155186e-01	-1.137801e-01
462           	8.313247e-01	2.119714e-01	6.193533e-01	9.408405e-02	4.340950e-02	5.067455e-02	-3.632527e-03	-2.036909e-01	1.150524e-01	1.846985e-03	1.159759e-01	-1.141289e-01
463           	8.332658e-01	2.674807e-01	5.657851e-01	4.270850e-02	1.878532e-02	2.392318e-02	-2.568925e-03	-1.491522e-01	1.142270e-01	1.878482e-03	1.151663e-01	-1.132878e-01
464           	8.342973e-01	3.276655e-01	5.066319e-01	-1.599470e-02	-9.097358e-03	-6.897338e-03	-1.100010e-03	-8.948320e-02	1.111448e-01	1.821995e-03	1.120558e-01	-1.102338e-01
465           	8.340214e-01	3.851504e-01	4.488711e-01	-7.295834e-02	-3.593118e-02	-3.702716e-02	5.479890e-04	-3.186036e-02	1.057215e-01	1.721274e-03	1.065821e-01	-1.048608e-01
466           	8.328491e-01	4.350616e-01	3.977876e-01	-1.186922e-01	-5.725912e-02	-6.143307e-02	2.086974e-03	1.863698e-02	9.938898e-02	1.609963e-03	1.001940e-01	-9.858400e-02
467           	8.302596e-01	4.737027e-01	3.565569e-01	-1.448789e-01	-6.918299e-02	-7.569589e-02	3.256447e-03	5.857291e-02	9.511050e-02	1.543049e-03	9.588202e-02	-9.433897e-02
468           	8.285179e-01	4.986757e-01	3.298422e-01	-1.478787e-01	-7.006842e-02	-7.781025e-02	3.870915e-03	8.441676e-02	9.508328e-02	1.512324e-03	9.583945e-02	-9.432712e-02
469           	8.291539e-01	5.065918e-01	3.225620e-01	-1.269162e-01	-5.960297e-02	-6.731322e-02	3.855129e-03	9.201490e-02	9.952994e-02	1.535632e-03	1.002978e-01	-9.876212e-02
470           	8.292896e-01	4.933109e-01	3.359787e-01	-8.505423e-02	-3.936128e-02	-4.569295e-02	3.165834e-03	7.866609e-02	1.049950e-01	1.575468e-03	1.057827e-01	-1.042072e-01
471           	8.271626e-01	4.611608e-01	3.660017e-01	-3.047478e-02	-1.330803e-02	-1.716675e-02	1.929359e-03	4.757956e-02	1.078780e-01	1.653274e-03	1.087047e-01	-1.070514e-01
472           	8.250544e-01	4.173533e-01	4.077011e-01	2.740117e-02	1.408042e-02	1.332075e-02	3.798351e-04	4.826111e-03	1.068064e-01	1.746725e-03	1.076797e-01	-1.059330e-01
473           	8.229133e-01	3.687443e-01	4.541690e-01	7.883320e-02	3.821276e-02	4.062044e-02	-1.203842e-03	-4.271238e-02	1.013943e-01	1.859106e-03	1.023238e-01	-1.004647e-01
474           	8.210135e-01	3.207468e-01	5.002667e-01	1.155783e-01	5.521794e-02	6.036037e-02	-2.571214e-03	-8.975997e-02	9.337218e-02	1.955462e-03	9.434991e-02	-9.239445e-02
475           	8.213799e-01	2.789624e-01	5.424175e-01	1.326486e-01	6.280890e-02	6.983968e-02	-3.515388e-03	-1.317275e-01	8.735337e-02	2.050864e-03	8.837880e-02	-8.632794e-02
476           	8.226237e-01	2.476537e-01	5.749701e-01	1.269050e-01	5.957241e-02	6.733258e-02	-3.880086e-03	-1.636582e-01	8.586368e-02	2.091854e-03	8.690961e-02	-8.481776e-02
477           	8.246526e-01	2.320940e-01	5.925585e-01	9.911268e-02	4.596496e-02	5.314772e-02	-3.591376e-03	-1.802323e-01	9.023801e-02	2.104884e-03	9.129045e-02	-8.918557e-02
478           	8.270485e-01	2.366899e-01	5.903586e-01	5.367798e-02	2.414286e-02	2.953512e-02	-2.696132e-03	-1.768344e-01	9.951680e-02	2.037943e-03	1.005358e-01	-9.849783e-02
479           	8.291202e-01	2.622251e-01	5.668951e-01	-2.010110e-03	-2.332395e-03	3.222850e-04	-1.327340e-03	-1.523350e-01	1.109417e-01	1.920606e-03	1.119020e-01	-1.099814e-01
480           	8.289199e-01	3.048587e-01	5.240613e-01	-5.806074e-02	-2.876361e-02	-2.929713e-02	2.667610e-04	-1.096013e-01	1.202090e-01	1.758590e-03	1.210883e-01	-1.193297e-01
481           	8.279538e-01	3.611258e-01	4.668280e-01	-1.056412e-01	-5.100124e-02	-5.463998e-02	1.819370e-03	-5.285114e-02	1.242070e-01	1.618141e-03	1.250160e-01	-1.233979e-01
482           	8.274126e-01	4.262273e-01	4.011853e-01	-1.376282e-01	-6.573977e-02	-7.188843e-02	3.074330e-03	1.252101e-02	1.220386e-01	1.525050e-03	1.228011e-01	-1.212761e-01
483           	8.259160e-01	4.932138e-01	3.327022e-01	-1.490346e-01	-7.067153e-02	-7.836302e-02	3.845741e-03	8.025580e-02	1.158665e-01	1.511676e-03	1.166224e-01	-1.151107e-01
484           	8.232407e-01	5.532500e-01	2.699907e-01	-1.388068e-01	-6.539461e-02	-7.341223e-02	4.008812e-03	1.416297e-01	1.089007e-01	1.591422e-03	1.096964e-01	-1.081050e-01
485           	8.220192e-01	5.998923e-01	2.221269e-01	-1.095327e-01	-5.117567e-02	-5.835700e-02	3.590666e-03	1.888827e-01	1.047364e-01	1.781695e-03	1.056272e-01	-1.038455e-01
486           	8.221732e-01	6.260871e-01	1.960860e-01	-6.619266e-02	-3.042654e-02	-3.576611e-02	2.669783e-03	2.150005e-01	1.029791e-01	2.013760e-03	1.039860e-01	-1.019722e-01
487           	8.226232e-01	6.293888e-01	1.932344e-01	-1.639019e-02	-6.779531e-03	-9.610661e-03	1.415565e-03	2.180772e-01	1.022409e-01	2.253614e-03	1.033677e-01	-1.011141e-01
488           	8.225473e-01	6.100669e-01	2.124805e-01	3.113816e-02	1.560761e-02	1.553055e-02	3.852905e-05	1.987932e-01	1.012114e-01	2.413316e-03	1.024180e-01	-1.000047e-01
489           	8.227629e-01	5.708857e-01	2.518772e-01	6.959472e-02	3.357461e-02	3.602011e-02	-1.222748e-03	1.595043e-01	1.002131e-01	2.464374e-03	1.014453e-01	-9.898088e-02
490           	8.203361e-01	5.131919e-01	3.071443e-01	9.376794e-02	4.471472e-02	4.905322e-02	-2.169246e-03	1.030238e-01	9.916279e-02	2.364844e-03	1.003452e-01	-9.798037e-02
491           	8.186300e-01	4.455728e-01	3.730572e-01	1.023339e-01	4.846479e-02	5.386915e-02	-2.702182e-03	3.625784e-02	1.005813e-01	2.166970e-03	1.016648e-01	-9.949784e-02
492           	8.172123e-01	3.778935e-01	4.393188e-01	9.427849e-02	4.437042e-02	4.990807e-02	-2.768827e-03	-3.071266e-02	1.059586e-01	1.923312e-03	1.069202e-01	-1.049969e-01
493           	8.165618e-01	3.225424e-01	4.940194e-01	7.095883e-02	3.311383e-02	3.784501e-02	-2.365591e-03	-8.573848e-02	1.148030e-01	1.701977e-03	1.156540e-01	-1.139520e-01
494           	8.156130e-01	2.893376e-01	5.262753e-01	3.643273e-02	1.665141e-02	1.978132e-02	-1.564953e-03	-1.184689e-01	1.235543e-01	1.534720e-03	1.243217e-01	-1.227870e-01
495           	8.154482e-01	2.823035e-01	5.331447e-01	-3.718708e-03	-2.358401e-03	-1.360308e-03	-4.990466e-04	-1.254206e-01	1.297538e-01	1.464529e-03	1.304860e-01	-1.290215e-01
496           	8.154214e-01	3.006297e-01	5.147918e-01	-4.280973e-02	-2.075726e-02	-2.205247e-02	6.476071e-04	-1.070810e-01	1.303919e-01	1.478603e-03	1.311312e-01	-1.296526e-01
497           	8.160690e-01	3.420108e-01	4.740582e-01	-7.493693e-02	-3.576390e-02	-3.917304e-02	1.704570e-03	-6.602373e-02	1.250756e-01	1.583822e-03	1.258675e-01	-1.242837e-01
498           	8.153486e-01	4.010700e-01	4.142786e-01	-9.512670e-02	-4.507450e-02	-5.005220e-02	2.488848e-03	-6.604330e-03	1.138261e-01	1.732647e-03	1.146924e-01	-1.129597e-01
499           	8.135138e-01	4.710583e-01	3.424555e-01	-1.011750e-01	-4.767892e-02	-5.349608e-02	2.908580e-03	6.430139e-02	1.007980e-01	1.916436e-03	1.017562e-01	-9.983974e-02
500           	8.108268e-01	5.413067e-01	2.695201e-01	-9.303653e-02	-4.360143e-02	-4.943510e-02	2.916837e-03	1.358933e-01	9.002716e-02	2.088901e-03	9.107161e-02	-8.898271e-02
