# Force and moment coefficients
# dragDir     : (1.000000e+00 0.000000e+00 0.000000e+00)
# sideDir     : (0.000000e+00 0.000000e+00 -1.000000e+00)
# liftDir     : (0.000000e+00 1.000000e+00 0.000000e+00)
# rollAxis    : (1.000000e+00 0.000000e+00 0.000000e+00)
# pitchAxis   : (0.000000e+00 0.000000e+00 -1.000000e+00)
# yawAxis     : (0.000000e+00 1.000000e+00 0.000000e+00)
# magUInf     : 1.250000e+01
# lRef        : 2.380000e-02
# Aref        : 7.140000e-03
# CofR        : (0.000000e+00 0.000000e+00 0.000000e+00)
#
# Time        	Cd            	Cd(f)         	Cd(r)         	Cl            	Cl(f)         	Cl(r)         	CmPitch       	CmRoll        	CmYaw         	Cs            	Cs(f)         	Cs(r)         
1             	1.930567e+02	9.697742e+01	9.607929e+01	2.575107e+00	2.039434e+00	5.356729e-01	7.518808e-01	4.490639e-01	3.535463e-01	-5.616871e-04	3.532655e-01	-3.538271e-01
2             	8.727614e+01	4.379569e+01	4.348046e+01	1.119625e+00	9.699900e-01	1.496351e-01	4.101775e-01	1.576148e-01	5.035154e-01	9.973088e-03	5.085020e-01	-4.985289e-01
3             	-2.605682e+02	-1.293063e+02	-1.312619e+02	-1.473256e+01	-9.435232e+00	-5.297329e+00	-2.068952e+00	9.777910e-01	-1.258200e+01	1.128475e-02	-1.257636e+01	1.258765e+01
4             	-2.207046e+02	-1.062139e+02	-1.144907e+02	-1.282952e+01	-7.624696e+00	-5.204827e+00	-1.209934e+00	4.138407e+00	-1.100998e+01	7.401433e-02	-1.097298e+01	1.104699e+01
5             	-9.254556e+01	-4.239202e+01	-5.015354e+01	-6.241102e+00	-2.922135e+00	-3.318967e+00	1.984163e-01	3.880759e+00	-4.866140e+00	-3.160616e-03	-4.867721e+00	4.864560e+00
6             	7.880591e+00	7.286552e+00	5.940386e-01	-3.734603e+00	-1.255532e+00	-2.479071e+00	6.117694e-01	3.346257e+00	-1.580528e-03	-2.704348e-02	-1.510227e-02	-1.194121e-02
7             	4.998718e+01	2.623949e+01	2.374769e+01	-2.224466e+00	-5.746517e-01	-1.649814e+00	5.375813e-01	1.245898e+00	2.341056e+00	-3.177652e-02	2.325168e+00	-2.356944e+00
8             	5.700295e+01	2.815238e+01	2.885057e+01	-1.696573e+00	-6.759288e-01	-1.020644e+00	1.723577e-01	-3.490939e-01	2.102736e+00	-2.709670e-02	2.089188e+00	-2.116285e+00
9             	4.902309e+01	2.181708e+01	2.720601e+01	-2.426736e+00	-1.376408e+00	-1.050328e+00	-1.630397e-01	-2.694461e+00	1.850809e+00	-1.955211e-02	1.841032e+00	-1.860585e+00
10            	3.830250e+01	1.570879e+01	2.259371e+01	-3.251588e+00	-1.946663e+00	-1.304925e+00	-3.208693e-01	-3.442459e+00	1.848932e+00	-1.784603e-02	1.840009e+00	-1.857855e+00
11            	2.802066e+01	1.045150e+01	1.756915e+01	-3.764030e+00	-2.190710e+00	-1.573320e+00	-3.086949e-01	-3.558823e+00	2.064601e+00	-1.935029e-02	2.054926e+00	-2.074276e+00
12            	2.074419e+01	7.474891e+00	1.326930e+01	-4.191666e+00	-2.476636e+00	-1.715030e+00	-3.808028e-01	-2.897204e+00	1.342571e+00	-1.566221e-02	1.334740e+00	-1.350403e+00
13            	1.537980e+01	5.195198e+00	1.018460e+01	-3.606527e+00	-2.184264e+00	-1.422263e+00	-3.810002e-01	-2.494703e+00	9.110635e-01	-9.992024e-03	9.060675e-01	-9.160595e-01
14            	1.261786e+01	3.707463e+00	8.910392e+00	-3.279227e+00	-2.180345e+00	-1.098882e+00	-5.407318e-01	-2.601465e+00	5.621248e-01	-8.439458e-03	5.579051e-01	-5.663446e-01
15            	1.151785e+01	2.699291e+00	8.818555e+00	-2.536364e+00	-1.828272e+00	-7.080919e-01	-5.600900e-01	-3.059632e+00	1.402134e-01	-1.021703e-02	1.351049e-01	-1.453220e-01
16            	1.070375e+01	2.236956e+00	8.466790e+00	-1.896956e+00	-1.515604e+00	-3.813521e-01	-5.671258e-01	-3.114917e+00	2.286697e-01	-1.598009e-02	2.206797e-01	-2.366598e-01
17            	9.489901e+00	1.868826e+00	7.621075e+00	-1.360151e+00	-1.170132e+00	-1.900182e-01	-4.900571e-01	-2.876124e+00	7.550139e-01	-1.894436e-02	7.455417e-01	-7.644861e-01
18            	7.918572e+00	1.382825e+00	6.535747e+00	-8.314808e-01	-8.197468e-01	-1.173400e-02	-4.040064e-01	-2.576461e+00	1.152562e+00	-1.907967e-02	1.143022e+00	-1.162102e+00
19            	6.451352e+00	8.664295e-01	5.584923e+00	-3.303504e-01	-4.751127e-01	1.447623e-01	-3.099375e-01	-2.359247e+00	1.392711e+00	-1.648064e-02	1.384471e+00	-1.400952e+00
20            	5.367614e+00	6.358393e-01	4.731774e+00	1.422114e-01	-1.792325e-01	3.214439e-01	-2.503382e-01	-2.047968e+00	1.254404e+00	-1.115261e-02	1.248828e+00	-1.259980e+00
21            	4.642441e+00	5.110762e-01	4.131365e+00	4.911738e-01	3.674366e-02	4.544302e-01	-2.088433e-01	-1.810144e+00	9.119716e-01	-9.229961e-03	9.073566e-01	-9.165866e-01
22            	3.796505e+00	3.002958e-01	3.496209e+00	7.130638e-01	1.848678e-01	5.281959e-01	-1.716640e-01	-1.597957e+00	5.051647e-01	-5.625165e-03	5.023521e-01	-5.079773e-01
23            	3.021797e+00	1.288281e-01	2.892969e+00	8.008243e-01	2.568356e-01	5.439887e-01	-1.435765e-01	-1.382071e+00	1.960628e-01	-5.106322e-03	1.935096e-01	-1.986160e-01
24            	2.223871e+00	-8.647040e-02	2.310341e+00	7.846719e-01	2.769815e-01	5.076905e-01	-1.153545e-01	-1.198406e+00	-2.810898e-01	-2.080834e-03	-2.821302e-01	2.800493e-01
25            	1.587497e+00	-2.893121e-01	1.876809e+00	6.993898e-01	2.581331e-01	4.412566e-01	-9.156173e-02	-1.083060e+00	-4.259178e-01	-9.438017e-04	-4.263897e-01	4.254459e-01
26            	1.023640e+00	-3.364224e-01	1.360062e+00	5.301717e-01	1.896857e-01	3.404861e-01	-7.540020e-02	-8.482424e-01	-5.641879e-01	1.852803e-03	-5.632615e-01	5.651143e-01
27            	5.805697e-01	-2.084280e-01	7.889976e-01	3.920676e-01	1.372979e-01	2.547696e-01	-5.873585e-02	-4.987128e-01	-5.698012e-01	3.150737e-03	-5.682258e-01	5.713765e-01
28            	2.915262e-01	-2.786752e-02	3.193937e-01	2.475144e-01	7.749780e-02	1.700166e-01	-4.625939e-02	-1.736306e-01	-5.365317e-01	1.963420e-03	-5.355500e-01	5.375134e-01
29            	1.415716e-01	1.227604e-01	1.881114e-02	1.145809e-01	1.973024e-02	9.485070e-02	-3.756023e-02	5.197464e-02	-3.655042e-01	-1.018481e-04	-3.655552e-01	3.654533e-01
30            	1.324189e-01	2.673049e-01	-1.348860e-01	2.300840e-03	-2.797777e-02	3.027861e-02	-2.912819e-02	2.010955e-01	-2.132630e-01	-2.055228e-03	-2.142906e-01	2.122354e-01
31            	2.469892e-01	3.439276e-01	-9.693838e-02	-9.891758e-02	-7.198775e-02	-2.692983e-02	-2.252896e-02	2.204330e-01	-7.770045e-02	-2.260367e-03	-7.883063e-02	7.657026e-02
32            	4.452222e-01	4.163228e-01	2.889939e-02	-1.942080e-01	-1.150119e-01	-7.919615e-02	-1.790785e-02	1.937117e-01	-1.064460e-01	9.337988e-04	-1.059791e-01	1.069129e-01
33            	7.129959e-01	6.069060e-01	1.060899e-01	-2.850785e-01	-1.599124e-01	-1.251660e-01	-1.737320e-02	2.504080e-01	-2.114994e-01	7.278980e-03	-2.078599e-01	2.151389e-01
34            	1.036239e+00	1.016684e+00	1.955514e-02	-3.859498e-01	-2.143480e-01	-1.716018e-01	-2.137309e-02	4.985643e-01	-4.266495e-01	1.427107e-02	-4.195140e-01	4.337851e-01
35            	1.311448e+00	1.454749e+00	-1.433006e-01	-5.061863e-01	-2.827664e-01	-2.234199e-01	-2.967324e-02	7.990247e-01	-6.681285e-01	1.915545e-02	-6.585507e-01	6.777062e-01
36            	1.515504e+00	1.877354e+00	-3.618506e-01	-6.521696e-01	-3.641458e-01	-2.880238e-01	-3.806099e-02	1.119602e+00	-8.343063e-01	1.912739e-02	-8.247426e-01	8.438699e-01
37            	1.643014e+00	2.143296e+00	-5.002820e-01	-8.219812e-01	-4.564501e-01	-3.655311e-01	-4.545949e-02	1.321789e+00	-9.104869e-01	1.466085e-02	-9.031564e-01	9.178173e-01
38            	1.716789e+00	2.261452e+00	-5.446629e-01	-9.901248e-01	-5.447316e-01	-4.453932e-01	-4.966921e-02	1.403057e+00	-9.508297e-01	7.188329e-03	-9.472356e-01	9.544239e-01
39            	1.775529e+00	2.269497e+00	-4.939675e-01	-1.100252e+00	-6.000237e-01	-5.002282e-01	-4.989772e-02	1.381732e+00	-1.020248e+00	4.051974e-04	-1.020045e+00	1.020450e+00
40            	1.846975e+00	2.254334e+00	-4.073581e-01	-1.110478e+00	-6.020253e-01	-5.084528e-01	-4.678623e-02	1.330846e+00	-1.108878e+00	-4.659959e-03	-1.111208e+00	1.106548e+00
41            	1.909579e+00	2.209450e+00	-2.998709e-01	-1.012949e+00	-5.454620e-01	-4.674872e-01	-3.898741e-02	1.254660e+00	-1.149238e+00	-8.059335e-03	-1.153267e+00	1.145208e+00
42            	1.941349e+00	2.140510e+00	-1.991602e-01	-8.296856e-01	-4.432364e-01	-3.864491e-01	-2.839366e-02	1.169835e+00	-1.084219e+00	-1.043100e-02	-1.089434e+00	1.079003e+00
43            	1.927655e+00	1.992895e+00	-6.524052e-02	-5.930345e-01	-3.146336e-01	-2.784008e-01	-1.811642e-02	1.029068e+00	-9.134492e-01	-1.172691e-02	-9.193126e-01	9.075857e-01
44            	1.876561e+00	1.766787e+00	1.097738e-01	-3.369885e-01	-1.794334e-01	-1.575552e-01	-1.093909e-02	8.285066e-01	-6.794548e-01	-1.157038e-02	-6.852400e-01	6.736696e-01
45            	1.781685e+00	1.432492e+00	3.491931e-01	-8.841798e-02	-5.106818e-02	-3.734980e-02	-6.859190e-03	5.416493e-01	-4.707458e-01	-1.046282e-02	-4.759772e-01	4.655144e-01
46            	1.665377e+00	1.059398e+00	6.059790e-01	1.105399e-01	4.935590e-02	6.118402e-02	-5.914063e-03	2.267095e-01	-3.433971e-01	-9.227825e-03	-3.480110e-01	3.387831e-01
47            	1.538921e+00	6.992942e-01	8.396268e-01	2.421944e-01	1.142825e-01	1.279119e-01	-6.814725e-03	-7.016630e-02	-2.930006e-01	-8.251145e-03	-2.971261e-01	2.888750e-01
48            	1.390949e+00	4.216804e-01	9.692684e-01	2.746001e-01	1.257397e-01	1.488604e-01	-1.156038e-02	-2.737940e-01	-3.118972e-01	-7.514420e-03	-3.156544e-01	3.081400e-01
49            	1.242037e+00	2.831230e-01	9.589142e-01	1.968232e-01	7.655395e-02	1.202692e-01	-2.185764e-02	-3.378956e-01	-3.514587e-01	-6.673905e-03	-3.547957e-01	3.481218e-01
50            	1.131703e+00	3.040691e-01	8.276336e-01	4.096941e-02	-1.540637e-02	5.637578e-02	-3.589108e-02	-2.617823e-01	-3.680493e-01	-5.659624e-03	-3.708791e-01	3.652194e-01
51            	1.075744e+00	4.447720e-01	6.309720e-01	-1.304464e-01	-1.132372e-01	-1.720917e-02	-4.801401e-02	-9.310003e-02	-3.492827e-01	-4.512131e-03	-3.515388e-01	3.470267e-01
52            	1.059848e+00	6.428415e-01	4.170069e-01	-2.615264e-01	-1.836830e-01	-7.784333e-02	-5.291986e-02	1.129173e-01	-3.176918e-01	-3.486388e-03	-3.194350e-01	3.159486e-01
53            	1.063134e+00	8.346339e-01	2.285001e-01	-3.196322e-01	-2.081058e-01	-1.115264e-01	-4.828966e-02	3.030669e-01	-2.786336e-01	-2.455364e-03	-2.798613e-01	2.774059e-01
54            	1.074474e+00	9.767897e-01	9.768424e-02	-3.015512e-01	-1.866077e-01	-1.149435e-01	-3.583213e-02	4.395527e-01	-2.403704e-01	-1.362346e-03	-2.410516e-01	2.396893e-01
55            	1.092602e+00	1.042367e+00	5.023494e-02	-2.213388e-01	-1.283073e-01	-9.303148e-02	-1.763791e-02	4.960660e-01	-1.895755e-01	-3.485838e-04	-1.897498e-01	1.894012e-01
56            	1.097096e+00	1.010910e+00	8.618546e-02	-9.970848e-02	-4.715692e-02	-5.255156e-02	2.697319e-03	4.623624e-01	-1.399848e-01	5.375077e-04	-1.397160e-01	1.402535e-01
57            	1.084472e+00	8.977380e-01	1.867344e-01	3.669514e-02	4.002278e-02	-3.327641e-03	2.167521e-02	3.555018e-01	-1.017988e-01	1.327768e-03	-1.011349e-01	1.024626e-01
58            	1.064514e+00	7.363263e-01	3.281881e-01	1.602619e-01	1.163718e-01	4.389006e-02	3.624088e-02	2.040691e-01	-7.049686e-02	2.003448e-03	-6.949514e-02	7.149859e-02
59            	1.046012e+00	5.669632e-01	4.790484e-01	2.469614e-01	1.675618e-01	7.939963e-02	4.408108e-02	4.395740e-02	-4.716473e-02	2.682937e-03	-4.582326e-02	4.850620e-02
60            	1.030806e+00	4.306935e-01	6.001128e-01	2.800288e-01	1.834119e-01	9.661693e-02	4.339749e-02	-8.470963e-02	-3.073741e-02	3.357340e-03	-2.905874e-02	3.241608e-02
61            	1.018324e+00	3.615188e-01	6.568052e-01	2.560004e-01	1.627564e-01	9.324398e-02	3.475622e-02	-1.476432e-01	-2.205318e-02	3.996126e-03	-2.005512e-02	2.405125e-02
62            	1.009661e+00	3.730739e-01	6.365873e-01	1.833673e-01	1.116094e-01	7.175794e-02	1.992573e-02	-1.317567e-01	-1.334420e-02	4.565642e-03	-1.106138e-02	1.562702e-02
63            	1.008878e+00	4.535343e-01	5.553439e-01	8.064480e-02	4.251609e-02	3.812871e-02	2.193688e-03	-5.090479e-02	-3.206090e-03	4.940602e-03	-7.357897e-04	5.676391e-03
64            	9.962462e-01	5.667343e-01	4.295119e-01	-3.320310e-02	-3.174055e-02	-1.462547e-03	-1.513900e-02	6.861122e-02	3.217162e-03	5.023302e-03	5.728813e-03	-7.055111e-04
65            	9.770681e-01	6.832840e-01	2.937841e-01	-1.381453e-01	-9.844547e-02	-3.969986e-02	-2.937280e-02	1.947499e-01	1.919163e-02	4.775724e-03	2.157949e-02	-1.680376e-02
66            	9.544108e-01	7.651608e-01	1.892500e-01	-2.124682e-01	-1.440524e-01	-6.841585e-02	-3.781825e-02	2.879554e-01	3.826007e-02	4.317269e-03	4.041871e-02	-3.610144e-02
67            	9.373569e-01	8.004153e-01	1.369416e-01	-2.493762e-01	-1.650393e-01	-8.433696e-02	-4.035116e-02	3.317368e-01	6.220831e-02	3.467831e-03	6.394222e-02	-6.047439e-02
68            	9.213767e-01	7.655183e-01	1.558584e-01	-2.374252e-01	-1.536607e-01	-8.376454e-02	-3.494807e-02	3.048299e-01	7.439907e-02	2.563839e-03	7.568099e-02	-7.311715e-02
69            	9.153584e-01	6.774079e-01	2.379504e-01	-1.837169e-01	-1.156465e-01	-6.807042e-02	-2.378804e-02	2.197288e-01	8.154796e-02	1.674105e-03	8.238501e-02	-8.071091e-02
70            	9.184314e-01	5.578542e-01	3.605773e-01	-1.013379e-01	-5.991954e-02	-4.141839e-02	-9.250574e-03	9.863846e-02	9.041771e-02	8.783321e-04	9.085688e-02	-8.997855e-02
71            	9.153694e-01	4.251510e-01	4.902184e-01	-3.964238e-03	4.300026e-03	-8.264264e-03	6.282145e-03	-3.253372e-02	8.790533e-02	3.108674e-04	8.806077e-02	-8.774990e-02
72            	9.072373e-01	3.084793e-01	5.987579e-01	9.373939e-02	6.731510e-02	2.642429e-02	2.044541e-02	-1.451393e-01	8.345407e-02	-2.560518e-05	8.344127e-02	-8.346687e-02
73            	8.976402e-01	2.328341e-01	6.648061e-01	1.751533e-01	1.185219e-01	5.663138e-02	3.094528e-02	-2.159860e-01	8.383151e-02	-1.501657e-04	8.375643e-02	-8.390660e-02
74            	8.894228e-01	2.131962e-01	6.762266e-01	2.237642e-01	1.476507e-01	7.611351e-02	3.576858e-02	-2.315152e-01	8.769050e-02	-1.336051e-04	8.762369e-02	-8.775730e-02
75            	8.858743e-01	2.552629e-01	6.306114e-01	2.290001e-01	1.477903e-01	8.120981e-02	3.329026e-02	-1.876743e-01	9.080884e-02	-7.627567e-05	9.077070e-02	-9.084698e-02
76            	8.906792e-01	3.463609e-01	5.443183e-01	1.920304e-01	1.205290e-01	7.150142e-02	2.451379e-02	-9.897869e-02	9.979624e-02	-4.048380e-05	9.977600e-02	-9.981648e-02
77            	8.970817e-01	4.624495e-01	4.346321e-01	1.209803e-01	7.195750e-02	4.902282e-02	1.146734e-02	1.390870e-02	1.057057e-01	-2.913958e-05	1.056912e-01	-1.057203e-01
78            	8.996711e-01	5.810982e-01	3.185729e-01	2.798572e-02	1.048798e-02	1.749774e-02	-3.504883e-03	1.312626e-01	1.001020e-01	-2.476133e-05	1.000896e-01	-1.001144e-01
79            	8.960607e-01	6.766249e-01	2.194358e-01	-7.078791e-02	-5.323196e-02	-1.755595e-02	-1.783800e-02	2.285945e-01	8.941395e-02	5.290489e-07	8.941421e-02	-8.941368e-02
80            	8.865118e-01	7.287081e-01	1.578037e-01	-1.558882e-01	-1.066860e-01	-4.920213e-02	-2.874194e-02	2.854522e-01	7.937263e-02	5.004337e-05	7.939765e-02	-7.934761e-02
81            	8.750806e-01	7.245736e-01	1.505070e-01	-2.086343e-01	-1.379868e-01	-7.064748e-02	-3.366967e-02	2.870333e-01	7.239801e-02	9.300275e-05	7.244451e-02	-7.235151e-02
82            	8.684655e-01	6.662187e-01	2.022468e-01	-2.185227e-01	-1.409248e-01	-7.759792e-02	-3.166344e-02	2.319860e-01	7.326539e-02	7.623231e-05	7.330350e-02	-7.322727e-02
83            	8.696546e-01	5.703014e-01	2.993532e-01	-1.872074e-01	-1.172722e-01	-6.993526e-02	-2.366845e-02	1.354741e-01	8.315923e-02	-2.226757e-05	8.314810e-02	-8.317037e-02
84            	8.709144e-01	4.509143e-01	4.200001e-01	-1.214355e-01	-7.222871e-02	-4.920678e-02	-1.151096e-02	1.545712e-02	8.963673e-02	-1.755287e-04	8.954897e-02	-8.972450e-02
85            	8.700311e-01	3.263977e-01	5.436333e-01	-3.484005e-02	-1.519075e-02	-1.964931e-02	2.229280e-03	-1.086178e-01	8.751292e-02	-2.919862e-04	8.736693e-02	-8.765891e-02
86            	8.652590e-01	2.219646e-01	6.432944e-01	5.433861e-02	4.208066e-02	1.225795e-02	1.491136e-02	-2.106649e-01	8.048827e-02	-2.954794e-04	8.034053e-02	-8.063601e-02
87            	8.574735e-01	1.616712e-01	6.958023e-01	1.252037e-01	8.626728e-02	3.893640e-02	2.366544e-02	-2.670655e-01	7.433917e-02	-2.079194e-04	7.423521e-02	-7.444313e-02
88            	8.518616e-01	1.610809e-01	6.907807e-01	1.613124e-01	1.069671e-01	5.434534e-02	2.631088e-02	-2.648499e-01	7.388097e-02	-5.192241e-05	7.385501e-02	-7.390693e-02
89            	8.546097e-01	2.178052e-01	6.368045e-01	1.589449e-01	1.027113e-01	5.623363e-02	2.323883e-02	-2.094997e-01	8.260606e-02	1.103446e-04	8.266123e-02	-8.255089e-02
90            	8.599092e-01	3.158796e-01	5.440296e-01	1.207383e-01	7.550848e-02	4.522982e-02	1.513933e-02	-1.140750e-01	9.094519e-02	1.955310e-04	9.104295e-02	-9.084742e-02
91            	8.613448e-01	4.364868e-01	4.248580e-01	5.511517e-02	3.140161e-02	2.371356e-02	3.844029e-03	5.814417e-03	8.978240e-02	1.879075e-04	8.987635e-02	-8.968844e-02
92            	8.585887e-01	5.575278e-01	3.010609e-01	-2.097077e-02	-1.823294e-02	-2.737832e-03	-7.747553e-03	1.282335e-01	8.042693e-02	1.275222e-04	8.049069e-02	-8.036317e-02
93            	8.514483e-01	6.512315e-01	2.002167e-01	-8.759678e-02	-6.067070e-02	-2.692608e-02	-1.687231e-02	2.255074e-01	6.993021e-02	6.956857e-05	6.996500e-02	-6.989543e-02
94            	8.434915e-01	7.009688e-01	1.425227e-01	-1.288738e-01	-8.565440e-02	-4.321936e-02	-2.121752e-02	2.792230e-01	6.669452e-02	3.144040e-05	6.671024e-02	-6.667880e-02
95            	8.430600e-01	7.079216e-01	1.351384e-01	-1.392973e-01	-9.032783e-02	-4.896952e-02	-2.067915e-02	2.863916e-01	7.640631e-02	6.093289e-05	7.643678e-02	-7.637584e-02
96            	8.467716e-01	6.736103e-01	1.731613e-01	-1.198995e-01	-7.585683e-02	-4.404265e-02	-1.590709e-02	2.502245e-01	8.836181e-02	1.010625e-04	8.841234e-02	-8.831128e-02
97            	8.492109e-01	6.018912e-01	2.473197e-01	-7.395459e-02	-4.465248e-02	-2.930211e-02	-7.675183e-03	1.772857e-01	9.362381e-02	1.471536e-04	9.369739e-02	-9.355024e-02
98            	8.494290e-01	5.053819e-01	3.440471e-01	-1.340622e-02	-4.772330e-03	-8.633891e-03	1.930780e-03	8.066737e-02	8.990145e-02	1.026389e-04	8.995277e-02	-8.985014e-02
99            	8.458658e-01	4.054679e-01	4.403980e-01	4.399288e-02	3.224373e-02	1.174916e-02	1.024729e-02	-1.746504e-02	7.940185e-02	3.803205e-06	7.940375e-02	-7.939995e-02
100           	8.418004e-01	3.218932e-01	5.199072e-01	8.544666e-02	5.819784e-02	2.724881e-02	1.547452e-02	-9.900703e-02	7.234575e-02	-1.177682e-04	7.228687e-02	-7.240464e-02
101           	8.405425e-01	2.626507e-01	5.778918e-01	1.056431e-01	6.992695e-02	3.571616e-02	1.710539e-02	-1.576205e-01	7.614250e-02	-1.929226e-04	7.604604e-02	-7.623896e-02
102           	8.400297e-01	2.301072e-01	6.099225e-01	1.012451e-01	6.541834e-02	3.582673e-02	1.479581e-02	-1.899076e-01	8.392328e-02	-1.918210e-04	8.382737e-02	-8.401919e-02
103           	8.390873e-01	2.271817e-01	6.119055e-01	7.170844e-02	4.470097e-02	2.700747e-02	8.846753e-03	-1.923619e-01	8.734882e-02	-9.612044e-05	8.730076e-02	-8.739689e-02
104           	8.386148e-01	2.506257e-01	5.879891e-01	2.613857e-02	1.414615e-02	1.199242e-02	1.076863e-03	-1.686817e-01	8.426227e-02	3.859466e-05	8.428157e-02	-8.424298e-02
105           	8.382798e-01	2.932397e-01	5.450401e-01	-2.109606e-02	-1.675432e-02	-4.341735e-03	-6.206294e-03	-1.259002e-01	7.549358e-02	1.537827e-04	7.557047e-02	-7.541668e-02
106           	8.384893e-01	3.519339e-01	4.865554e-01	-6.166303e-02	-4.279040e-02	-1.887263e-02	-1.195888e-02	-6.731073e-02	6.605854e-02	2.145614e-04	6.616582e-02	-6.595125e-02
107           	8.389587e-01	4.250693e-01	4.138894e-01	-9.127698e-02	-6.117437e-02	-3.010261e-02	-1.553588e-02	5.589915e-03	5.758824e-02	2.292058e-04	5.770284e-02	-5.747363e-02
108           	8.383030e-01	5.050555e-01	3.332475e-01	-1.053644e-01	-6.882865e-02	-3.653580e-02	-1.614643e-02	8.590403e-02	5.151773e-02	1.865663e-04	5.161102e-02	-5.142445e-02
109           	8.370756e-01	5.803688e-01	2.567069e-01	-9.948157e-02	-6.310283e-02	-3.637873e-02	-1.336205e-02	1.618309e-01	5.023386e-02	1.815991e-04	5.032466e-02	-5.014306e-02
110           	8.362570e-01	6.399287e-01	1.963282e-01	-7.525575e-02	-4.557886e-02	-2.967689e-02	-7.950988e-03	2.218002e-01	5.331607e-02	2.048885e-04	5.341851e-02	-5.321362e-02
111           	8.356054e-01	6.704118e-01	1.651936e-01	-3.924384e-02	-2.099776e-02	-1.824608e-02	-1.375839e-03	2.526091e-01	5.821775e-02	2.639434e-04	5.834972e-02	-5.808578e-02
112           	8.351372e-01	6.646966e-01	1.704406e-01	8.383277e-04	5.403150e-03	-4.564822e-03	4.983986e-03	2.471280e-01	6.133455e-02	2.988823e-04	6.148399e-02	-6.118511e-02
113           	8.343523e-01	6.195263e-01	2.148260e-01	3.901594e-02	2.971173e-02	9.304211e-03	1.020376e-02	2.023502e-01	5.986538e-02	3.046898e-04	6.001772e-02	-5.971303e-02
114           	8.325153e-01	5.393672e-01	2.931480e-01	6.996058e-02	4.851738e-02	2.144320e-02	1.353709e-02	1.231096e-01	5.233021e-02	2.421721e-04	5.245129e-02	-5.220912e-02
115           	8.301647e-01	4.375313e-01	3.926334e-01	8.719889e-02	5.784340e-02	2.935550e-02	1.424395e-02	2.244892e-02	4.182633e-02	1.619611e-04	4.190731e-02	-4.174535e-02
116           	8.282410e-01	3.313965e-01	4.968445e-01	8.785455e-02	5.618738e-02	3.166717e-02	1.226011e-02	-8.272398e-02	3.409167e-02	9.742717e-05	3.414038e-02	-3.404295e-02
117           	8.267085e-01	2.399526e-01	5.867559e-01	7.239978e-02	4.428438e-02	2.811539e-02	8.084494e-03	-1.734016e-01	3.191483e-02	8.580465e-05	3.195773e-02	-3.187192e-02
118           	8.254189e-01	1.765112e-01	6.489077e-01	4.522865e-02	2.532271e-02	1.990593e-02	2.708391e-03	-2.361983e-01	3.366356e-02	1.137091e-04	3.372041e-02	-3.360671e-02
119           	8.243826e-01	1.509342e-01	6.734483e-01	1.111974e-02	2.687867e-03	8.431876e-03	-2.872004e-03	-2.612570e-01	3.440196e-02	1.831842e-04	3.449355e-02	-3.431037e-02
120           	8.234607e-01	1.661872e-01	6.572735e-01	-2.446306e-02	-1.993356e-02	-4.529499e-03	-7.702030e-03	-2.455431e-01	3.111136e-02	2.592775e-04	3.124100e-02	-3.098172e-02
121           	8.223237e-01	2.196405e-01	6.026832e-01	-5.534687e-02	-3.865810e-02	-1.668878e-02	-1.098466e-02	-1.915213e-01	2.312218e-02	3.072827e-04	2.327582e-02	-2.296853e-02
122           	8.208668e-01	3.032581e-01	5.176086e-01	-7.608054e-02	-5.026810e-02	-2.581243e-02	-1.222783e-02	-1.071753e-01	1.089586e-02	3.091259e-04	1.105042e-02	-1.074129e-02
123           	8.195150e-01	4.040422e-01	4.154728e-01	-8.356203e-02	-5.311380e-02	-3.044823e-02	-1.133279e-02	-5.715253e-03	-6.579743e-04	2.549548e-04	-5.304969e-04	7.854517e-04
124           	8.184179e-01	5.061633e-01	3.122546e-01	-7.727202e-02	-4.718774e-02	-3.008428e-02	-8.551728e-03	9.695435e-02	-5.826329e-03	1.602525e-04	-5.746203e-03	5.906456e-03
125           	8.172128e-01	5.941901e-01	2.230227e-01	-5.916394e-02	-3.406643e-02	-2.509751e-02	-4.484457e-03	1.855837e-01	-2.587433e-03	8.358896e-05	-2.545639e-03	2.629228e-03
126           	8.159833e-01	6.555596e-01	1.604237e-01	-3.294533e-02	-1.642474e-02	-1.652060e-02	4.792986e-05	2.475680e-01	5.863968e-03	3.240481e-05	5.880170e-03	-5.847765e-03
127           	8.148216e-01	6.812384e-01	1.335832e-01	-3.628040e-03	2.349264e-03	-5.977303e-03	4.163283e-03	2.738276e-01	1.448939e-02	9.155743e-06	1.449396e-02	-1.448481e-02
128           	8.139386e-01	6.667862e-01	1.471525e-01	2.327037e-02	1.877838e-02	4.491986e-03	7.143199e-03	2.598169e-01	1.878945e-02	2.672875e-05	1.880281e-02	-1.877608e-02
129           	8.132157e-01	6.133661e-01	1.998496e-01	4.328841e-02	3.029814e-02	1.299027e-02	8.653935e-03	2.067582e-01	1.632692e-02	1.963877e-05	1.633673e-02	-1.631710e-02
130           	8.124078e-01	5.294564e-01	2.829514e-01	5.388498e-02	3.560966e-02	1.827532e-02	8.667172e-03	1.232525e-01	7.536962e-03	6.554762e-06	7.540240e-03	-7.533685e-03
131           	8.116163e-01	4.293915e-01	3.822248e-01	5.449997e-02	3.458447e-02	1.991550e-02	7.334484e-03	2.358331e-02	-1.941125e-03	-2.979978e-05	-1.956025e-03	1.926225e-03
132           	8.109846e-01	3.291375e-01	4.818471e-01	4.593447e-02	2.788542e-02	1.804906e-02	4.918178e-03	-7.635478e-02	-6.175661e-03	-8.959492e-05	-6.220459e-03	6.130864e-03
133           	8.103093e-01	2.432353e-01	5.670740e-01	3.003202e-02	1.684769e-02	1.318433e-02	1.831683e-03	-1.619193e-01	-2.809962e-03	-1.292380e-04	-2.874581e-03	2.745343e-03
134           	8.097102e-01	1.838526e-01	6.258576e-01	9.591284e-03	3.404603e-03	6.186681e-03	-1.391039e-03	-2.210025e-01	4.945375e-03	-1.351237e-04	4.877814e-03	-5.012937e-03
135           	8.096543e-01	1.591593e-01	6.504949e-01	-1.186302e-02	-1.011764e-02	-1.745378e-03	-4.186132e-03	-2.456678e-01	1.160702e-02	-8.833259e-05	1.156285e-02	-1.165118e-02
136           	8.101458e-01	1.717265e-01	6.384193e-01	-3.070556e-02	-2.146749e-02	-9.238073e-03	-6.114708e-03	-2.333464e-01	1.292185e-02	-2.612766e-05	1.290879e-02	-1.293491e-02
137           	8.106868e-01	2.186330e-01	5.920538e-01	-4.423220e-02	-2.911814e-02	-1.511406e-02	-7.002040e-03	-1.867104e-01	7.511548e-03	4.832019e-05	7.535708e-03	-7.487388e-03
138           	8.107394e-01	2.920940e-01	5.186454e-01	-5.106278e-02	-3.240648e-02	-1.865630e-02	-6.875091e-03	-1.132757e-01	-2.721574e-03	9.344663e-05	-2.674851e-03	2.768298e-03
139           	8.105692e-01	3.808907e-01	4.296785e-01	-5.086290e-02	-3.127636e-02	-1.958654e-02	-5.844910e-03	-2.439394e-02	-1.205632e-02	8.994352e-05	-1.201134e-02	1.210129e-02
140           	8.103970e-01	4.720977e-01	3.382993e-01	-4.397090e-02	-2.604167e-02	-1.792923e-02	-4.056218e-03	6.689922e-02	-1.515897e-02	4.461487e-05	-1.513667e-02	1.518128e-02
141           	8.100654e-01	5.527612e-01	2.573042e-01	-3.130365e-02	-1.738271e-02	-1.392093e-02	-1.730890e-03	1.477285e-01	-9.864806e-03	-1.005107e-05	-9.869832e-03	9.859781e-03
142           	8.099036e-01	6.118309e-01	1.980727e-01	-1.455020e-02	-6.482439e-03	-8.067763e-03	7.926621e-04	2.068791e-01	7.145170e-04	-5.716796e-05	6.859330e-04	-7.431010e-04
143           	8.105361e-01	6.417311e-01	1.688050e-01	3.820694e-03	5.025267e-03	-1.204573e-03	3.114920e-03	2.364631e-01	1.079186e-02	-4.304837e-05	1.077034e-02	-1.081339e-02
144           	8.119237e-01	6.387674e-01	1.731564e-01	2.090101e-02	1.534043e-02	5.560584e-03	4.889923e-03	2.328055e-01	1.578925e-02	-1.529659e-05	1.578160e-02	-1.579689e-02
145           	8.133905e-01	6.029986e-01	2.103918e-01	3.397950e-02	2.290480e-02	1.107470e-02	5.915048e-03	1.963034e-01	1.429051e-02	-1.166575e-05	1.428468e-02	-1.429634e-02
146           	8.141521e-01	5.390732e-01	2.750789e-01	4.122386e-02	2.673005e-02	1.449382e-02	6.118115e-03	1.319972e-01	7.556661e-03	-4.876260e-06	7.554223e-03	-7.559099e-03
147           	8.140105e-01	4.565951e-01	3.574154e-01	4.190836e-02	2.647132e-02	1.543703e-02	5.517145e-03	4.958988e-02	2.356501e-04	-4.876401e-05	2.112681e-04	-2.600321e-04
148           	8.134159e-01	3.683021e-01	4.451138e-01	3.605434e-02	2.217750e-02	1.387684e-02	4.150328e-03	-3.840584e-02	-3.097500e-03	-1.442240e-04	-3.169612e-03	3.025388e-03
149           	8.126781e-01	2.873290e-01	5.253491e-01	2.435247e-02	1.432439e-02	1.002808e-02	2.148153e-03	-1.190101e-01	-1.815574e-04	-1.923676e-04	-2.777413e-04	8.537361e-05
150           	8.122146e-01	2.251260e-01	5.870886e-01	8.289314e-03	3.924309e-03	4.365005e-03	-2.203483e-04	-1.809813e-01	6.973531e-03	-2.105134e-04	6.868274e-03	-7.078787e-03
151           	8.124934e-01	1.902977e-01	6.221957e-01	-9.703593e-03	-7.424121e-03	-2.279472e-03	-2.572325e-03	-2.159490e-01	1.365773e-02	-1.869646e-04	1.356425e-02	-1.375121e-02
152           	8.134066e-01	1.873874e-01	6.260191e-01	-2.649140e-02	-1.773788e-02	-8.753517e-03	-4.492184e-03	-2.193159e-01	1.600911e-02	-1.162796e-04	1.595097e-02	-1.606725e-02
153           	8.143089e-01	2.165365e-01	5.977724e-01	-3.917076e-02	-2.527088e-02	-1.389988e-02	-5.685499e-03	-1.906179e-01	1.265720e-02	-2.368112e-05	1.264536e-02	-1.266904e-02
154           	8.144210e-01	2.732269e-01	5.411941e-01	-4.600278e-02	-2.903946e-02	-1.696332e-02	-6.038067e-03	-1.339836e-01	4.741956e-03	4.535501e-05	4.764633e-03	-4.719278e-03
155           	8.136527e-01	3.488203e-01	4.648324e-01	-4.644178e-02	-2.877804e-02	-1.766374e-02	-5.557146e-03	-5.800602e-02	-3.685240e-03	4.342282e-05	-3.663528e-03	3.706951e-03
156           	8.126424e-01	4.320113e-01	3.806311e-01	-4.076240e-02	-2.468162e-02	-1.608079e-02	-4.300415e-03	2.569009e-02	-8.040620e-03	-1.554207e-05	-8.048391e-03	8.032849e-03
157           	8.119009e-01	5.106909e-01	3.012100e-01	-2.975464e-02	-1.727712e-02	-1.247752e-02	-2.399801e-03	1.047405e-01	-5.625288e-03	-8.909233e-05	-5.669835e-03	5.580742e-03
158           	8.115207e-01	5.738060e-01	2.377146e-01	-1.482582e-02	-7.529770e-03	-7.296049e-03	-1.168607e-04	1.680457e-01	2.555163e-03	-1.520666e-04	2.479129e-03	-2.631196e-03
159           	8.116376e-01	6.127458e-01	1.988918e-01	1.870874e-03	3.112044e-03	-1.241170e-03	2.176607e-03	2.069270e-01	1.228306e-02	-1.793763e-04	1.219337e-02	-1.237275e-02
160           	8.122446e-01	6.222197e-01	1.900249e-01	1.758708e-02	1.287076e-02	4.716320e-03	4.077220e-03	2.160974e-01	1.871302e-02	-1.524118e-04	1.863682e-02	-1.878923e-02
161           	8.129207e-01	6.005412e-01	2.123795e-01	2.969786e-02	2.014061e-02	9.557242e-03	5.291686e-03	1.940808e-01	1.944767e-02	-9.866631e-05	1.939834e-02	-1.949701e-02
162           	8.130056e-01	5.504297e-01	2.625759e-01	3.651809e-02	2.395548e-02	1.256260e-02	5.696441e-03	1.439269e-01	1.441128e-02	-4.884562e-05	1.438685e-02	-1.443570e-02
163           	8.123405e-01	4.793852e-01	3.329553e-01	3.752039e-02	2.406645e-02	1.345394e-02	5.306255e-03	7.321497e-02	6.524509e-03	-5.481087e-05	6.497104e-03	-6.551915e-03
164           	8.114451e-01	3.987165e-01	4.127286e-01	3.302357e-02	2.071304e-02	1.231053e-02	4.201256e-03	-7.006060e-03	5.195902e-04	-9.782538e-05	4.706775e-04	-5.685029e-04
165           	8.109042e-01	3.207355e-01	4.901687e-01	2.374897e-02	1.437923e-02	9.369740e-03	2.504745e-03	-8.471658e-02	-1.718820e-04	-1.450278e-04	-2.443959e-04	9.936812e-05
166           	8.107044e-01	2.564278e-01	5.542765e-01	1.082429e-02	5.848911e-03	4.975378e-03	4.367662e-04	-1.489243e-01	4.665665e-03	-1.967020e-04	4.567314e-03	-4.764016e-03
167           	8.108274e-01	2.143557e-01	5.964717e-01	-4.051047e-03	-3.714933e-03	-3.361142e-04	-1.689409e-03	-1.910580e-01	1.166618e-02	-1.934358e-04	1.156947e-02	-1.176290e-02
168           	8.113146e-01	1.999909e-01	6.113236e-01	-1.861214e-02	-1.282178e-02	-5.790360e-03	-3.515711e-03	-2.056663e-01	1.648229e-02	-1.314276e-04	1.641658e-02	-1.654800e-02
169           	8.118885e-01	2.148789e-01	5.970096e-01	-3.051029e-02	-2.000946e-02	-1.050084e-02	-4.754310e-03	-1.910654e-01	1.643585e-02	-4.554326e-05	1.641308e-02	-1.645862e-02
170           	8.120620e-01	2.565057e-01	5.555563e-01	-3.813893e-02	-2.435504e-02	-1.378388e-02	-5.285579e-03	-1.495253e-01	1.118962e-02	2.568752e-05	1.120247e-02	-1.117678e-02
171           	8.114324e-01	3.187408e-01	4.926916e-01	-4.089581e-02	-2.557569e-02	-1.532012e-02	-5.127785e-03	-8.697544e-02	2.865332e-03	6.365290e-05	2.897158e-03	-2.833505e-03
172           	8.103375e-01	3.926334e-01	4.177041e-01	-3.884059e-02	-2.376139e-02	-1.507920e-02	-4.341093e-03	-1.253533e-02	-4.150890e-03	3.026271e-05	-4.135758e-03	4.166021e-03
173           	8.093646e-01	4.676506e-01	3.417139e-01	-3.228890e-02	-1.914170e-02	-1.314720e-02	-2.997251e-03	6.296835e-02	-6.115339e-03	-3.681026e-05	-6.133745e-03	6.096934e-03
174           	8.085990e-01	5.332994e-01	2.752996e-01	-2.179595e-02	-1.212922e-02	-9.666733e-03	-1.231242e-03	1.289999e-01	-1.728623e-03	-9.875993e-05	-1.778003e-03	1.679243e-03
175           	8.081150e-01	5.807729e-01	2.273422e-01	-8.478579e-03	-3.512653e-03	-4.965926e-03	7.266365e-04	1.767153e-01	6.708146e-03	-1.202516e-04	6.648020e-03	-6.768272e-03
176           	8.080631e-01	6.037100e-01	2.043530e-01	5.822393e-03	5.482658e-03	3.397353e-04	2.571461e-03	1.996785e-01	1.463393e-02	-9.792560e-05	1.458497e-02	-1.468289e-02
177           	8.083696e-01	5.989109e-01	2.094587e-01	1.883899e-02	1.343261e-02	5.406386e-03	4.013110e-03	1.947261e-01	1.838187e-02	-4.642199e-05	1.835866e-02	-1.840509e-02
178           	8.086400e-01	5.666398e-01	2.420002e-01	2.858011e-02	1.916300e-02	9.417113e-03	4.872942e-03	1.623198e-01	1.689628e-02	-4.954181e-06	1.689380e-02	-1.689876e-02
179           	8.082394e-01	5.110421e-01	2.971973e-01	3.384103e-02	2.200763e-02	1.183339e-02	5.087122e-03	1.069224e-01	1.123007e-02	1.985721e-05	1.124000e-02	-1.122014e-02
180           	8.071745e-01	4.401947e-01	3.669798e-01	3.421358e-02	2.177204e-02	1.244153e-02	4.665254e-03	3.660744e-02	4.778216e-03	6.456309e-08	4.778248e-03	-4.778184e-03
181           	8.060193e-01	3.648566e-01	4.411626e-01	2.967472e-02	1.846184e-02	1.121288e-02	3.624481e-03	-3.815300e-02	1.337573e-03	-5.236679e-05	1.311389e-03	-1.363756e-03
182           	8.050736e-01	2.959311e-01	5.091425e-01	2.056200e-02	1.232624e-02	8.235760e-03	2.045238e-03	-1.066057e-01	3.138474e-03	-1.046819e-04	3.086133e-03	-3.190815e-03
183           	8.044478e-01	2.429691e-01	5.614787e-01	7.810819e-03	4.021341e-03	3.789479e-03	1.159311e-04	-1.592548e-01	9.142962e-03	-1.197531e-04	9.083086e-03	-9.202839e-03
184           	8.043078e-01	2.131187e-01	5.911891e-01	-6.800049e-03	-5.269477e-03	-1.530572e-03	-1.869453e-03	-1.890352e-01	1.565520e-02	-9.297789e-05	1.560871e-02	-1.570169e-02
185           	8.046181e-01	2.102828e-01	5.943353e-01	-2.084889e-02	-1.399351e-02	-6.855375e-03	-3.569070e-03	-1.920263e-01	1.917873e-02	-3.918684e-05	1.915914e-02	-1.919833e-02
186           	8.050555e-01	2.344971e-01	5.705584e-01	-3.202823e-02	-2.073760e-02	-1.129063e-02	-4.723482e-03	-1.680306e-01	1.824250e-02	2.815637e-05	1.825658e-02	-1.822842e-02
187           	8.050390e-01	2.820367e-01	5.230023e-01	-3.881622e-02	-2.461918e-02	-1.419704e-02	-5.211067e-03	-1.204828e-01	1.341401e-02	6.628803e-05	1.344715e-02	-1.338086e-02
188           	8.041972e-01	3.459952e-01	4.582021e-01	-4.059120e-02	-2.530452e-02	-1.528668e-02	-5.008916e-03	-5.610343e-02	6.959618e-03	7.814198e-05	6.998689e-03	-6.920547e-03
189           	8.029325e-01	4.172825e-01	3.856500e-01	-3.731875e-02	-2.279519e-02	-1.452356e-02	-4.135812e-03	1.581626e-02	2.489012e-03	3.411818e-05	2.506071e-03	-2.471953e-03
190           	8.017176e-01	4.858198e-01	3.158978e-01	-2.934289e-02	-1.733850e-02	-1.200439e-02	-2.667052e-03	8.496096e-02	2.892146e-03	-2.173458e-05	2.881279e-03	-2.903014e-03
191           	8.007369e-01	5.420446e-01	2.586922e-01	-1.749297e-02	-9.521825e-03	-7.971145e-03	-7.753403e-04	1.416762e-01	8.536697e-03	-6.263948e-05	8.505377e-03	-8.568017e-03
192           	8.002413e-01	5.783940e-01	2.218472e-01	-3.346852e-03	-4.218917e-04	-2.924960e-03	1.251534e-03	1.782734e-01	1.657413e-02	-6.960931e-05	1.653932e-02	-1.660893e-02
193           	8.002535e-01	5.898918e-01	2.103617e-01	1.083988e-02	8.486808e-03	2.353072e-03	3.066868e-03	1.897650e-01	2.293649e-02	-4.436476e-05	2.291431e-02	-2.295867e-02
194           	8.005387e-01	5.748894e-01	2.256492e-01	2.272076e-02	1.573977e-02	6.980990e-03	4.379389e-03	1.746201e-01	2.505122e-02	3.968775e-06	2.505320e-02	-2.504923e-02
195           	8.006737e-01	5.352397e-01	2.654340e-01	3.057408e-02	2.031911e-02	1.025497e-02	5.032068e-03	1.349029e-01	2.267309e-02	5.344112e-05	2.269981e-02	-2.264637e-02
196           	8.001597e-01	4.763694e-01	3.237903e-01	3.358610e-02	2.178057e-02	1.180554e-02	4.987516e-03	7.628956e-02	1.728343e-02	6.787613e-05	1.731737e-02	-1.724949e-02
197           	7.990811e-01	4.069650e-01	3.921161e-01	3.172245e-02	2.014785e-02	1.157461e-02	4.286619e-03	7.424491e-03	1.215434e-02	3.569735e-05	1.217218e-02	-1.213649e-02
198           	7.979754e-01	3.375011e-01	4.604743e-01	2.529816e-02	1.564750e-02	9.650664e-03	2.998416e-03	-6.148663e-02	1.042689e-02	-7.663532e-06	1.042306e-02	-1.043072e-02
199           	7.971193e-01	2.778189e-01	5.193004e-01	1.501825e-02	8.782267e-03	6.235985e-03	1.273141e-03	-1.207408e-01	1.342992e-02	-4.431237e-05	1.340777e-02	-1.345208e-02
200           	7.967543e-01	2.362058e-01	5.605486e-01	2.161147e-03	4.357166e-04	1.725431e-03	-6.448571e-04	-1.621714e-01	1.937142e-02	-4.773522e-05	1.934755e-02	-1.939529e-02
201           	7.969511e-01	2.182718e-01	5.786793e-01	-1.134393e-02	-8.113511e-03	-3.230418e-03	-2.441547e-03	-1.802037e-01	2.472582e-02	-2.346995e-05	2.471408e-02	-2.473755e-02
202           	7.975000e-01	2.260645e-01	5.714355e-01	-2.330367e-02	-1.547654e-02	-7.827129e-03	-3.824706e-03	-1.726855e-01	2.671946e-02	2.617581e-05	2.673255e-02	-2.670638e-02
203           	7.980271e-01	2.580945e-01	5.399325e-01	-3.193100e-02	-2.058051e-02	-1.135049e-02	-4.615006e-03	-1.409190e-01	2.456470e-02	8.992704e-05	2.460967e-02	-2.451974e-02
204           	7.979515e-01	3.095555e-01	4.883960e-01	-3.631206e-02	-2.292523e-02	-1.338683e-02	-4.769201e-03	-8.942027e-02	1.932743e-02	1.041155e-04	1.937948e-02	-1.927537e-02
205           	7.970667e-01	3.729988e-01	4.240679e-01	-3.630939e-02	-2.247942e-02	-1.382997e-02	-4.324721e-03	-2.553456e-02	1.363827e-02	9.127782e-05	1.368391e-02	-1.359263e-02
206           	7.957940e-01	4.393989e-01	3.563950e-01	-3.206330e-02	-1.935853e-02	-1.270477e-02	-3.326880e-03	4.150194e-02	1.074182e-02	5.638417e-05	1.077001e-02	-1.071363e-02
207           	7.945508e-01	4.994697e-01	2.950811e-01	-2.399603e-02	-1.387946e-02	-1.011657e-02	-1.881445e-03	1.021943e-01	1.270273e-02	8.362628e-06	1.270692e-02	-1.269855e-02
208           	7.937200e-01	5.449848e-01	2.487352e-01	-1.298051e-02	-6.661826e-03	-6.318680e-03	-1.715733e-04	1.481248e-01	1.870171e-02	-1.930696e-05	1.869206e-02	-1.871136e-02
209           	7.935319e-01	5.697707e-01	2.237611e-01	-5.100193e-04	1.288710e-03	-1.798730e-03	1.543720e-03	1.730048e-01	2.548863e-02	-1.349318e-05	2.548189e-02	-2.549538e-02
210           	7.938620e-01	5.704357e-01	2.234263e-01	1.148476e-02	8.737639e-03	2.747117e-03	2.995261e-03	1.735047e-01	2.974568e-02	2.134855e-05	2.975635e-02	-2.973500e-02
211           	7.943149e-01	5.467651e-01	2.475498e-01	2.114231e-02	1.455099e-02	6.591317e-03	3.979838e-03	1.496076e-01	2.990994e-02	6.441085e-05	2.994215e-02	-2.987774e-02
212           	7.943445e-01	5.018293e-01	2.925152e-01	2.725107e-02	1.803940e-02	9.211676e-03	4.413861e-03	1.046571e-01	2.650571e-02	9.063755e-05	2.655103e-02	-2.646039e-02
213           	7.935352e-01	4.419340e-01	3.516011e-01	2.931874e-02	1.895003e-02	1.036871e-02	4.290659e-03	4.516644e-02	2.155524e-02	8.567427e-05	2.159808e-02	-2.151240e-02
214           	7.921795e-01	3.760000e-01	4.161794e-01	2.727657e-02	1.726690e-02	1.000967e-02	3.628618e-03	-2.008968e-02	1.807941e-02	6.274178e-05	1.811078e-02	-1.804804e-02
215           	7.908405e-01	3.137432e-01	4.770972e-01	2.128042e-02	1.311676e-02	8.163655e-03	2.476555e-03	-8.167699e-02	1.834467e-02	9.156858e-06	1.834925e-02	-1.834009e-02
216           	7.899579e-01	2.639923e-01	5.259656e-01	1.189316e-02	6.909020e-03	4.984140e-03	9.624402e-04	-1.309866e-01	2.226606e-02	-1.491842e-05	2.225861e-02	-2.227352e-02
217           	7.898025e-01	2.338110e-01	5.559915e-01	3.209675e-04	-5.398499e-04	8.608173e-04	-7.003336e-04	-1.610903e-01	2.749295e-02	1.387887e-07	2.749302e-02	-2.749288e-02
218           	7.902872e-01	2.272303e-01	5.630569e-01	-1.164716e-02	-8.069127e-03	-3.578028e-03	-2.245549e-03	-1.679133e-01	3.113147e-02	3.305805e-05	3.114800e-02	-3.111494e-02
219           	7.909899e-01	2.446991e-01	5.462908e-01	-2.207377e-02	-1.446989e-02	-7.603883e-03	-3.433003e-03	-1.507958e-01	3.131101e-02	7.419608e-05	3.134811e-02	-3.127391e-02
220           	7.913703e-01	2.833473e-01	5.080230e-01	-2.947813e-02	-1.885910e-02	-1.061904e-02	-4.120031e-03	-1.123378e-01	2.817377e-02	1.202307e-04	2.823388e-02	-2.811365e-02
221           	7.908926e-01	3.373983e-01	4.534943e-01	-3.310693e-02	-2.081367e-02	-1.229326e-02	-4.260206e-03	-5.804799e-02	2.326058e-02	1.342685e-04	2.332772e-02	-2.319345e-02
222           	7.895888e-01	3.990712e-01	3.905176e-01	-3.274629e-02	-2.022523e-02	-1.252106e-02	-3.852087e-03	4.276787e-03	1.923791e-02	1.097434e-04	1.929278e-02	-1.918304e-02
223           	7.880332e-01	4.597151e-01	3.283181e-01	-2.840782e-02	-1.712131e-02	-1.128652e-02	-2.917396e-03	6.569848e-02	1.855057e-02	8.501353e-05	1.859308e-02	-1.850807e-02
224           	7.867791e-01	5.108885e-01	2.758906e-01	-2.049956e-02	-1.180848e-02	-8.691079e-03	-1.558700e-03	1.174990e-01	2.205791e-02	4.790512e-05	2.208187e-02	-2.203396e-02
225           	7.862676e-01	5.454730e-01	2.407946e-01	-1.000903e-02	-4.971626e-03	-5.037399e-03	3.288611e-05	1.523392e-01	2.796482e-02	3.680505e-05	2.798322e-02	-2.794641e-02
226           	7.864689e-01	5.585880e-01	2.278809e-01	1.483873e-03	2.342983e-03	-8.591101e-04	1.601047e-03	1.653535e-01	3.329859e-02	4.430961e-05	3.332075e-02	-3.327644e-02
227           	7.870062e-01	5.483554e-01	2.386508e-01	1.211891e-02	8.954549e-03	3.164363e-03	2.895093e-03	1.548523e-01	3.563774e-02	8.481307e-05	3.568014e-02	-3.559533e-02
228           	7.873453e-01	5.160932e-01	2.712521e-01	2.030688e-02	1.389612e-02	6.410755e-03	3.742683e-03	1.224206e-01	3.449028e-02	1.111549e-04	3.454586e-02	-3.443470e-02
229           	7.869522e-01	4.661983e-01	3.207539e-01	2.511152e-02	1.662831e-02	8.483208e-03	4.072551e-03	7.272219e-02	3.085468e-02	1.350327e-04	3.092220e-02	-3.078716e-02
230           	7.856842e-01	4.058666e-01	3.798175e-01	2.615691e-02	1.694573e-02	9.211176e-03	3.867279e-03	1.302454e-02	2.702742e-02	1.201778e-04	2.708751e-02	-2.696733e-02
231           	7.840866e-01	3.441645e-01	4.399222e-01	2.338487e-02	1.483514e-02	8.549730e-03	3.142704e-03	-4.787884e-02	2.543251e-02	9.623999e-05	2.548063e-02	-2.538439e-02
232           	7.827821e-01	2.900835e-01	4.926985e-01	1.704659e-02	1.049559e-02	6.551007e-03	1.972289e-03	-1.013075e-01	2.718516e-02	6.533113e-05	2.721782e-02	-2.715249e-02
233           	7.822613e-01	2.515192e-01	5.307421e-01	7.906321e-03	4.469569e-03	3.436752e-03	5.164087e-04	-1.396114e-01	3.127616e-02	5.961794e-05	3.130597e-02	-3.124635e-02
234           	7.825628e-01	2.339407e-01	5.486221e-01	-2.685685e-03	-2.336902e-03	-3.487824e-04	-9.940600e-04	-1.573407e-01	3.531138e-02	6.537093e-05	3.534407e-02	-3.527870e-02
235           	7.833403e-01	2.394754e-01	5.438649e-01	-1.300496e-02	-8.813280e-03	-4.191678e-03	-2.310801e-03	-1.521947e-01	3.697224e-02	1.097804e-04	3.702713e-02	-3.691735e-02
236           	7.840474e-01	2.667843e-01	5.172631e-01	-2.145435e-02	-1.397217e-02	-7.482182e-03	-3.244994e-03	-1.252394e-01	3.554633e-02	1.504289e-04	3.562155e-02	-3.547112e-02
237           	7.841014e-01	3.115580e-01	4.725434e-01	-2.700509e-02	-1.721049e-02	-9.794596e-03	-3.707947e-03	-8.049274e-02	3.175032e-02	1.735244e-04	3.183708e-02	-3.166356e-02
238           	7.831613e-01	3.672053e-01	4.159560e-01	-2.922578e-02	-1.829513e-02	-1.093065e-02	-3.682236e-03	-2.437537e-02	2.748066e-02	1.860596e-04	2.757369e-02	-2.738763e-02
239           	7.815849e-01	4.258454e-01	3.557396e-01	-2.798975e-02	-1.716919e-02	-1.082056e-02	-3.174312e-03	3.505291e-02	2.521549e-02	1.582135e-04	2.529460e-02	-2.513639e-02
240           	7.800029e-01	4.792868e-01	3.007161e-01	-2.339225e-02	-1.392842e-02	-9.463832e-03	-2.232295e-03	8.928534e-02	2.644166e-02	1.212685e-04	2.650229e-02	-2.638103e-02
241           	7.790644e-01	5.199831e-01	2.590813e-01	-1.596405e-02	-8.966087e-03	-6.997961e-03	-9.840628e-04	1.304509e-01	3.061216e-02	1.082432e-04	3.066628e-02	-3.055803e-02
242           	7.789950e-01	5.420731e-01	2.369219e-01	-6.788488e-03	-3.020393e-03	-3.768094e-03	3.738505e-04	1.525756e-01	3.552052e-02	1.062732e-04	3.557365e-02	-3.546738e-02
243           	7.795331e-01	5.423172e-01	2.372158e-01	2.692234e-03	2.971686e-03	-2.794517e-04	1.625569e-03	1.525507e-01	3.874099e-02	1.241179e-04	3.880305e-02	-3.867893e-02
244           	7.801390e-01	5.207123e-01	2.594267e-01	1.105141e-02	8.123639e-03	2.927772e-03	2.597934e-03	1.306428e-01	3.899950e-02	1.497232e-04	3.907436e-02	-3.892463e-02
245           	7.802207e-01	4.803257e-01	2.998950e-01	1.723977e-02	1.181359e-02	5.426174e-03	3.193709e-03	9.021536e-02	3.669830e-02	1.725331e-04	3.678457e-02	-3.661203e-02
246           	7.793521e-01	4.268957e-01	3.524563e-01	2.070817e-02	1.373378e-02	6.974391e-03	3.379695e-03	3.721971e-02	3.334610e-02	1.611421e-04	3.342667e-02	-3.326553e-02
247           	7.777506e-01	3.682503e-01	4.095003e-01	2.118731e-02	1.373707e-02	7.450238e-03	3.143418e-03	-2.062501e-02	3.101056e-02	1.542812e-04	3.108770e-02	-3.093342e-02
248           	7.760753e-01	3.130899e-01	4.629854e-01	1.853476e-02	1.175616e-02	6.778601e-03	2.488782e-03	-7.494776e-02	3.123095e-02	1.316699e-04	3.129678e-02	-3.116511e-02
249           	7.750178e-01	2.696504e-01	5.053674e-01	1.298872e-02	7.988021e-03	5.000703e-03	1.493659e-03	-1.178585e-01	3.383968e-02	1.111638e-04	3.389526e-02	-3.378410e-02
250           	7.749194e-01	2.444695e-01	5.304499e-01	5.297393e-03	2.952877e-03	2.344515e-03	3.041808e-04	-1.429902e-01	3.715915e-02	1.088374e-04	3.721356e-02	-3.710473e-02
251           	7.755875e-01	2.409717e-01	5.346157e-01	-3.350153e-03	-2.568586e-03	-7.815677e-04	-8.935089e-04	-1.468220e-01	3.925042e-02	1.282544e-04	3.931455e-02	-3.918629e-02
252           	7.764735e-01	2.589916e-01	5.174820e-01	-1.160857e-02	-7.728583e-03	-3.879982e-03	-1.924300e-03	-1.292452e-01	3.893098e-02	1.522948e-04	3.900713e-02	-3.885483e-02
253           	7.769304e-01	2.952693e-01	4.816611e-01	-1.833832e-02	-1.183026e-02	-6.508062e-03	-2.661100e-03	-9.319589e-02	3.641651e-02	1.949642e-04	3.651400e-02	-3.631903e-02
254           	7.764453e-01	3.442557e-01	4.321897e-01	-2.283240e-02	-1.445806e-02	-8.374342e-03	-3.041858e-03	-4.396700e-02	3.294133e-02	2.097677e-04	3.304621e-02	-3.283644e-02
255           	7.750201e-01	3.989186e-01	3.761015e-01	-2.468633e-02	-1.537656e-02	-9.309766e-03	-3.033398e-03	1.140859e-02	3.037339e-02	2.051691e-04	3.047598e-02	-3.027081e-02
256           	7.732525e-01	4.516183e-01	3.216341e-01	-2.360583e-02	-1.441474e-02	-9.191097e-03	-2.611820e-03	6.499211e-02	3.029475e-02	1.753729e-04	3.038244e-02	-3.020707e-02
257           	7.719223e-01	4.948976e-01	2.770247e-01	-1.963570e-02	-1.164054e-02	-7.995157e-03	-1.822691e-03	1.089365e-01	3.284150e-02	1.577227e-04	3.292036e-02	-3.276264e-02
258           	7.715173e-01	5.224133e-01	2.491040e-01	-1.333323e-02	-7.452127e-03	-5.881098e-03	-7.855146e-04	1.366547e-01	3.672092e-02	1.335214e-04	3.678768e-02	-3.665416e-02
259           	7.719430e-01	5.300834e-01	2.418597e-01	-5.695367e-03	-2.515940e-03	-3.179426e-03	3.317431e-04	1.441119e-01	3.998082e-02	1.524606e-04	4.005705e-02	-3.990459e-02
260           	7.726372e-01	5.168824e-01	2.557547e-01	2.084043e-03	2.403437e-03	-3.193940e-04	1.361416e-03	1.305639e-01	4.121617e-02	1.632002e-04	4.129777e-02	-4.113457e-02
261           	7.729604e-01	4.848783e-01	2.880821e-01	8.914186e-03	6.631295e-03	2.282891e-03	2.174202e-03	9.839813e-02	4.031828e-02	1.983051e-04	4.041743e-02	-4.021913e-02
262           	7.724296e-01	4.386636e-01	3.337660e-01	1.403090e-02	9.708323e-03	4.322577e-03	2.692873e-03	5.244878e-02	3.815117e-02	1.972821e-04	3.824981e-02	-3.805253e-02
263           	7.710013e-01	3.849112e-01	3.860901e-01	1.691996e-02	1.132439e-02	5.595565e-03	2.864413e-03	-5.894551e-04	3.604329e-02	1.955814e-04	3.614108e-02	-3.594550e-02
264           	7.692184e-01	3.315822e-01	4.376362e-01	1.715808e-02	1.122307e-02	5.935011e-03	2.644028e-03	-5.302697e-02	3.542159e-02	1.778647e-04	3.551052e-02	-3.533266e-02
265           	7.678604e-01	2.867927e-01	4.810676e-01	1.463526e-02	9.369963e-03	5.265298e-03	2.052333e-03	-9.713746e-02	3.661151e-02	1.707025e-04	3.669686e-02	-3.652616e-02
266           	7.674277e-01	2.574629e-01	5.099648e-01	9.688871e-03	6.020968e-03	3.667903e-03	1.176533e-03	-1.262510e-01	3.883475e-02	1.648626e-04	3.891718e-02	-3.875232e-02
267           	7.678739e-01	2.478324e-01	5.200415e-01	3.110323e-03	1.714029e-03	1.396294e-03	1.588672e-04	-1.361046e-01	4.066610e-02	1.729247e-04	4.075256e-02	-4.057964e-02
268           	7.686963e-01	2.586862e-01	5.100101e-01	-4.022088e-03	-2.846915e-03	-1.175173e-03	-8.358708e-04	-1.256619e-01	4.096791e-02	1.869094e-04	4.106136e-02	-4.087445e-02
269           	7.692364e-01	2.876435e-01	4.815928e-01	-1.062424e-02	-6.977899e-03	-3.646339e-03	-1.665780e-03	-9.697464e-02	3.958410e-02	2.134644e-04	3.969084e-02	-3.947737e-02
270           	7.689785e-01	3.300505e-01	4.389281e-01	-1.588378e-02	-1.018123e-02	-5.702551e-03	-2.239338e-03	-5.443881e-02	3.721879e-02	2.304540e-04	3.733402e-02	-3.710357e-02
271           	7.678058e-01	3.797239e-01	3.880819e-01	-1.925770e-02	-1.213080e-02	-7.126898e-03	-2.501951e-03	-4.179011e-03	3.499258e-02	2.366918e-04	3.511093e-02	-3.487424e-02
272           	7.661563e-01	4.296647e-01	3.364916e-01	-2.034645e-02	-1.258823e-02	-7.758214e-03	-2.415010e-03	4.658653e-02	3.420733e-02	2.245494e-04	3.431961e-02	-3.409506e-02
273           	7.647803e-01	4.726310e-01	2.921494e-01	-1.900628e-02	-1.149286e-02	-7.513420e-03	-1.989719e-03	9.024081e-02	3.527702e-02	2.045100e-04	3.537928e-02	-3.517476e-02
274           	7.642081e-01	5.021594e-01	2.620488e-01	-1.546454e-02	-9.029801e-03	-6.434740e-03	-1.297530e-03	1.200553e-01	3.763356e-02	1.846679e-04	3.772589e-02	-3.754123e-02
275           	7.644614e-01	5.138354e-01	2.506260e-01	-1.034028e-02	-5.629161e-03	-4.711121e-03	-4.590196e-04	1.316047e-01	4.012775e-02	1.832656e-04	4.021938e-02	-4.003612e-02
276           	7.650811e-01	5.060499e-01	2.590313e-01	-4.493255e-03	-1.858076e-03	-2.635179e-03	3.885513e-04	1.235093e-01	4.161961e-02	1.895245e-04	4.171438e-02	-4.152485e-02
277           	7.654389e-01	4.801964e-01	2.852425e-01	1.224211e-03	1.744786e-03	-5.205746e-04	1.132680e-03	9.747691e-02	4.164299e-02	2.134451e-04	4.174971e-02	-4.153627e-02
278           	7.650801e-01	4.402105e-01	3.248696e-01	6.140265e-03	4.769904e-03	1.370360e-03	1.699772e-03	5.767045e-02	4.053847e-02	2.246216e-04	4.065078e-02	-4.042616e-02
279           	7.638904e-01	3.918652e-01	3.720252e-01	9.759007e-03	6.917238e-03	2.841769e-03	2.037734e-03	9.920006e-03	3.902586e-02	2.111978e-04	3.913146e-02	-3.892026e-02
280           	7.622875e-01	3.424375e-01	4.198500e-01	1.168517e-02	7.951011e-03	3.734156e-03	2.108428e-03	-3.870621e-02	3.793999e-02	2.037112e-04	3.804185e-02	-3.783814e-02
281           	7.609649e-01	2.997290e-01	4.612359e-01	1.167029e-02	7.737662e-03	3.932627e-03	1.902518e-03	-8.075341e-02	3.785521e-02	1.934433e-04	3.795193e-02	-3.775849e-02
282           	7.604157e-01	2.704413e-01	4.899744e-01	9.747016e-03	6.330290e-03	3.416726e-03	1.456782e-03	-1.097665e-01	3.861898e-02	1.858375e-04	3.871189e-02	-3.852606e-02
283           	7.606697e-01	2.589115e-01	5.017582e-01	6.261612e-03	3.976781e-03	2.284830e-03	8.459754e-04	-1.214233e-01	3.951626e-02	1.880456e-04	3.961028e-02	-3.942223e-02
284           	7.613151e-01	2.662680e-01	4.950471e-01	1.804308e-03	1.071927e-03	7.323806e-04	1.697732e-04	-1.143896e-01	3.983086e-02	2.001466e-04	3.993093e-02	-3.973078e-02
285           	7.617749e-01	2.905780e-01	4.711969e-01	-2.942402e-03	-1.946679e-03	-9.957234e-04	-4.754775e-04	-9.030941e-02	3.930705e-02	2.181223e-04	3.941611e-02	-3.919799e-02
286           	7.615832e-01	3.276012e-01	4.339820e-01	-7.386434e-03	-4.712248e-03	-2.674187e-03	-1.019030e-03	-5.319040e-02	3.809832e-02	2.284761e-04	3.821256e-02	-3.798409e-02
287           	7.606056e-01	3.717201e-01	3.888855e-01	-1.109759e-02	-6.965969e-03	-4.131619e-03	-1.417175e-03	-8.582720e-03	3.659732e-02	2.297751e-04	3.671220e-02	-3.648243e-02
288           	7.592045e-01	4.164657e-01	3.427388e-01	-1.372317e-02	-8.496390e-03	-5.226784e-03	-1.634803e-03	3.686343e-02	3.544346e-02	2.420765e-04	3.556450e-02	-3.532243e-02
289           	7.580178e-01	4.551243e-01	3.028935e-01	-1.497816e-02	-9.136257e-03	-5.841901e-03	-1.647178e-03	7.611539e-02	3.521625e-02	2.285024e-04	3.533050e-02	-3.510200e-02
290           	7.575064e-01	4.817989e-01	2.757075e-01	-1.472440e-02	-8.818865e-03	-5.905532e-03	-1.456667e-03	1.030457e-01	3.599043e-02	2.141325e-04	3.609749e-02	-3.588336e-02
291           	7.577212e-01	4.925192e-01	2.652020e-01	-1.305834e-02	-7.627424e-03	-5.430915e-03	-1.098254e-03	1.136586e-01	3.739060e-02	1.996681e-04	3.749044e-02	-3.729077e-02
292           	7.582589e-01	4.859410e-01	2.723179e-01	-1.026404e-02	-5.758455e-03	-4.505583e-03	-6.264358e-04	1.068116e-01	3.877139e-02	1.954259e-04	3.886910e-02	-3.867367e-02
293           	7.585880e-01	4.634985e-01	2.950896e-01	-6.720082e-03	-3.458538e-03	-3.261544e-03	-9.849721e-05	8.420446e-02	3.964402e-02	1.915604e-04	3.973980e-02	-3.954824e-02
294           	7.583171e-01	4.288750e-01	3.294421e-01	-2.827382e-03	-9.788520e-04	-1.848530e-03	4.348390e-04	4.971648e-02	3.970630e-02	2.072210e-04	3.980991e-02	-3.960269e-02
295           	7.573484e-01	3.873294e-01	3.700190e-01	1.042589e-03	1.449706e-03	-4.071174e-04	9.284120e-04	8.655209e-03	3.884225e-02	2.114454e-04	3.894797e-02	-3.873652e-02
296           	7.560414e-01	3.453426e-01	4.106988e-01	4.472929e-03	3.563980e-03	9.089495e-04	1.327515e-03	-3.267814e-02	3.745992e-02	2.001391e-04	3.755999e-02	-3.735985e-02
297           	7.549816e-01	3.096674e-01	4.453142e-01	7.000092e-03	5.072132e-03	1.927959e-03	1.572086e-03	-6.782341e-02	3.619549e-02	2.021148e-04	3.629655e-02	-3.609444e-02
298           	7.545680e-01	2.859449e-01	4.686231e-01	8.245030e-03	5.743999e-03	2.501031e-03	1.621484e-03	-9.133910e-02	3.551108e-02	1.886820e-04	3.560542e-02	-3.541674e-02
299           	7.547915e-01	2.775909e-01	4.772006e-01	8.040918e-03	5.489622e-03	2.551295e-03	1.469164e-03	-9.980486e-02	3.554369e-02	1.918139e-04	3.563959e-02	-3.544778e-02
300           	7.552860e-01	2.851755e-01	4.701105e-01	6.429492e-03	4.351644e-03	2.077847e-03	1.136898e-03	-9.246748e-02	3.601553e-02	1.943437e-04	3.611270e-02	-3.591836e-02
301           	7.555742e-01	3.066397e-01	4.489345e-01	3.643832e-03	2.492008e-03	1.151824e-03	6.700920e-04	-7.114737e-02	3.643016e-02	2.055215e-04	3.653292e-02	-3.632740e-02
302           	7.553285e-01	3.379782e-01	4.173503e-01	3.337707e-05	1.396322e-04	-1.062551e-04	1.229437e-04	-3.968608e-02	3.627803e-02	2.190897e-04	3.638758e-02	-3.616849e-02
303           	7.545162e-01	3.741525e-01	3.803637e-01	-4.017952e-03	-2.457622e-03	-1.560330e-03	-4.486463e-04	-3.105617e-03	3.526423e-02	2.267677e-04	3.537761e-02	-3.515084e-02
304           	7.534532e-01	4.096689e-01	3.437844e-01	-8.047831e-03	-5.000138e-03	-3.047693e-03	-9.762227e-04	3.294226e-02	3.369416e-02	2.174962e-04	3.380291e-02	-3.358542e-02
305           	7.526346e-01	4.391683e-01	3.134663e-01	-1.151513e-02	-7.138784e-03	-4.376349e-03	-1.381217e-03	6.285105e-02	3.232202e-02	2.159192e-04	3.242998e-02	-3.221406e-02
306           	7.523760e-01	4.582005e-01	2.941755e-01	-1.390165e-02	-8.548502e-03	-5.353149e-03	-1.597677e-03	8.201247e-02	3.184909e-02	2.065518e-04	3.195236e-02	-3.174581e-02
307           	7.526395e-01	4.640796e-01	2.885599e-01	-1.484210e-02	-9.010487e-03	-5.831609e-03	-1.589439e-03	8.775989e-02	3.258162e-02	1.940797e-04	3.267866e-02	-3.248458e-02
308           	7.530705e-01	4.563815e-01	2.966890e-01	-1.419970e-02	-8.456600e-03	-5.743097e-03	-1.356751e-03	7.984628e-02	3.410133e-02	1.801707e-04	3.419141e-02	-3.401124e-02
309           	7.532561e-01	4.368311e-01	3.164250e-01	-1.205293e-02	-6.954129e-03	-5.098806e-03	-9.276613e-04	6.020302e-02	3.553067e-02	1.770354e-04	3.561919e-02	-3.544215e-02
310           	7.529742e-01	4.088482e-01	3.441259e-01	-8.675211e-03	-4.691806e-03	-3.983405e-03	-3.542008e-04	3.236114e-02	3.602000e-02	1.707189e-04	3.610536e-02	-3.593464e-02
311           	7.522491e-01	3.769176e-01	3.753315e-01	-4.488375e-03	-1.951225e-03	-2.537151e-03	2.929630e-04	7.930475e-04	3.505054e-02	1.700982e-04	3.513559e-02	-3.496549e-02
312           	7.513743e-01	3.461712e-01	4.052032e-01	-7.345105e-05	8.837988e-04	-9.572498e-04	9.205243e-04	-2.951601e-02	3.298737e-02	1.697711e-04	3.307226e-02	-3.290249e-02
313           	7.507255e-01	3.215854e-01	4.291401e-01	3.897577e-03	3.375810e-03	5.217672e-04	1.427021e-03	-5.377733e-02	3.081662e-02	1.748049e-04	3.090402e-02	-3.072921e-02
314           	7.505194e-01	3.068923e-01	4.436271e-01	6.791975e-03	5.125567e-03	1.666408e-03	1.729580e-03	-6.836741e-02	2.953734e-02	1.673401e-04	2.962101e-02	-2.945367e-02
315           	7.506952e-01	3.039337e-01	4.467615e-01	8.161576e-03	5.862912e-03	2.298663e-03	1.782125e-03	-7.141388e-02	2.949858e-02	1.649941e-04	2.958108e-02	-2.941608e-02
316           	7.509665e-01	3.124536e-01	4.385129e-01	7.812552e-03	5.485772e-03	2.326780e-03	1.579496e-03	-6.302963e-02	3.031819e-02	1.535882e-04	3.039499e-02	-3.024140e-02
317           	7.510389e-01	3.302905e-01	4.207485e-01	5.821619e-03	4.066466e-03	1.755153e-03	1.155656e-03	-4.522902e-02	3.103847e-02	1.558814e-04	3.111641e-02	-3.096053e-02
318           	7.507773e-01	3.540172e-01	3.967600e-01	2.492834e-03	1.820058e-03	6.727753e-04	5.736415e-04	-2.137140e-02	3.081665e-02	1.592560e-04	3.089628e-02	-3.073702e-02
319           	7.502313e-01	3.797077e-01	3.705236e-01	-1.718753e-03	-9.468473e-04	-7.719060e-04	-8.747063e-05	4.592021e-03	2.935691e-02	1.792449e-04	2.944653e-02	-2.926728e-02
320           	7.496178e-01	4.033607e-01	3.462572e-01	-6.205889e-03	-3.830289e-03	-2.375600e-03	-7.273448e-04	2.855174e-02	2.725972e-02	1.787067e-04	2.734908e-02	-2.717037e-02
321           	7.491836e-01	4.214560e-01	3.277276e-01	-1.028534e-02	-6.386395e-03	-3.898947e-03	-1.243724e-03	4.686421e-02	2.554404e-02	1.740285e-04	2.563106e-02	-2.545703e-02
322           	7.490788e-01	4.314738e-01	3.176050e-01	-1.333569e-02	-8.223676e-03	-5.112014e-03	-1.555831e-03	5.693444e-02	2.506814e-02	1.545892e-04	2.514543e-02	-2.499084e-02
323           	7.492418e-01	4.322432e-01	3.169987e-01	-1.489604e-02	-9.062657e-03	-5.833384e-03	-1.614637e-03	5.762223e-02	2.588386e-02	1.317429e-04	2.594973e-02	-2.581799e-02
324           	7.494735e-01	4.241450e-01	3.253285e-01	-1.475818e-02	-8.794998e-03	-5.963184e-03	-1.415907e-03	4.940827e-02	2.727376e-02	1.036169e-04	2.732557e-02	-2.722195e-02
325           	7.495546e-01	4.089210e-01	3.406335e-01	-1.297999e-02	-7.482424e-03	-5.497568e-03	-9.924281e-04	3.414374e-02	2.815362e-02	1.210740e-04	2.821416e-02	-2.809308e-02
326           	7.493868e-01	3.893131e-01	3.600737e-01	-9.856388e-03	-5.335826e-03	-4.520563e-03	-4.076315e-04	1.461971e-02	2.779257e-02	1.178166e-04	2.785148e-02	-2.773366e-02
327           	7.489986e-01	3.685889e-01	3.804096e-01	-5.878385e-03	-2.689790e-03	-3.188595e-03	2.494026e-04	-5.910332e-03	2.611656e-02	1.237130e-04	2.617842e-02	-2.605471e-02
328           	7.485410e-01	3.501136e-01	3.984274e-01	-1.687711e-03	2.707019e-05	-1.714782e-03	8.709259e-04	-2.415693e-02	2.393202e-02	1.171353e-04	2.399059e-02	-2.387345e-02
329           	7.481878e-01	3.367549e-01	4.114329e-01	2.038521e-03	2.376356e-03	-3.378343e-04	1.357095e-03	-3.733904e-02	2.218773e-02	1.178824e-04	2.224667e-02	-2.212879e-02
330           	7.480472e-01	3.303534e-01	4.176938e-01	4.702878e-03	3.983747e-03	7.191315e-04	1.632308e-03	-4.367021e-02	2.148669e-02	1.023276e-04	2.153785e-02	-2.143553e-02
331           	7.480978e-01	3.314300e-01	4.166678e-01	5.902304e-03	4.610501e-03	1.291803e-03	1.659349e-03	-4.261886e-02	2.173937e-02	1.080674e-04	2.179340e-02	-2.168533e-02
332           	7.482133e-01	3.392172e-01	4.089961e-01	5.474229e-03	4.174825e-03	1.299404e-03	1.437711e-03	-3.488943e-02	2.226415e-02	9.836046e-05	2.231333e-02	-2.221497e-02
333           	7.482378e-01	3.518914e-01	3.963464e-01	3.521388e-03	2.768253e-03	7.531349e-04	1.007559e-03	-2.222746e-02	2.223457e-02	1.044162e-04	2.228678e-02	-2.218236e-02
334           	7.480982e-01	3.670478e-01	3.810504e-01	3.811069e-04	6.317398e-04	-2.506329e-04	4.411863e-04	-7.001271e-03	2.129892e-02	1.010854e-04	2.134946e-02	-2.124837e-02
335           	7.478161e-01	3.821532e-01	3.656629e-01	-3.436630e-03	-1.887383e-03	-1.549247e-03	-1.690677e-04	8.245145e-03	1.971329e-02	9.696574e-05	1.976177e-02	-1.966480e-02
336           	7.474997e-01	3.948867e-01	3.526131e-01	-7.311128e-03	-4.378164e-03	-2.932964e-03	-7.225997e-04	2.113682e-02	1.815164e-02	8.862723e-05	1.819596e-02	-1.810733e-02
337           	7.472766e-01	4.034417e-01	3.438349e-01	-1.062209e-02	-6.440240e-03	-4.181848e-03	-1.129196e-03	2.980340e-02	1.732645e-02	9.541111e-05	1.737416e-02	-1.727874e-02
338           	7.472351e-01	4.067822e-01	3.404529e-01	-1.285116e-02	-7.750856e-03	-5.100306e-03	-1.325275e-03	3.316462e-02	1.748042e-02	7.214316e-05	1.751650e-02	-1.744435e-02
339           	7.473367e-01	4.047141e-01	3.426226e-01	-1.364930e-02	-8.103008e-03	-5.546293e-03	-1.278357e-03	3.104572e-02	1.813829e-02	6.353364e-05	1.817006e-02	-1.810652e-02
340           	7.474806e-01	3.979243e-01	3.495562e-01	-1.291966e-02	-7.459722e-03	-5.459938e-03	-9.998921e-04	2.418406e-02	1.864487e-02	4.828421e-05	1.866901e-02	-1.862073e-02
341           	7.475427e-01	3.877722e-01	3.597705e-01	-1.083297e-02	-5.956454e-03	-4.876520e-03	-5.399669e-04	1.400089e-02	1.847684e-02	4.399511e-05	1.849884e-02	-1.845485e-02
342           	7.474607e-01	3.760514e-01	3.714093e-01	-7.774241e-03	-3.865274e-03	-3.908967e-03	2.184628e-05	2.321013e-03	1.750399e-02	4.078742e-05	1.752439e-02	-1.748360e-02
343           	7.472553e-01	3.647507e-01	3.825046e-01	-4.295078e-03	-1.560140e-03	-2.734937e-03	5.873987e-04	-8.876956e-03	1.605200e-02	5.160722e-05	1.607780e-02	-1.602619e-02
344           	7.470118e-01	3.556747e-01	3.913371e-01	-1.016050e-03	5.491913e-04	-1.565241e-03	1.057216e-03	-1.783122e-02	1.474057e-02	4.583359e-05	1.476349e-02	-1.471765e-02
345           	7.468503e-01	3.501466e-01	3.967038e-01	1.484487e-03	2.093085e-03	-6.085986e-04	1.350842e-03	-2.327859e-02	1.401014e-02	5.573579e-05	1.403801e-02	-1.398228e-02
346           	7.468252e-01	3.487829e-01	3.980423e-01	2.776614e-03	2.809674e-03	-3.305980e-05	1.421367e-03	-2.462971e-02	1.390718e-02	4.654602e-05	1.393045e-02	-1.388390e-02
347           	7.469089e-01	3.514763e-01	3.954326e-01	2.659764e-03	2.591232e-03	6.853233e-05	1.261350e-03	-2.197814e-02	1.406216e-02	4.085071e-05	1.408259e-02	-1.404174e-02
348           	7.470055e-01	3.574514e-01	3.895541e-01	1.196987e-03	1.502797e-03	-3.058108e-04	9.043041e-04	-1.605134e-02	1.400077e-02	3.859517e-05	1.402007e-02	-1.398148e-02
349           	7.470235e-01	3.654611e-01	3.815625e-01	-1.317163e-03	-2.401994e-04	-1.076964e-03	4.183823e-04	-8.050693e-03	1.345947e-02	4.274612e-05	1.348084e-02	-1.343809e-02
350           	7.469419e-01	3.740270e-01	3.729149e-01	-4.398275e-03	-2.302469e-03	-2.095806e-03	-1.033315e-04	5.560220e-04	1.256845e-02	4.244710e-05	1.258967e-02	-1.254723e-02
351           	7.468070e-01	3.817296e-01	3.650773e-01	-7.469155e-03	-4.298302e-03	-3.170853e-03	-5.637247e-04	8.326148e-03	1.165565e-02	5.440374e-05	1.168285e-02	-1.162845e-02
352           	7.466976e-01	3.874180e-01	3.592796e-01	-9.975141e-03	-5.866753e-03	-4.108388e-03	-8.791821e-04	1.406921e-02	1.110191e-02	4.010179e-05	1.112197e-02	-1.108186e-02
353           	7.466891e-01	3.903480e-01	3.563412e-01	-1.147561e-02	-6.731888e-03	-4.743717e-03	-9.940856e-04	1.700341e-02	1.103743e-02	3.096243e-05	1.105291e-02	-1.102195e-02
354           	7.467921e-01	3.901774e-01	3.566146e-01	-1.172673e-02	-6.754171e-03	-4.972560e-03	-8.908055e-04	1.678140e-02	1.129689e-02	2.103043e-05	1.130741e-02	-1.128638e-02
355           	7.469379e-01	3.870905e-01	3.598475e-01	-1.073380e-02	-5.961287e-03	-4.772509e-03	-5.943889e-04	1.362150e-02	1.148987e-02	1.407228e-05	1.149691e-02	-1.148284e-02
356           	7.470337e-01	3.817454e-01	3.652882e-01	-8.736759e-03	-4.533696e-03	-4.203062e-03	-1.653171e-04	8.228602e-03	1.130257e-02	1.589630e-05	1.131052e-02	-1.129463e-02
357           	7.470309e-01	3.751767e-01	3.718542e-01	-6.178450e-03	-2.782647e-03	-3.395803e-03	3.065778e-04	1.661248e-03	1.070406e-02	2.795739e-05	1.071804e-02	-1.069008e-02
358           	7.469453e-01	3.685547e-01	3.783905e-01	-3.598751e-03	-1.071961e-03	-2.526790e-03	7.274143e-04	-4.917918e-03	9.912886e-03	1.696338e-05	9.921367e-03	-9.904404e-03
359           	7.468324e-01	3.631040e-01	3.837285e-01	-1.542515e-03	2.385626e-04	-1.781077e-03	1.009820e-03	-1.031225e-02	9.190500e-03	1.817566e-05	9.199588e-03	-9.181412e-03
360           	7.467788e-01	3.596055e-01	3.871733e-01	-3.513446e-04	9.375135e-04	-1.288858e-03	1.113186e-03	-1.378389e-02	8.787894e-03	1.390520e-05	8.794846e-03	-8.780941e-03
361           	7.468181e-01	3.584462e-01	3.883719e-01	-1.782324e-04	9.390442e-04	-1.117277e-03	1.028160e-03	-1.496286e-02	8.736746e-03	1.740547e-05	8.745449e-03	-8.728044e-03
362           	7.469082e-01	3.597805e-01	3.871277e-01	-1.049639e-03	2.478848e-04	-1.297524e-03	7.727042e-04	-1.367362e-02	8.791292e-03	1.052156e-05	8.796553e-03	-8.786031e-03
363           	7.469872e-01	3.632332e-01	3.837540e-01	-2.748954e-03	-9.704621e-04	-1.778492e-03	4.040149e-04	-1.026037e-02	8.688186e-03	2.019627e-05	8.698285e-03	-8.678088e-03
364           	7.470133e-01	3.680823e-01	3.789309e-01	-4.879834e-03	-2.436456e-03	-2.443378e-03	3.460778e-06	-5.424313e-03	8.334437e-03	1.055287e-05	8.339714e-03	-8.329161e-03
365           	7.469868e-01	3.733852e-01	3.736016e-01	-6.966702e-03	-3.825958e-03	-3.140744e-03	-3.426069e-04	-1.082255e-04	7.825794e-03	1.386708e-05	7.832728e-03	-7.818861e-03
366           	7.469505e-01	3.781057e-01	3.688448e-01	-8.553167e-03	-4.836224e-03	-3.716943e-03	-5.596406e-04	4.630439e-03	7.362840e-03	1.131791e-05	7.368499e-03	-7.357181e-03
367           	7.469642e-01	3.815277e-01	3.654365e-01	-9.378006e-03	-5.306589e-03	-4.071418e-03	-6.175855e-04	8.045625e-03	7.119135e-03	2.074488e-05	7.129507e-03	-7.108762e-03
368           	7.470420e-01	3.832154e-01	3.638266e-01	-9.357415e-03	-5.194805e-03	-4.162610e-03	-5.160971e-04	9.694379e-03	7.107097e-03	3.510188e-06	7.108852e-03	-7.105342e-03
369           	7.471574e-01	3.828350e-01	3.643223e-01	-8.521048e-03	-4.539315e-03	-3.981733e-03	-2.787906e-04	9.256351e-03	7.129408e-03	7.481405e-06	7.133149e-03	-7.125668e-03
370           	7.472655e-01	3.804960e-01	3.667694e-01	-7.094975e-03	-3.509179e-03	-3.585796e-03	3.830850e-05	6.863294e-03	7.055603e-03	6.159052e-06	7.058682e-03	-7.052523e-03
371           	7.473238e-01	3.767194e-01	3.706044e-01	-5.440145e-03	-2.359589e-03	-3.080556e-03	3.604835e-04	3.057512e-03	6.793153e-03	3.864891e-06	6.795086e-03	-6.791221e-03
372           	7.473224e-01	3.723384e-01	3.749841e-01	-3.966550e-03	-1.372077e-03	-2.594472e-03	6.111975e-04	-1.322870e-03	6.352788e-03	1.368863e-05	6.359632e-03	-6.345944e-03
373           	7.472986e-01	3.682261e-01	3.790725e-01	-2.971585e-03	-7.405306e-04	-2.231054e-03	7.452619e-04	-5.423225e-03	5.933875e-03	1.469377e-05	5.941222e-03	-5.926528e-03
374           	7.472936e-01	3.651307e-01	3.821629e-01	-2.617257e-03	-5.639031e-04	-2.053354e-03	7.447253e-04	-8.516132e-03	5.661260e-03	-3.910027e-07	5.661064e-03	-5.661455e-03
375           	7.473303e-01	3.635056e-01	3.838247e-01	-2.913249e-03	-8.357950e-04	-2.077454e-03	6.208297e-04	-1.015953e-02	5.529042e-03	9.382312e-07	5.529511e-03	-5.528573e-03
376           	7.473946e-01	3.636749e-01	3.837198e-01	-3.754876e-03	-1.471477e-03	-2.283398e-03	4.059604e-04	-1.002245e-02	5.470696e-03	-9.865657e-06	5.465764e-03	-5.475629e-03
377           	7.474669e-01	3.655552e-01	3.819118e-01	-4.905308e-03	-2.297226e-03	-2.608081e-03	1.554274e-04	-8.178283e-03	5.374405e-03	-1.201917e-06	5.373804e-03	-5.375006e-03
378           	7.475212e-01	3.686646e-01	3.788566e-01	-6.069098e-03	-3.104167e-03	-2.964931e-03	-6.961821e-05	-5.096029e-03	5.191331e-03	-2.748115e-06	5.189957e-03	-5.192705e-03
379           	7.475535e-01	3.723231e-01	3.752304e-01	-6.976043e-03	-3.707498e-03	-3.268545e-03	-2.194763e-04	-1.453635e-03	4.924809e-03	3.612799e-06	4.926616e-03	-4.923003e-03
380           	7.475872e-01	3.757480e-01	3.718392e-01	-7.425124e-03	-3.975299e-03	-3.449826e-03	-2.627365e-04	1.954406e-03	4.656320e-03	1.391933e-06	4.657016e-03	-4.655624e-03
381           	7.476452e-01	3.783352e-01	3.693100e-01	-7.386691e-03	-3.898696e-03	-3.487995e-03	-2.053506e-04	4.512598e-03	4.447558e-03	7.638271e-06	4.451377e-03	-4.443739e-03
382           	7.477250e-01	3.796864e-01	3.680387e-01	-6.949413e-03	-3.546306e-03	-3.403107e-03	-7.159910e-05	5.823865e-03	4.309128e-03	1.000013e-06	4.309628e-03	-4.308628e-03
383           	7.478225e-01	3.795156e-01	3.683069e-01	-6.264563e-03	-3.031355e-03	-3.233208e-03	1.009265e-04	5.604328e-03	4.180508e-03	6.012915e-06	4.183514e-03	-4.177501e-03
384           	7.479112e-01	3.778899e-01	3.700213e-01	-5.525709e-03	-2.494484e-03	-3.031225e-03	2.683702e-04	3.934292e-03	4.038707e-03	1.193631e-05	4.044675e-03	-4.032739e-03
385           	7.479622e-01	3.752373e-01	3.727250e-01	-4.925259e-03	-2.072475e-03	-2.852784e-03	3.901549e-04	1.256152e-03	3.856466e-03	1.302447e-05	3.862978e-03	-3.849953e-03
386           	7.479894e-01	3.722117e-01	3.757777e-01	-4.613430e-03	-1.868819e-03	-2.744611e-03	4.378959e-04	-1.783008e-03	3.639590e-03	1.606871e-05	3.647624e-03	-3.631556e-03
387           	7.480174e-01	3.694574e-01	3.785600e-01	-4.617160e-03	-1.895419e-03	-2.721740e-03	4.131605e-04	-4.551298e-03	3.445444e-03	5.395362e-06	3.448141e-03	-3.442746e-03
388           	7.480551e-01	3.675169e-01	3.805383e-01	-4.875293e-03	-2.105511e-03	-2.769783e-03	3.321360e-04	-6.510680e-03	3.277739e-03	8.804662e-06	3.282142e-03	-3.273337e-03
389           	7.481024e-01	3.666978e-01	3.814046e-01	-5.271899e-03	-2.412539e-03	-2.859360e-03	2.234103e-04	-7.353361e-03	3.177844e-03	1.126104e-05	3.183474e-03	-3.172213e-03
390           	7.481597e-01	3.671767e-01	3.809830e-01	-5.664223e-03	-2.712192e-03	-2.952031e-03	1.199196e-04	-6.903168e-03	3.100293e-03	1.150817e-05	3.106047e-03	-3.094539e-03
391           	7.482187e-01	3.688141e-01	3.794046e-01	-5.942344e-03	-2.923004e-03	-3.019340e-03	4.816790e-05	-5.295243e-03	2.988115e-03	3.357736e-06	2.989794e-03	-2.986437e-03
392           	7.482748e-01	3.712033e-01	3.770715e-01	-6.040333e-03	-2.995822e-03	-3.044511e-03	2.434485e-05	-2.934106e-03	2.823659e-03	5.198286e-06	2.826258e-03	-2.821060e-03
393           	7.483403e-01	3.737549e-01	3.745854e-01	-5.948009e-03	-2.923816e-03	-3.024193e-03	5.018877e-05	-4.152861e-04	2.642216e-03	2.229821e-06	2.643331e-03	-2.641101e-03
394           	7.484203e-01	3.759395e-01	3.724808e-01	-5.743508e-03	-2.765560e-03	-2.977948e-03	1.061942e-04	1.729380e-03	2.463048e-03	1.238774e-05	2.469242e-03	-2.456854e-03
395           	7.485023e-01	3.773913e-01	3.711110e-01	-5.534838e-03	-2.597257e-03	-2.937581e-03	1.701621e-04	3.140138e-03	2.293032e-03	1.392366e-05	2.299993e-03	-2.286070e-03
396           	7.485795e-01	3.777974e-01	3.707821e-01	-5.428546e-03	-2.495592e-03	-2.932953e-03	2.186803e-04	3.507646e-03	2.144664e-03	9.936107e-06	2.149632e-03	-2.139696e-03
397           	7.486447e-01	3.771203e-01	3.715243e-01	-5.476640e-03	-2.502283e-03	-2.974357e-03	2.360371e-04	2.797980e-03	2.011723e-03	1.233198e-05	2.017889e-03	-2.005557e-03
398           	7.487006e-01	3.755904e-01	3.731102e-01	-5.675387e-03	-2.619993e-03	-3.055394e-03	2.177004e-04	1.240063e-03	1.892935e-03	1.615044e-05	1.901010e-03	-1.884860e-03
399           	7.487509e-01	3.736231e-01	3.751278e-01	-5.961667e-03	-2.807941e-03	-3.153726e-03	1.728924e-04	-7.523666e-04	1.780930e-03	1.768862e-05	1.789774e-03	-1.772086e-03
400           	7.488046e-01	3.716995e-01	3.771050e-01	-6.237348e-03	-2.997304e-03	-3.240044e-03	1.213703e-04	-2.702747e-03	1.675159e-03	1.330564e-05	1.681811e-03	-1.668506e-03
401           	7.488622e-01	3.702619e-01	3.786002e-01	-6.384782e-03	-3.107269e-03	-3.277513e-03	8.512197e-05	-4.169160e-03	1.586619e-03	8.543042e-06	1.590890e-03	-1.582347e-03
402           	7.489119e-01	3.695240e-01	3.793879e-01	-6.335033e-03	-3.088414e-03	-3.246619e-03	7.910210e-05	-4.931975e-03	1.515003e-03	6.393750e-06	1.518200e-03	-1.511807e-03
403           	7.489549e-01	3.696479e-01	3.793070e-01	-6.061163e-03	-2.917930e-03	-3.143233e-03	1.126513e-04	-4.829579e-03	1.426232e-03	1.202089e-06	1.426833e-03	-1.425631e-03
404           	7.490020e-01	3.706051e-01	3.783969e-01	-5.620158e-03	-2.630834e-03	-2.989324e-03	1.792450e-04	-3.895915e-03	1.321957e-03	2.071569e-06	1.322993e-03	-1.320921e-03
405           	7.490666e-01	3.721198e-01	3.769469e-01	-5.144311e-03	-2.314902e-03	-2.829409e-03	2.572536e-04	-2.413539e-03	1.202778e-03	-2.512321e-06	1.201521e-03	-1.204034e-03
406           	7.491426e-01	3.737970e-01	3.753456e-01	-4.785311e-03	-2.072867e-03	-2.712444e-03	3.197890e-04	-7.742914e-04	1.056479e-03	1.453227e-05	1.063745e-03	-1.049213e-03
407           	7.492241e-01	3.752488e-01	3.739753e-01	-4.678215e-03	-1.995034e-03	-2.683181e-03	3.440738e-04	6.367179e-04	9.284156e-04	4.595016e-06	9.307131e-04	-9.261181e-04
408           	7.492977e-01	3.762225e-01	3.730752e-01	-4.887458e-03	-2.125963e-03	-2.761495e-03	3.177659e-04	1.573666e-03	7.881810e-04	8.922921e-06	7.926424e-04	-7.837195e-04
409           	7.493558e-01	3.765126e-01	3.728433e-01	-5.414203e-03	-2.468065e-03	-2.946139e-03	2.390370e-04	1.834650e-03	6.846204e-04	6.039326e-06	6.876401e-04	-6.816007e-04
410           	7.494084e-01	3.760900e-01	3.733183e-01	-6.142748e-03	-2.945798e-03	-3.196950e-03	1.255762e-04	1.385846e-03	6.092994e-04	2.082211e-05	6.197104e-04	-5.988883e-04
411           	7.494656e-01	3.751069e-01	3.743587e-01	-6.869191e-03	-3.423169e-03	-3.446022e-03	1.142678e-05	3.740761e-04	5.618860e-04	3.082553e-06	5.634272e-04	-5.603447e-04
412           	7.495351e-01	3.738788e-01	3.756563e-01	-7.392226e-03	-3.763906e-03	-3.628320e-03	-6.779272e-05	-8.887515e-04	5.057329e-04	1.076620e-05	5.111160e-04	-5.003498e-04
413           	7.496105e-01	3.727087e-01	3.769018e-01	-7.551104e-03	-3.861971e-03	-3.689134e-03	-8.641859e-05	-2.096566e-03	4.726366e-04	8.850101e-06	4.770617e-04	-4.682116e-04
414           	7.496780e-01	3.718364e-01	3.778416e-01	-7.286057e-03	-3.677360e-03	-3.608697e-03	-3.433119e-05	-3.002583e-03	4.195837e-04	7.674989e-06	4.234212e-04	-4.157462e-04
415           	7.497324e-01	3.714757e-01	3.782567e-01	-6.610914e-03	-3.219333e-03	-3.391581e-03	8.612430e-05	-3.390475e-03	3.624694e-04	4.713553e-06	3.648262e-04	-3.601126e-04
416           	7.497900e-01	3.716788e-01	3.781112e-01	-5.685935e-03	-2.596913e-03	-3.089022e-03	2.460542e-04	-3.216155e-03	3.011597e-04	8.853868e-06	3.055866e-04	-2.967327e-04
417           	7.498651e-01	3.724020e-01	3.774631e-01	-4.782582e-03	-1.992778e-03	-2.789804e-03	3.985132e-04	-2.530518e-03	2.214565e-04	2.570441e-06	2.227417e-04	-2.201712e-04
418           	7.499491e-01	3.734225e-01	3.765265e-01	-4.157122e-03	-1.578119e-03	-2.579003e-03	5.004416e-04	-1.551990e-03	1.212555e-04	8.776355e-06	1.256437e-04	-1.168673e-04
419           	7.500299e-01	3.744822e-01	3.755477e-01	-3.985399e-03	-1.470528e-03	-2.514871e-03	5.221718e-04	-5.327182e-04	8.204140e-07	-1.994085e-06	-1.766286e-07	-1.817457e-06
420           	7.500930e-01	3.753598e-01	3.747331e-01	-4.360776e-03	-1.732897e-03	-2.627879e-03	4.474909e-04	3.133501e-04	-1.047735e-04	7.296423e-07	-1.044087e-04	1.051383e-04
421           	7.501373e-01	3.758538e-01	3.742835e-01	-5.271873e-03	-2.351635e-03	-2.920238e-03	2.843015e-04	7.851409e-04	-1.523769e-04	8.572199e-06	-1.480908e-04	1.566630e-04
422           	7.502004e-01	3.758996e-01	3.743008e-01	-6.460350e-03	-3.149865e-03	-3.310485e-03	8.030991e-05	7.993531e-04	-1.864787e-04	5.993196e-06	-1.834821e-04	1.894753e-04
423           	7.502693e-01	3.755516e-01	3.747176e-01	-7.569388e-03	-3.891343e-03	-3.678045e-03	-1.066493e-04	4.170159e-04	-2.033376e-04	9.661216e-06	-1.985070e-04	2.081682e-04
424           	7.503523e-01	3.749378e-01	3.754145e-01	-8.310649e-03	-4.381541e-03	-3.929107e-03	-2.262171e-04	-2.383638e-04	-2.112814e-04	1.730016e-05	-2.026313e-04	2.199315e-04
425           	7.504361e-01	3.742228e-01	3.762133e-01	-8.491610e-03	-4.492088e-03	-3.999522e-03	-2.462827e-04	-9.952661e-04	-2.178814e-04	4.423379e-06	-2.156697e-04	2.200931e-04
426           	7.505221e-01	3.736324e-01	3.768897e-01	-8.017753e-03	-4.157059e-03	-3.860694e-03	-1.481822e-04	-1.628649e-03	-2.443660e-04	4.754619e-06	-2.419886e-04	2.467433e-04
427           	7.505878e-01	3.733258e-01	3.772620e-01	-6.910273e-03	-3.400414e-03	-3.509860e-03	5.472297e-05	-1.968070e-03	-2.752633e-04	3.000068e-06	-2.737632e-04	2.767633e-04
428           	7.506411e-01	3.733702e-01	3.772709e-01	-5.490729e-03	-2.443711e-03	-3.047018e-03	3.016539e-04	-1.950342e-03	-2.814833e-04	-4.270849e-06	-2.836187e-04	2.793478e-04
429           	7.507272e-01	3.737779e-01	3.769494e-01	-4.192359e-03	-1.574723e-03	-2.617636e-03	5.214568e-04	-1.585765e-03	-3.383296e-04	1.318433e-06	-3.376704e-04	3.389888e-04
430           	7.508167e-01	3.744429e-01	3.763738e-01	-3.335134e-03	-1.007638e-03	-2.327496e-03	6.599289e-04	-9.654445e-04	-4.005069e-04	1.548662e-06	-3.997325e-04	4.012812e-04
431           	7.508983e-01	3.751857e-01	3.757126e-01	-3.129490e-03	-8.881824e-04	-2.241308e-03	6.765627e-04	-2.634339e-04	-4.702550e-04	-4.269164e-06	-4.723896e-04	4.681204e-04
432           	7.509410e-01	3.758075e-01	3.751335e-01	-3.776174e-03	-1.346469e-03	-2.429706e-03	5.416185e-04	3.369572e-04	-5.105142e-04	4.687491e-06	-5.081704e-04	5.128579e-04
433           	7.509653e-01	3.762008e-01	3.747645e-01	-5.120118e-03	-2.266751e-03	-2.853367e-03	2.933078e-04	7.181663e-04	-5.003156e-04	1.119732e-06	-4.997557e-04	5.008754e-04
434           	7.510252e-01	3.763129e-01	3.747123e-01	-6.779204e-03	-3.387996e-03	-3.391208e-03	1.606253e-06	8.002821e-04	-4.965052e-04	3.113839e-06	-4.949482e-04	4.980621e-04
435           	7.510930e-01	3.761603e-01	3.749328e-01	-8.247719e-03	-4.373454e-03	-3.874265e-03	-2.495944e-04	6.137494e-04	-4.652884e-04	-3.433542e-06	-4.670052e-04	4.635716e-04
436           	7.511834e-01	3.758052e-01	3.753782e-01	-9.197191e-03	-5.002331e-03	-4.194860e-03	-4.037355e-04	2.135270e-04	-4.209738e-04	-2.391987e-06	-4.221698e-04	4.197778e-04
437           	7.512745e-01	3.753709e-01	3.759036e-01	-9.320251e-03	-5.063573e-03	-4.256679e-03	-4.034471e-04	-2.663353e-04	-3.977324e-04	-5.226028e-06	-4.003454e-04	3.951194e-04
438           	7.513428e-01	3.750261e-01	3.763167e-01	-8.452565e-03	-4.455281e-03	-3.997284e-03	-2.289986e-04	-6.453008e-04	-4.173807e-04	-9.131489e-07	-4.178373e-04	4.169241e-04
439           	7.514082e-01	3.748804e-01	3.765279e-01	-6.825098e-03	-3.345073e-03	-3.480025e-03	6.747620e-05	-8.237636e-04	-4.254553e-04	1.954710e-06	-4.244779e-04	4.264326e-04
440           	7.514728e-01	3.749654e-01	3.765075e-01	-4.918524e-03	-2.059570e-03	-2.858953e-03	3.996915e-04	-7.710533e-04	-4.066257e-04	-5.871341e-06	-4.095614e-04	4.036901e-04
441           	7.515803e-01	3.752915e-01	3.762889e-01	-3.258881e-03	-9.494107e-04	-2.309470e-03	6.800297e-04	-4.987083e-04	-4.529533e-04	-8.845833e-06	-4.573763e-04	4.485304e-04
442           	7.516886e-01	3.758044e-01	3.758842e-01	-2.251081e-03	-2.866285e-04	-1.964453e-03	8.389121e-04	-3.989143e-05	-5.332763e-04	-5.083490e-07	-5.335305e-04	5.330221e-04
443           	7.517590e-01	3.763398e-01	3.754192e-01	-2.224784e-03	-2.967640e-04	-1.928020e-03	8.156281e-04	4.603303e-04	-5.824799e-04	-5.577166e-06	-5.852685e-04	5.796913e-04
444           	7.517682e-01	3.767367e-01	3.750315e-01	-3.318841e-03	-1.063195e-03	-2.255646e-03	5.962254e-04	8.525675e-04	-5.776862e-04	2.638483e-06	-5.763670e-04	5.790055e-04
445           	7.517774e-01	3.769623e-01	3.748151e-01	-5.238701e-03	-2.374095e-03	-2.864606e-03	2.452558e-04	1.073605e-03	-5.062133e-04	-1.043157e-06	-5.067348e-04	5.056917e-04
446           	7.518396e-01	3.770063e-01	3.748333e-01	-7.405885e-03	-3.837127e-03	-3.568758e-03	-1.341844e-04	1.086540e-03	-4.323800e-04	-9.243479e-07	-4.328422e-04	4.319179e-04
447           	7.519230e-01	3.768651e-01	3.750579e-01	-9.222132e-03	-5.053941e-03	-4.168191e-03	-4.428751e-04	9.035759e-04	-3.285136e-04	-5.740875e-06	-3.313840e-04	3.256431e-04
448           	7.520226e-01	3.765670e-01	3.754556e-01	-1.026015e-02	-5.736429e-03	-4.523716e-03	-6.063567e-04	5.557145e-04	-2.511422e-04	-6.282816e-06	-2.542836e-04	2.480008e-04
449           	7.521027e-01	3.762399e-01	3.758628e-01	-1.015747e-02	-5.635474e-03	-4.521999e-03	-5.567375e-04	1.885261e-04	-2.126007e-04	-1.918153e-05	-2.221915e-04	2.030100e-04
450           	7.521473e-01	3.759979e-01	3.761494e-01	-8.784821e-03	-4.677785e-03	-4.107036e-03	-2.853742e-04	-7.576697e-05	-2.052052e-04	-1.281983e-05	-2.116151e-04	1.987952e-04
451           	7.522131e-01	3.759262e-01	3.762869e-01	-6.513853e-03	-3.129084e-03	-3.384769e-03	1.278426e-04	-1.803358e-04	-2.024968e-04	-1.854272e-05	-2.117681e-04	1.932254e-04
452           	7.522814e-01	3.760693e-01	3.762121e-01	-4.032622e-03	-1.456349e-03	-2.576273e-03	5.599619e-04	-7.139037e-05	-2.141259e-04	-1.315330e-05	-2.207026e-04	2.075493e-04
453           	7.524048e-01	3.764076e-01	3.759972e-01	-2.026231e-03	-1.155411e-04	-1.910689e-03	8.975742e-04	2.052032e-04	-2.702441e-04	-1.930910e-05	-2.798987e-04	2.605896e-04
454           	7.525194e-01	3.768439e-01	3.756755e-01	-9.818446e-04	5.659061e-04	-1.547751e-03	1.056828e-03	5.842369e-04	-3.417124e-04	-1.985386e-05	-3.516393e-04	3.317855e-04
455           	7.525479e-01	3.772349e-01	3.753129e-01	-1.268920e-03	3.336965e-04	-1.602616e-03	9.681564e-04	9.610070e-04	-3.686277e-04	-1.332193e-05	-3.752886e-04	3.619667e-04
456           	7.525105e-01	3.774712e-01	3.750393e-01	-2.981577e-03	-8.592771e-04	-2.122300e-03	6.315112e-04	1.215966e-03	-3.102354e-04	-1.363869e-05	-3.170548e-04	3.034161e-04
457           	7.525179e-01	3.775506e-01	3.749673e-01	-5.653120e-03	-2.680940e-03	-2.972181e-03	1.456206e-04	1.291620e-03	-2.070199e-04	-1.459879e-05	-2.143193e-04	1.997205e-04
458           	7.526086e-01	3.774669e-01	3.751417e-01	-8.451547e-03	-4.569286e-03	-3.882261e-03	-3.435125e-04	1.162616e-03	-9.063262e-05	-3.445432e-06	-9.235533e-05	8.890990e-05
459           	7.527273e-01	3.772212e-01	3.755061e-01	-1.061845e-02	-6.019665e-03	-4.598790e-03	-7.104377e-04	8.575164e-04	6.880934e-05	-1.357492e-05	6.202189e-05	-7.559680e-05
460           	7.528437e-01	3.768652e-01	3.759785e-01	-1.164535e-02	-6.689007e-03	-4.956338e-03	-8.663342e-04	4.433220e-04	1.787629e-04	-1.649017e-05	1.705178e-04	-1.870080e-04
461           	7.529135e-01	3.765103e-01	3.764032e-01	-1.112203e-02	-6.294011e-03	-4.828017e-03	-7.329972e-04	5.353090e-05	2.212241e-04	-2.150557e-05	2.104714e-04	-2.319769e-04
462           	7.529568e-01	3.762864e-01	3.766703e-01	-8.989951e-03	-4.817940e-03	-4.172011e-03	-3.229642e-04	-1.919446e-04	2.255732e-04	-1.435264e-05	2.183969e-04	-2.327495e-04
463           	7.530605e-01	3.762874e-01	3.767732e-01	-5.817393e-03	-2.664112e-03	-3.153281e-03	2.445841e-04	-2.428896e-04	2.030607e-04	-2.066250e-05	1.927294e-04	-2.133919e-04
464           	7.531712e-01	3.764899e-01	3.766813e-01	-2.578578e-03	-4.904687e-04	-2.088110e-03	7.988205e-04	-9.570165e-05	1.639459e-04	-2.280176e-05	1.525450e-04	-1.753468e-04
465           	7.533452e-01	3.769018e-01	3.764434e-01	-1.579363e-04	1.116020e-03	-1.273957e-03	1.194989e-03	2.291952e-04	8.431582e-05	-3.123297e-05	6.869934e-05	-9.993231e-05
466           	7.534802e-01	3.773980e-01	3.760822e-01	9.539968e-04	1.820580e-03	-8.665837e-04	1.343582e-03	6.578625e-04	-1.183069e-05	-2.067452e-05	-2.216795e-05	1.493431e-06
467           	7.534456e-01	3.777413e-01	3.757043e-01	1.603535e-04	1.222171e-03	-1.061818e-03	1.141994e-03	1.018516e-03	-1.657777e-05	-2.929006e-05	-3.122280e-05	1.932735e-06
468           	7.533813e-01	3.779209e-01	3.754605e-01	-2.402135e-03	-5.576572e-04	-1.844478e-03	6.434105e-04	1.230186e-03	6.712586e-05	-2.338727e-05	5.543222e-05	-7.881949e-05
469           	7.534290e-01	3.779572e-01	3.754718e-01	-6.060373e-03	-3.049590e-03	-3.010782e-03	-1.940419e-05	1.242677e-03	2.485037e-04	-2.913348e-05	2.339369e-04	-2.630704e-04
470           	7.535762e-01	3.778393e-01	3.757369e-01	-9.654572e-03	-5.472791e-03	-4.181781e-03	-6.455048e-04	1.051201e-03	4.088632e-04	-1.962159e-05	3.990524e-04	-4.186740e-04
471           	7.537812e-01	3.775309e-01	3.762503e-01	-1.237777e-02	-7.291474e-03	-5.086295e-03	-1.102590e-03	6.402962e-04	5.999452e-04	-2.554713e-05	5.871716e-04	-6.127188e-04
472           	7.539265e-01	3.770962e-01	3.768302e-01	-1.342455e-02	-7.947882e-03	-5.476671e-03	-1.235605e-03	1.330050e-04	7.426553e-04	-2.898286e-05	7.281638e-04	-7.571467e-04
473           	7.539432e-01	3.766636e-01	3.772797e-01	-1.219936e-02	-7.057556e-03	-5.141804e-03	-9.578756e-04	-3.080314e-04	8.091969e-04	-4.270361e-05	7.878451e-04	-8.305487e-04
474           	7.539855e-01	3.764083e-01	3.775772e-01	-8.971256e-03	-4.837680e-03	-4.133576e-03	-3.520522e-04	-5.844427e-04	8.049445e-04	-4.048794e-05	7.847005e-04	-8.251885e-04
475           	7.540677e-01	3.763794e-01	3.776883e-01	-4.629596e-03	-1.903644e-03	-2.725951e-03	4.111534e-04	-6.544796e-04	7.953978e-04	-3.913445e-05	7.758305e-04	-8.149650e-04
476           	7.543176e-01	3.766689e-01	3.776487e-01	-4.102707e-04	9.182906e-04	-1.328561e-03	1.123426e-03	-4.899110e-04	7.255620e-04	-4.242951e-05	7.043473e-04	-7.467768e-04
477           	7.545914e-01	3.771766e-01	3.774148e-01	2.673150e-03	2.947954e-03	-2.748039e-04	1.611379e-03	-1.190801e-04	6.293356e-04	-4.149667e-05	6.085873e-04	-6.500840e-04
478           	7.547079e-01	3.776881e-01	3.770197e-01	3.705710e-03	3.562089e-03	1.436207e-04	1.709234e-03	3.341910e-04	5.379707e-04	-3.912702e-05	5.184072e-04	-5.575342e-04
479           	7.545806e-01	3.780109e-01	3.765697e-01	2.118823e-03	2.400318e-03	-2.814946e-04	1.340906e-03	7.205576e-04	5.488538e-04	-4.399987e-05	5.268538e-04	-5.708537e-04
480           	7.544860e-01	3.782018e-01	3.762842e-01	-1.728339e-03	-2.543031e-04	-1.474036e-03	6.098666e-04	9.587658e-04	6.737933e-04	-4.018844e-05	6.536991e-04	-6.938875e-04
481           	7.545613e-01	3.782619e-01	3.762994e-01	-6.737439e-03	-3.645150e-03	-3.092289e-03	-2.764302e-04	9.812842e-04	8.459745e-04	-3.976073e-05	8.260942e-04	-8.658549e-04
482           	7.547708e-01	3.781216e-01	3.766492e-01	-1.148084e-02	-6.822469e-03	-4.658372e-03	-1.082049e-03	7.361714e-04	1.102347e-03	-5.080985e-05	1.076942e-03	-1.127752e-03
483           	7.550757e-01	3.778091e-01	3.772667e-01	-1.486604e-02	-9.050692e-03	-5.815348e-03	-1.617672e-03	2.711926e-04	1.341718e-03	-5.215522e-05	1.315641e-03	-1.367796e-03
484           	7.552442e-01	3.773433e-01	3.779009e-01	-1.585568e-02	-9.622601e-03	-6.233078e-03	-1.694762e-03	-2.788196e-04	1.479944e-03	-5.090899e-05	1.454489e-03	-1.505398e-03
485           	7.552457e-01	3.768590e-01	3.783866e-01	-1.381525e-02	-8.143483e-03	-5.671771e-03	-1.235856e-03	-7.638036e-04	1.534473e-03	-6.003724e-05	1.504454e-03	-1.564492e-03
486           	7.553468e-01	3.765820e-01	3.787648e-01	-9.190908e-03	-4.962771e-03	-4.228136e-03	-3.673174e-04	-1.091444e-03	1.525857e-03	-5.762854e-05	1.497043e-03	-1.554672e-03
487           	7.555061e-01	3.765758e-01	3.789303e-01	-3.253908e-03	-9.591239e-04	-2.294785e-03	6.678303e-04	-1.177230e-03	1.492991e-03	-5.426319e-05	1.465859e-03	-1.520123e-03
488           	7.558738e-01	3.769717e-01	3.789021e-01	2.312554e-03	2.745117e-03	-4.325625e-04	1.588840e-03	-9.652150e-04	1.380221e-03	-5.082729e-05	1.354807e-03	-1.405635e-03
489           	7.562481e-01	3.776177e-01	3.786303e-01	6.147763e-03	5.243405e-03	9.043581e-04	2.169524e-03	-5.062883e-04	1.238848e-03	-6.215295e-05	1.207771e-03	-1.269924e-03
490           	7.563460e-01	3.781963e-01	3.781497e-01	7.100411e-03	5.756467e-03	1.343943e-03	2.206262e-03	2.332204e-05	1.110542e-03	-4.798279e-05	1.086551e-03	-1.134534e-03
491           	7.561440e-01	3.785476e-01	3.775964e-01	4.565257e-03	3.916815e-03	6.484429e-04	1.634186e-03	4.755923e-04	1.156653e-03	-4.981968e-05	1.131743e-03	-1.181563e-03
492           	7.560698e-01	3.788148e-01	3.772550e-01	-9.119270e-04	1.472960e-04	-1.059223e-03	6.032595e-04	7.798802e-04	1.346263e-03	-4.620344e-05	1.323161e-03	-1.369364e-03
493           	7.562037e-01	3.789307e-01	3.772731e-01	-7.793300e-03	-4.493080e-03	-3.300220e-03	-5.964304e-04	8.288125e-04	1.576003e-03	-6.014909e-05	1.545928e-03	-1.606077e-03
494           	7.565224e-01	3.788042e-01	3.777182e-01	-1.416908e-02	-8.733769e-03	-5.435310e-03	-1.649229e-03	5.430176e-04	1.880521e-03	-5.674002e-05	1.852151e-03	-1.908891e-03
495           	7.569675e-01	3.784694e-01	3.784981e-01	-1.854203e-02	-1.157243e-02	-6.969598e-03	-2.301417e-03	-1.435863e-05	2.162451e-03	-6.542636e-05	2.129738e-03	-2.195164e-03
496           	7.572017e-01	3.779116e-01	3.792901e-01	-1.955610e-02	-1.209507e-02	-7.461022e-03	-2.317027e-03	-6.892195e-04	2.294156e-03	-7.546006e-05	2.256426e-03	-2.331886e-03
497           	7.572294e-01	3.773330e-01	3.798964e-01	-1.653893e-02	-9.902367e-03	-6.636562e-03	-1.632902e-03	-1.281701e-03	2.302819e-03	-7.450085e-05	2.265569e-03	-2.340070e-03
498           	7.574256e-01	3.769919e-01	3.804337e-01	-1.009224e-02	-5.464405e-03	-4.627839e-03	-4.182830e-04	-1.720875e-03	2.251320e-03	-6.823471e-05	2.217202e-03	-2.285437e-03
499           	7.576431e-01	3.769267e-01	3.807164e-01	-1.955889e-03	1.270701e-05	-1.968596e-03	9.906517e-04	-1.894825e-03	2.172792e-03	-7.861238e-05	2.133486e-03	-2.212098e-03
500           	7.581219e-01	3.773491e-01	3.807728e-01	5.577748e-03	4.999876e-03	5.778718e-04	2.211002e-03	-1.711826e-03	1.982316e-03	-7.593686e-05	1.944347e-03	-2.020284e-03
