# Force and moment coefficients
# dragDir     : (1.000000e+00 0.000000e+00 0.000000e+00)
# sideDir     : (0.000000e+00 0.000000e+00 -1.000000e+00)
# liftDir     : (0.000000e+00 1.000000e+00 0.000000e+00)
# rollAxis    : (1.000000e+00 0.000000e+00 0.000000e+00)
# pitchAxis   : (0.000000e+00 0.000000e+00 -1.000000e+00)
# yawAxis     : (0.000000e+00 1.000000e+00 0.000000e+00)
# magUInf     : 1.250000e+01
# lRef        : 2.380000e-02
# Aref        : 7.140000e-03
# CofR        : (0.000000e+00 0.000000e+00 0.000000e+00)
#
# Time        	Cd            	Cd(f)         	Cd(r)         	Cl            	Cl(f)         	Cl(r)         	CmPitch       	CmRoll        	CmYaw         	Cs            	Cs(f)         	Cs(r)         
1             	2.427594e+02	1.231151e+02	1.196442e+02	1.990060e+00	1.570528e+00	4.195316e-01	5.754984e-01	1.735469e+00	-2.279683e+00	-4.268722e-04	-2.279896e+00	2.279469e+00
2             	9.040199e+01	4.561580e+01	4.478618e+01	1.840306e-01	3.760877e-01	-1.920571e-01	2.840724e-01	4.148084e-01	-6.632346e-01	1.028439e-02	-6.580924e-01	6.683768e-01
3             	9.008455e+02	4.414983e+02	4.593472e+02	-1.014718e+01	-8.072281e+00	-2.074901e+00	-2.998690e+00	-8.924470e+00	-3.513398e+01	-8.334906e-02	-3.517566e+01	3.509231e+01
4             	1.868598e+02	8.444078e+01	1.024190e+02	-1.632703e+01	-2.593426e+01	9.607227e+00	-1.777074e+01	-8.989113e+00	-3.772064e+00	2.968224e-02	-3.757223e+00	3.786905e+00
5             	5.390622e+01	1.924964e+01	3.465658e+01	1.169492e+00	-1.038473e+01	1.155422e+01	-1.096947e+01	-7.703470e+00	-1.311657e+01	-3.989443e-02	-1.313651e+01	1.309662e+01
6             	9.601730e+00	-1.332938e+00	1.093467e+01	9.312917e+00	-1.675461e+00	1.098838e+01	-6.331920e+00	-6.133803e+00	-1.028166e+01	-3.835281e-02	-1.030084e+01	1.026249e+01
7             	1.876232e+01	2.713210e+00	1.604911e+01	6.503023e+00	-4.513972e-01	6.954420e+00	-3.702909e+00	-6.667949e+00	-6.630614e+00	-8.098423e-02	-6.671106e+00	6.590121e+00
8             	2.998416e+01	8.045423e+00	2.193873e+01	3.588749e-01	-1.801396e+00	2.160271e+00	-1.980834e+00	-6.946655e+00	-5.335853e+00	-5.562789e-02	-5.363667e+00	5.308039e+00
9             	2.776732e+01	7.725018e+00	2.004230e+01	-2.325696e+00	-2.342300e+00	1.660420e-02	-1.179452e+00	-6.158642e+00	-5.361318e+00	-4.358534e-02	-5.383110e+00	5.339525e+00
10            	2.790214e+01	9.155720e+00	1.874642e+01	-5.701488e+00	-3.824555e+00	-1.876933e+00	-9.738113e-01	-4.795352e+00	-7.980583e+00	-2.966519e-02	-7.995416e+00	7.965750e+00
11            	2.592391e+01	1.073378e+01	1.519013e+01	-6.593714e+00	-4.166628e+00	-2.427087e+00	-8.697705e-01	-2.228177e+00	-8.264380e+00	-4.320449e-02	-8.285983e+00	8.242778e+00
12            	2.115605e+01	8.400196e+00	1.275585e+01	-7.255994e+00	-4.582728e+00	-2.673265e+00	-9.547316e-01	-2.177829e+00	-7.417075e+00	-4.772967e-02	-7.440940e+00	7.393211e+00
13            	1.554129e+01	4.388218e+00	1.115307e+01	-7.162066e+00	-4.772125e+00	-2.389940e+00	-1.191092e+00	-3.382428e+00	-5.421499e+00	-4.684656e-02	-5.444922e+00	5.398076e+00
14            	1.129692e+01	1.155125e+00	1.014180e+01	-6.929204e+00	-4.903547e+00	-2.025657e+00	-1.438945e+00	-4.493336e+00	-3.557836e+00	-3.231749e-02	-3.573995e+00	3.541677e+00
15            	7.652812e+00	-8.313550e-01	8.484167e+00	-6.466967e+00	-4.831286e+00	-1.635682e+00	-1.597802e+00	-4.657761e+00	-2.346144e+00	-1.870358e-02	-2.355496e+00	2.336792e+00
16            	5.160774e+00	-1.381399e+00	6.542174e+00	-5.763646e+00	-4.360651e+00	-1.402996e+00	-1.478828e+00	-3.961786e+00	-1.981581e+00	-7.526363e-03	-1.985344e+00	1.977818e+00
17            	3.721590e+00	-1.617067e+00	5.338657e+00	-5.045989e+00	-3.840518e+00	-1.205471e+00	-1.317523e+00	-3.477862e+00	-2.917915e+00	-2.356642e-03	-2.919093e+00	2.916737e+00
18            	3.041663e+00	-1.088987e+00	4.130650e+00	-4.230801e+00	-3.183209e+00	-1.047592e+00	-1.067808e+00	-2.609819e+00	-2.315387e+00	8.034209e-03	-2.311370e+00	2.319404e+00
19            	2.234849e+00	-6.869382e-01	2.921787e+00	-3.445665e+00	-2.588432e+00	-8.572332e-01	-8.655993e-01	-1.804362e+00	-2.688888e+00	1.642347e-02	-2.680677e+00	2.697100e+00
20            	1.867279e+00	2.093442e-01	1.657935e+00	-2.690676e+00	-1.942654e+00	-7.480223e-01	-5.973158e-01	-7.242955e-01	-1.956504e+00	2.095272e-02	-1.946028e+00	1.966981e+00
21            	1.470501e+00	9.053847e-01	5.651159e-01	-2.091659e+00	-1.436523e+00	-6.551365e-01	-3.906933e-01	1.701344e-01	-2.104237e+00	2.248348e-02	-2.092995e+00	2.115479e+00
22            	1.333047e+00	1.739620e+00	-4.065729e-01	-1.561456e+00	-9.899025e-01	-5.715531e-01	-2.091747e-01	1.073096e+00	-1.561816e+00	2.574648e-02	-1.548943e+00	1.574689e+00
23            	1.111033e+00	2.203349e+00	-1.092315e+00	-1.135037e+00	-6.965603e-01	-4.384772e-01	-1.290416e-01	1.647832e+00	-1.446292e+00	2.581286e-02	-1.433386e+00	1.459199e+00
24            	9.153633e-01	2.386487e+00	-1.471124e+00	-8.491886e-01	-5.271577e-01	-3.220309e-01	-1.025634e-01	1.928805e+00	-1.415948e+00	2.551837e-02	-1.403188e+00	1.428707e+00
25            	8.325405e-01	2.312978e+00	-1.480437e+00	-6.580984e-01	-4.225872e-01	-2.355112e-01	-9.353802e-02	1.896708e+00	-1.414183e+00	2.022171e-02	-1.404072e+00	1.424294e+00
26            	8.178504e-01	2.180433e+00	-1.362583e+00	-5.259418e-01	-3.474778e-01	-1.784640e-01	-8.450688e-02	1.771508e+00	-1.367533e+00	1.729866e-02	-1.358884e+00	1.376182e+00
27            	8.967951e-01	1.939914e+00	-1.043119e+00	-4.275797e-01	-3.089521e-01	-1.186276e-01	-9.516229e-02	1.491516e+00	-9.494435e-01	1.208924e-02	-9.433989e-01	9.554881e-01
28            	8.998174e-01	1.752352e+00	-8.525349e-01	-3.990850e-01	-2.956822e-01	-1.034028e-01	-9.613968e-02	1.302444e+00	-7.629787e-01	1.110195e-02	-7.574277e-01	7.685296e-01
29            	8.846917e-01	1.539032e+00	-6.543398e-01	-4.036013e-01	-3.102767e-01	-9.332465e-02	-1.084760e-01	1.096686e+00	-4.373584e-01	1.043317e-02	-4.321418e-01	4.425750e-01
30            	9.634169e-01	1.540309e+00	-5.768921e-01	-4.101767e-01	-3.085053e-01	-1.016715e-01	-1.034169e-01	1.058601e+00	-7.243925e-02	1.085555e-02	-6.701147e-02	7.786702e-02
31            	1.138469e+00	1.642715e+00	-5.042455e-01	-3.837349e-01	-2.937316e-01	-9.000326e-02	-1.018642e-01	1.073480e+00	3.855282e-01	1.017222e-02	3.906143e-01	-3.804420e-01
32            	1.335253e+00	1.876808e+00	-5.415551e-01	-3.110879e-01	-2.536546e-01	-5.743332e-02	-9.811063e-02	1.209181e+00	8.049269e-01	1.058654e-02	8.102202e-01	-7.996336e-01
33            	1.512989e+00	2.113427e+00	-6.004386e-01	-2.115617e-01	-2.054925e-01	-6.069214e-03	-9.971165e-02	1.356933e+00	1.212711e+00	8.817237e-03	1.217120e+00	-1.208303e+00
34            	1.771877e+00	2.483152e+00	-7.112744e-01	-1.216887e-01	-1.641545e-01	4.246587e-02	-1.033102e-01	1.597213e+00	1.741334e+00	5.794084e-03	1.744231e+00	-1.738437e+00
35            	2.006726e+00	2.797743e+00	-7.910176e-01	-8.081011e-02	-1.382608e-01	5.745074e-02	-9.785579e-02	1.794380e+00	1.900540e+00	7.071810e-04	1.900894e+00	-1.900187e+00
36            	2.281511e+00	3.089831e+00	-8.083194e-01	-1.231486e-01	-1.543559e-01	3.120722e-02	-9.278154e-02	1.949075e+00	1.834189e+00	-6.246310e-03	1.831066e+00	-1.837312e+00
37            	2.408615e+00	3.223097e+00	-8.144818e-01	-2.491887e-01	-2.142408e-01	-3.494790e-02	-8.964646e-02	2.018789e+00	1.465418e+00	-1.086986e-02	1.459983e+00	-1.470852e+00
38            	2.518115e+00	3.331076e+00	-8.129617e-01	-4.283928e-01	-3.043896e-01	-1.240033e-01	-9.019316e-02	2.072019e+00	1.030104e+00	-1.314709e-02	1.023530e+00	-1.036677e+00
39            	2.569637e+00	3.411817e+00	-8.421797e-01	-5.781914e-01	-3.792746e-01	-1.989168e-01	-9.017887e-02	2.126998e+00	6.679691e-01	-1.268211e-02	6.616280e-01	-6.743101e-01
40            	2.582800e+00	3.418847e+00	-8.360463e-01	-6.600047e-01	-4.214898e-01	-2.385149e-01	-9.148747e-02	2.127446e+00	4.677939e-01	-9.512003e-03	4.630379e-01	-4.725499e-01
41            	2.576812e+00	3.302192e+00	-7.253803e-01	-6.595729e-01	-4.223619e-01	-2.372109e-01	-9.257550e-02	2.013786e+00	3.963348e-01	-5.177181e-03	3.937463e-01	-3.989234e-01
42            	2.573974e+00	3.074932e+00	-5.009581e-01	-5.775473e-01	-3.790190e-01	-1.985282e-01	-9.024538e-02	1.787945e+00	4.082549e-01	2.658547e-04	4.083878e-01	-4.081219e-01
43            	2.582590e+00	2.778200e+00	-1.956102e-01	-4.458434e-01	-3.075548e-01	-1.382886e-01	-8.463313e-02	1.486905e+00	4.646660e-01	5.370927e-03	4.673514e-01	-4.619805e-01
44            	2.559263e+00	2.469215e+00	9.004765e-02	-2.892726e-01	-2.195758e-01	-6.969679e-02	-7.493950e-02	1.189584e+00	4.812211e-01	8.843194e-03	4.856427e-01	-4.767995e-01
45            	2.485519e+00	2.172544e+00	3.129749e-01	-1.346353e-01	-1.271960e-01	-7.439250e-03	-5.987840e-02	9.297846e-01	4.394072e-01	9.782909e-03	4.442987e-01	-4.345158e-01
46            	2.361595e+00	1.914688e+00	4.469067e-01	6.663742e-03	-3.977449e-02	4.643824e-02	-4.310637e-02	7.338909e-01	3.466038e-01	8.529997e-03	3.508688e-01	-3.423388e-01
47            	2.203190e+00	1.706430e+00	4.967602e-01	1.028196e-01	2.399840e-02	7.882122e-02	-2.741141e-02	6.048349e-01	2.515577e-01	5.603260e-03	2.543594e-01	-2.487561e-01
48            	2.034756e+00	1.506767e+00	5.279896e-01	1.515945e-01	5.882128e-02	9.277319e-02	-1.697595e-02	4.893886e-01	1.653670e-01	1.868112e-03	1.663011e-01	-1.644330e-01
49            	1.872936e+00	1.296871e+00	5.760643e-01	1.593305e-01	6.854167e-02	9.078885e-02	-1.112359e-02	3.604035e-01	6.972880e-02	-1.622284e-03	6.891766e-02	-7.053994e-02
50            	1.728227e+00	1.078382e+00	6.498449e-01	1.396151e-01	5.971234e-02	7.990274e-02	-1.009520e-02	2.142685e-01	-2.643593e-02	-4.435459e-03	-2.865366e-02	2.421820e-02
51            	1.613398e+00	8.604360e-01	7.529621e-01	1.037456e-01	4.004896e-02	6.369667e-02	-1.182385e-02	5.373693e-02	-1.246299e-01	-6.256250e-03	-1.277580e-01	1.215017e-01
52            	1.529536e+00	6.581898e-01	8.713464e-01	6.225777e-02	1.612380e-02	4.613397e-02	-1.500509e-02	-1.065783e-01	-2.000637e-01	-7.549845e-03	-2.038386e-01	1.962888e-01
53            	1.470516e+00	4.825280e-01	9.879878e-01	2.337605e-02	-6.756469e-03	3.013252e-02	-1.844450e-02	-2.527299e-01	-2.541706e-01	-8.456274e-03	-2.583988e-01	2.499425e-01
54            	1.423972e+00	3.414222e-01	1.082550e+00	-7.440821e-03	-2.468813e-02	1.724731e-02	-2.096772e-02	-3.705637e-01	-2.847558e-01	-8.975847e-03	-2.892437e-01	2.802678e-01
55            	1.384900e+00	2.341091e-01	1.150791e+00	-2.888282e-02	-3.732676e-02	8.443944e-03	-2.288535e-02	-4.583411e-01	-2.972921e-01	-9.186788e-03	-3.018855e-01	2.926987e-01
56            	1.346751e+00	1.599647e-01	1.186786e+00	-3.769977e-02	-4.186461e-02	4.164833e-03	-2.301472e-02	-5.134108e-01	-2.993215e-01	-9.121358e-03	-3.038822e-01	2.947608e-01
57            	1.309591e+00	1.049802e-01	1.204611e+00	-3.829774e-02	-3.988218e-02	1.584434e-03	-2.073331e-02	-5.498153e-01	-3.012650e-01	-8.619907e-03	-3.055749e-01	2.969550e-01
58            	1.275156e+00	6.472502e-02	1.210431e+00	-3.192620e-02	-3.278477e-02	8.585690e-04	-1.682167e-02	-5.728528e-01	-3.022519e-01	-7.905028e-03	-3.062044e-01	2.982994e-01
59            	1.244846e+00	3.696921e-02	1.207876e+00	-1.991458e-02	-2.255649e-02	2.641912e-03	-1.259920e-02	-5.854536e-01	-2.994770e-01	-7.127019e-03	-3.030405e-01	2.959135e-01
60            	1.220427e+00	2.103602e-02	1.199391e+00	-6.235657e-03	-1.133001e-02	5.094351e-03	-8.212180e-03	-5.891775e-01	-2.956697e-01	-6.348055e-03	-2.988437e-01	2.924956e-01
61            	1.199314e+00	1.582464e-02	1.183489e+00	7.324990e-03	-1.470222e-03	8.795212e-03	-5.132717e-03	-5.838324e-01	-2.905059e-01	-5.579250e-03	-2.932955e-01	2.877163e-01
62            	1.179844e+00	2.467709e-02	1.155167e+00	1.677233e-02	4.672728e-03	1.209961e-02	-3.713439e-03	-5.652450e-01	-2.867778e-01	-4.825356e-03	-2.891905e-01	2.843651e-01
63            	1.161278e+00	4.907511e-02	1.112203e+00	2.054619e-02	6.518127e-03	1.402806e-02	-3.754967e-03	-5.315638e-01	-2.809952e-01	-3.964105e-03	-2.829773e-01	2.790132e-01
64            	1.141445e+00	9.137003e-02	1.050075e+00	1.839886e-02	4.130373e-03	1.426849e-02	-5.069057e-03	-4.793525e-01	-2.789785e-01	-3.169920e-03	-2.805635e-01	2.773936e-01
65            	1.123419e+00	1.515303e-01	9.718889e-01	1.186741e-02	-1.398862e-03	1.326627e-02	-7.332567e-03	-4.101793e-01	-2.838150e-01	-2.400580e-03	-2.850152e-01	2.826147e-01
66            	1.106285e+00	2.265356e-01	8.797496e-01	2.876284e-03	-8.533524e-03	1.140981e-02	-9.971665e-03	-3.266070e-01	-2.960105e-01	-1.770201e-03	-2.968956e-01	2.951254e-01
67            	1.090423e+00	3.107332e-01	7.796899e-01	-6.358759e-03	-1.524951e-02	8.890749e-03	-1.207013e-02	-2.344784e-01	-3.143790e-01	-1.183440e-03	-3.149707e-01	3.137873e-01
68            	1.075093e+00	3.971998e-01	6.778935e-01	-1.420949e-02	-2.001662e-02	5.807132e-03	-1.291188e-02	-1.403468e-01	-3.322890e-01	-6.530869e-04	-3.326156e-01	3.319625e-01
69            	1.060263e+00	4.782216e-01	5.820410e-01	-1.929002e-02	-2.207619e-02	2.786173e-03	-1.243118e-02	-5.190975e-02	-3.400571e-01	-1.208094e-04	-3.401175e-01	3.399967e-01
70            	1.045383e+00	5.470171e-01	4.983659e-01	-2.079752e-02	-2.098107e-02	1.835450e-04	-1.058231e-02	2.432561e-02	-3.326491e-01	5.260507e-04	-3.323860e-01	3.329121e-01
71            	1.030435e+00	5.979322e-01	4.325027e-01	-1.866855e-02	-1.698875e-02	-1.679797e-03	-7.654477e-03	8.271476e-02	-3.109816e-01	1.261751e-03	-3.103507e-01	3.116125e-01
72            	1.017565e+00	6.265078e-01	3.910568e-01	-1.372060e-02	-1.097302e-02	-2.747581e-03	-4.112718e-03	1.177255e-01	-2.802088e-01	2.048529e-03	-2.791846e-01	2.812331e-01
73            	1.007437e+00	6.305677e-01	3.768696e-01	-7.205829e-03	-4.276914e-03	-2.928915e-03	-6.739993e-04	1.268491e-01	-2.486305e-01	2.781253e-03	-2.472399e-01	2.500211e-01
74            	1.000588e+00	6.110137e-01	3.895740e-01	-1.175660e-03	1.759822e-03	-2.935481e-03	2.347652e-03	1.107199e-01	-2.226757e-01	3.409842e-03	-2.209708e-01	2.243806e-01
75            	9.957328e-01	5.706129e-01	4.251199e-01	3.279285e-03	6.507245e-03	-3.227961e-03	4.867603e-03	7.274653e-02	-2.010642e-01	3.870851e-03	-1.991288e-01	2.029996e-01
76            	9.920069e-01	5.162438e-01	4.757631e-01	5.499089e-03	9.675113e-03	-4.176024e-03	6.925569e-03	2.024036e-02	-1.849812e-01	4.201432e-03	-1.828805e-01	1.870819e-01
77            	9.890053e-01	4.592063e-01	5.297990e-01	5.123410e-03	1.081737e-02	-5.693960e-03	8.255665e-03	-3.529632e-02	-1.744272e-01	4.400675e-03	-1.722269e-01	1.766276e-01
78            	9.851865e-01	4.093711e-01	5.758154e-01	2.016242e-03	9.451298e-03	-7.435056e-03	8.443177e-03	-8.322216e-02	-1.640769e-01	4.553768e-03	-1.618000e-01	1.663538e-01
79            	9.808266e-01	3.734255e-01	6.074011e-01	-3.240710e-03	5.776539e-03	-9.017249e-03	7.396894e-03	-1.169878e-01	-1.504447e-01	4.693884e-03	-1.480977e-01	1.527916e-01
80            	9.767045e-01	3.563788e-01	6.203257e-01	-1.006830e-02	1.397467e-04	-1.020805e-02	5.173898e-03	-1.319735e-01	-1.398736e-01	4.864570e-03	-1.374414e-01	1.423059e-01
81            	9.735787e-01	3.592825e-01	6.142961e-01	-1.736483e-02	-6.539640e-03	-1.082519e-02	2.142773e-03	-1.275068e-01	-1.345570e-01	5.007607e-03	-1.320532e-01	1.370608e-01
82            	9.720740e-01	3.802489e-01	5.918251e-01	-2.424994e-02	-1.336283e-02	-1.088710e-02	-1.237864e-03	-1.057881e-01	-1.321038e-01	5.168090e-03	-1.295198e-01	1.346878e-01
83            	9.720168e-01	4.141464e-01	5.578704e-01	-3.023822e-02	-1.971424e-02	-1.052398e-02	-4.595128e-03	-7.186202e-02	-1.314062e-01	5.348485e-03	-1.287320e-01	1.340804e-01
84            	9.725870e-01	4.532595e-01	5.193276e-01	-3.508837e-02	-2.507571e-02	-1.001266e-02	-7.531528e-03	-3.303407e-02	-1.309187e-01	5.533854e-03	-1.281517e-01	1.336856e-01
85            	9.727890e-01	4.896465e-01	4.831425e-01	-3.839582e-02	-2.885291e-02	-9.542911e-03	-9.655002e-03	3.252016e-03	-1.286492e-01	5.697646e-03	-1.258004e-01	1.314981e-01
86            	9.709780e-01	5.169279e-01	4.540500e-01	-3.960886e-02	-3.044573e-02	-9.163134e-03	-1.064130e-02	3.143895e-02	-1.224168e-01	5.800471e-03	-1.195166e-01	1.253171e-01
87            	9.671760e-01	5.335069e-01	4.336691e-01	-3.848091e-02	-2.962214e-02	-8.858777e-03	-1.038168e-02	4.991892e-02	-1.133337e-01	5.848297e-03	-1.104095e-01	1.162578e-01
88            	9.623378e-01	5.381360e-01	4.242018e-01	-3.392924e-02	-2.556030e-02	-8.368942e-03	-8.595679e-03	5.696711e-02	-1.086875e-01	5.822070e-03	-1.057765e-01	1.115985e-01
89            	9.585050e-01	5.337848e-01	4.247202e-01	-2.583190e-02	-1.840880e-02	-7.423107e-03	-5.492845e-03	5.453232e-02	-1.100300e-01	5.739223e-03	-1.071604e-01	1.128996e-01
90            	9.572302e-01	5.234234e-01	4.338067e-01	-1.444050e-02	-8.570235e-03	-5.870270e-03	-1.349982e-03	4.480836e-02	-1.161179e-01	5.650164e-03	-1.132928e-01	1.189430e-01
91            	9.585831e-01	5.093677e-01	4.492154e-01	-8.275442e-04	2.860155e-03	-3.687699e-03	3.273927e-03	3.007612e-02	-1.268546e-01	5.544846e-03	-1.240822e-01	1.296270e-01
92            	9.619827e-01	4.938592e-01	4.681235e-01	1.321521e-02	1.432464e-02	-1.109427e-03	7.717034e-03	1.286787e-02	-1.405326e-01	5.427357e-03	-1.378189e-01	1.432463e-01
93            	9.661951e-01	4.782718e-01	4.879233e-01	2.570935e-02	2.424208e-02	1.467265e-03	1.138741e-02	-4.825745e-03	-1.542974e-01	5.325480e-03	-1.516346e-01	1.569601e-01
94            	9.697337e-01	4.644392e-01	5.052944e-01	3.444892e-02	3.070188e-02	3.747040e-03	1.347742e-02	-2.042759e-02	-1.652072e-01	5.222136e-03	-1.625962e-01	1.678183e-01
95            	9.709408e-01	4.534925e-01	5.174483e-01	3.784119e-02	3.228274e-02	5.558451e-03	1.336214e-02	-3.197791e-02	-1.699234e-01	5.136188e-03	-1.673553e-01	1.724915e-01
96            	9.693772e-01	4.458053e-01	5.235719e-01	3.508399e-02	2.839356e-02	6.690430e-03	1.085157e-02	-3.888329e-02	-1.696459e-01	5.060353e-03	-1.671157e-01	1.721761e-01
97            	9.661665e-01	4.419494e-01	5.242171e-01	2.593436e-02	1.914535e-02	6.789007e-03	6.178172e-03	-4.113388e-02	-1.665870e-01	5.065519e-03	-1.640542e-01	1.691197e-01
98            	9.633137e-01	4.421219e-01	5.211918e-01	1.117384e-02	5.627409e-03	5.546435e-03	4.048709e-05	-3.953491e-02	-1.629685e-01	5.139312e-03	-1.603989e-01	1.655382e-01
99            	9.625029e-01	4.457893e-01	5.167136e-01	-7.487184e-03	-1.043703e-02	2.949845e-03	-6.693437e-03	-3.546218e-02	-1.616646e-01	5.289981e-03	-1.590196e-01	1.643096e-01
100           	9.646847e-01	4.516322e-01	5.130525e-01	-2.684790e-02	-2.607988e-02	-7.680197e-04	-1.265593e-02	-3.071018e-02	-1.645771e-01	5.448050e-03	-1.618531e-01	1.673012e-01
101           	9.685142e-01	4.573959e-01	5.111183e-01	-4.330525e-02	-3.841881e-02	-4.886434e-03	-1.676619e-02	-2.686123e-02	-1.723877e-01	5.595423e-03	-1.695900e-01	1.751854e-01
102           	9.720366e-01	4.618734e-01	5.101632e-01	-5.381872e-02	-4.525684e-02	-8.561874e-03	-1.834748e-02	-2.414490e-02	-1.844799e-01	5.698997e-03	-1.816304e-01	1.873294e-01
103           	9.739784e-01	4.650135e-01	5.089649e-01	-5.642579e-02	-4.524637e-02	-1.117942e-02	-1.703348e-02	-2.197571e-02	-1.960876e-01	5.771843e-03	-1.932016e-01	1.989735e-01
104           	9.735531e-01	4.666146e-01	5.069384e-01	-5.039197e-02	-3.812163e-02	-1.227034e-02	-1.292564e-02	-2.016190e-02	-2.046057e-01	5.800949e-03	-2.017052e-01	2.075062e-01
105           	9.704137e-01	4.666517e-01	5.037620e-01	-3.600117e-02	-2.452647e-02	-1.147470e-02	-6.525883e-03	-1.855514e-02	-2.084315e-01	5.840479e-03	-2.055113e-01	2.113518e-01
106           	9.666681e-01	4.670576e-01	4.996106e-01	-1.482898e-02	-6.162773e-03	-8.666210e-03	1.251718e-03	-1.627650e-02	-2.064989e-01	5.892321e-03	-2.035528e-01	2.094451e-01
107           	9.646226e-01	4.704640e-01	4.941586e-01	1.012753e-02	1.422706e-02	-4.099535e-03	9.163298e-03	-1.184728e-02	-2.019215e-01	5.975256e-03	-1.989339e-01	2.049092e-01
108           	9.653671e-01	4.784373e-01	4.869298e-01	3.522941e-02	3.367610e-02	1.553311e-03	1.606140e-02	-4.246230e-03	-1.992630e-01	6.077974e-03	-1.962241e-01	2.023020e-01
109           	9.684606e-01	4.910289e-01	4.774317e-01	5.594437e-02	4.847277e-02	7.471606e-03	2.050058e-02	6.798621e-03	-2.016704e-01	6.181903e-03	-1.985794e-01	2.047613e-01
110           	9.719117e-01	5.060271e-01	4.658846e-01	6.830780e-02	5.574230e-02	1.256550e-02	2.158840e-02	2.007128e-02	-2.088290e-01	6.245676e-03	-2.057061e-01	2.119518e-01
111           	9.746480e-01	5.204711e-01	4.541768e-01	6.987738e-02	5.400177e-02	1.587561e-02	1.906308e-02	3.314713e-02	-2.168489e-01	6.290518e-03	-2.137036e-01	2.199941e-01
112           	9.749377e-01	5.320842e-01	4.428535e-01	6.018832e-02	4.339006e-02	1.679826e-02	1.329590e-02	4.461537e-02	-2.229196e-01	6.314406e-03	-2.197624e-01	2.260768e-01
113           	9.730416e-01	5.395716e-01	4.334700e-01	4.034140e-02	2.522766e-02	1.511374e-02	5.056956e-03	5.305082e-02	-2.255487e-01	6.352046e-03	-2.223727e-01	2.287247e-01
114           	9.700559e-01	5.414542e-01	4.286017e-01	1.270409e-02	1.790280e-03	1.091381e-02	-4.561766e-03	5.642628e-02	-2.221245e-01	6.420284e-03	-2.189143e-01	2.253346e-01
115           	9.683144e-01	5.359761e-01	4.323383e-01	-1.845966e-02	-2.301075e-02	4.551092e-03	-1.378092e-02	5.181889e-02	-2.130284e-01	6.491711e-03	-2.097826e-01	2.162743e-01
116           	9.686597e-01	5.219795e-01	4.466802e-01	-4.778171e-02	-4.478304e-02	-2.998677e-03	-2.089218e-02	3.764967e-02	-2.038058e-01	6.557426e-03	-2.005271e-01	2.070845e-01
117           	9.706525e-01	4.993197e-01	4.713328e-01	-6.991933e-02	-5.957212e-02	-1.034721e-02	-2.461245e-02	1.399346e-02	-2.010924e-01	6.574938e-03	-1.978049e-01	2.043799e-01
118           	9.734982e-01	4.704490e-01	5.030491e-01	-8.088849e-02	-6.474004e-02	-1.614845e-02	-2.429580e-02	-1.630004e-02	-2.072815e-01	6.546865e-03	-2.040081e-01	2.105549e-01
119           	9.765940e-01	4.406379e-01	5.359561e-01	-7.891008e-02	-5.948451e-02	-1.942557e-02	-2.002947e-02	-4.765907e-02	-2.178886e-01	6.490328e-03	-2.146434e-01	2.211338e-01
120           	9.778781e-01	4.129946e-01	5.648835e-01	-6.418565e-02	-4.462831e-02	-1.955734e-02	-1.253549e-02	-7.594443e-02	-2.308143e-01	6.417791e-03	-2.276054e-01	2.340232e-01
121           	9.777448e-01	3.912726e-01	5.864722e-01	-3.878501e-02	-2.234864e-02	-1.643637e-02	-2.956135e-03	-9.759977e-02	-2.417001e-01	6.385962e-03	-2.385071e-01	2.448931e-01
122           	9.769284e-01	3.795590e-01	5.973694e-01	-6.247761e-03	4.315415e-03	-1.056318e-02	7.439296e-03	-1.089052e-01	-2.458553e-01	6.422635e-03	-2.426440e-01	2.490666e-01
123           	9.763460e-01	3.825887e-01	5.937572e-01	2.802433e-02	3.073716e-02	-2.712837e-03	1.672500e-02	-1.055843e-01	-2.401546e-01	6.495422e-03	-2.369069e-01	2.434023e-01
124           	9.760534e-01	4.025379e-01	5.735155e-01	5.803419e-02	5.222927e-02	5.804922e-03	2.321217e-02	-8.548880e-02	-2.294653e-01	6.619266e-03	-2.261556e-01	2.327749e-01
125           	9.762615e-01	4.391915e-01	5.370700e-01	7.853231e-02	6.509132e-02	1.344099e-02	2.582517e-02	-4.893923e-02	-2.218923e-01	6.731525e-03	-2.185266e-01	2.252581e-01
126           	9.774058e-01	4.879336e-01	4.894721e-01	8.621148e-02	6.721033e-02	1.900114e-02	2.410460e-02	-7.692538e-04	-2.222546e-01	6.792145e-03	-2.188585e-01	2.256507e-01
127           	9.791051e-01	5.401654e-01	4.389396e-01	7.986500e-02	5.826152e-02	2.160348e-02	1.832902e-02	5.061290e-02	-2.279676e-01	6.794588e-03	-2.245703e-01	2.313649e-01
128           	9.797144e-01	5.889361e-01	3.907782e-01	5.993708e-02	3.920580e-02	2.073127e-02	9.237266e-03	9.907895e-02	-2.383943e-01	6.764336e-03	-2.350122e-01	2.417765e-01
129           	9.805773e-01	6.277392e-01	3.528381e-01	2.907409e-02	1.283406e-02	1.624002e-02	-1.702981e-03	1.374505e-01	-2.475806e-01	6.744518e-03	-2.442084e-01	2.509529e-01
130           	9.822327e-01	6.501528e-01	3.320799e-01	-7.542062e-03	-1.630710e-02	8.765038e-03	-1.253607e-02	1.590365e-01	-2.493346e-01	6.765552e-03	-2.459518e-01	2.527173e-01
131           	9.842498e-01	6.500195e-01	3.342303e-01	-4.319660e-02	-4.290700e-02	-2.896006e-04	-2.130870e-02	1.578946e-01	-2.408168e-01	6.799328e-03	-2.374172e-01	2.442165e-01
132           	9.856981e-01	6.234871e-01	3.622110e-01	-7.143259e-02	-6.220491e-02	-9.227675e-03	-2.648862e-02	1.306381e-01	-2.259999e-01	6.848238e-03	-2.225758e-01	2.294240e-01
133           	9.866559e-01	5.721867e-01	4.144692e-01	-8.768381e-02	-7.108547e-02	-1.659833e-02	-2.724357e-02	7.885877e-02	-2.143292e-01	6.869164e-03	-2.108946e-01	2.177638e-01
134           	9.877823e-01	5.041393e-01	4.836430e-01	-8.981763e-02	-6.840800e-02	-2.140963e-02	-2.349918e-02	1.024812e-02	-2.083220e-01	6.860516e-03	-2.048918e-01	2.117523e-01
135           	9.886515e-01	4.302072e-01	5.584443e-01	-7.753412e-02	-5.466201e-02	-2.287212e-02	-1.589495e-02	-6.411856e-02	-2.111450e-01	6.804014e-03	-2.077430e-01	2.145470e-01
136           	9.894021e-01	3.596453e-01	6.297568e-01	-5.240388e-02	-3.180705e-02	-2.059684e-02	-5.605105e-03	-1.350558e-01	-2.221682e-01	6.737831e-03	-2.187993e-01	2.255371e-01
137           	9.914617e-01	3.021024e-01	6.893593e-01	-1.771810e-02	-2.920881e-03	-1.479722e-02	5.938169e-03	-1.936285e-01	-2.344014e-01	6.720223e-03	-2.310413e-01	2.377615e-01
138           	9.955381e-01	2.693759e-01	7.261622e-01	2.049473e-02	2.673629e-02	-6.241557e-03	1.648892e-02	-2.283931e-01	-2.391929e-01	6.750423e-03	-2.358177e-01	2.425682e-01
139           	9.997195e-01	2.693040e-01	7.304155e-01	5.507962e-02	5.166345e-02	3.416170e-03	2.412364e-02	-2.305557e-01	-2.346520e-01	6.813828e-03	-2.312451e-01	2.380589e-01
140           	1.001997e+00	3.048517e-01	6.971453e-01	7.992455e-02	6.757151e-02	1.235304e-02	2.760924e-02	-1.961468e-01	-2.244875e-01	6.906631e-03	-2.210342e-01	2.279408e-01
141           	1.002113e+00	3.716720e-01	6.304414e-01	9.152550e-02	7.238542e-02	1.914008e-02	2.662267e-02	-1.293847e-01	-2.115751e-01	6.947697e-03	-2.081013e-01	2.150490e-01
142           	1.001438e+00	4.591802e-01	5.422578e-01	8.851645e-02	6.548896e-02	2.302749e-02	2.123074e-02	-4.153878e-02	-1.987190e-01	6.933050e-03	-1.952525e-01	2.021856e-01
143           	9.995483e-01	5.566351e-01	4.429131e-01	7.099196e-02	4.751212e-02	2.347984e-02	1.201614e-02	5.686101e-02	-1.946503e-01	6.852420e-03	-1.912241e-01	1.980765e-01
144           	9.987207e-01	6.545979e-01	3.441228e-01	4.049109e-02	2.031169e-02	2.017940e-02	6.614889e-05	1.552376e-01	-1.965691e-01	6.754325e-03	-1.931919e-01	1.999462e-01
145           	1.001334e+00	7.388271e-01	2.625066e-01	1.469735e-03	-1.168009e-02	1.314982e-02	-1.241496e-02	2.381602e-01	-1.981310e-01	6.682416e-03	-1.947898e-01	2.014722e-01
146           	1.007474e+00	7.936404e-01	2.138335e-01	-3.886102e-02	-4.234405e-02	3.483025e-03	-2.291354e-02	2.899035e-01	-1.926098e-01	6.659875e-03	-1.892799e-01	1.959398e-01
147           	1.014705e+00	8.057082e-01	2.089972e-01	-7.265252e-02	-6.576800e-02	-6.884517e-03	-2.944174e-02	2.983555e-01	-1.820690e-01	6.656887e-03	-1.787406e-01	1.853975e-01
148           	1.020216e+00	7.692055e-01	2.510107e-01	-9.393671e-02	-7.807493e-02	-1.586178e-02	-3.110658e-02	2.590974e-01	-1.694700e-01	6.651795e-03	-1.661441e-01	1.727959e-01
149           	1.024057e+00	6.905876e-01	3.334698e-01	-9.981285e-02	-7.747762e-02	-2.233523e-02	-2.757119e-02	1.785589e-01	-1.497973e-01	6.626651e-03	-1.464840e-01	1.531106e-01
150           	1.024027e+00	5.815924e-01	4.424349e-01	-8.962426e-02	-6.422398e-02	-2.540028e-02	-1.941185e-02	6.957880e-02	-1.354868e-01	6.554225e-03	-1.322097e-01	1.387640e-01
151           	1.020287e+00	4.547233e-01	5.655641e-01	-6.446825e-02	-4.000802e-02	-2.446022e-02	-7.773899e-03	-5.542044e-02	-1.330845e-01	6.462349e-03	-1.298534e-01	1.363157e-01
152           	1.016725e+00	3.277047e-01	6.890200e-01	-2.773678e-02	-8.353357e-03	-1.938343e-02	5.515035e-03	-1.806576e-01	-1.360621e-01	6.403956e-03	-1.328601e-01	1.392641e-01
153           	1.017068e+00	2.204125e-01	7.966556e-01	1.486051e-02	2.575594e-02	-1.089543e-02	1.832569e-02	-2.881216e-01	-1.362457e-01	6.406083e-03	-1.330427e-01	1.394487e-01
154           	1.022410e+00	1.550578e-01	8.673524e-01	5.541129e-02	5.569009e-02	-2.788036e-04	2.798445e-02	-3.561473e-01	-1.311150e-01	6.446402e-03	-1.278918e-01	1.343382e-01
155           	1.029247e+00	1.451332e-01	8.841138e-01	8.606891e-02	7.573886e-02	1.033005e-02	3.270441e-02	-3.694903e-01	-1.263164e-01	6.491627e-03	-1.230706e-01	1.295622e-01
156           	1.036352e+00	1.931617e-01	8.431901e-01	1.017810e-01	8.259643e-02	1.918455e-02	3.170594e-02	-3.250142e-01	-1.152723e-01	6.512920e-03	-1.120159e-01	1.185288e-01
157           	1.041081e+00	2.897864e-01	7.512945e-01	1.005627e-01	7.557542e-02	2.498723e-02	2.529409e-02	-2.307540e-01	-9.866703e-02	6.455585e-03	-9.543923e-02	1.018948e-01
158           	1.039256e+00	4.192346e-01	6.200215e-01	8.233913e-02	5.578415e-02	2.655497e-02	1.461459e-02	-1.003935e-01	-9.106426e-02	6.340536e-03	-8.789399e-02	9.423453e-02
159           	1.033547e+00	5.668478e-01	4.666996e-01	4.952995e-02	2.600224e-02	2.352772e-02	1.237261e-03	5.007413e-02	-8.880837e-02	6.215485e-03	-8.570062e-02	9.191611e-02
160           	1.028562e+00	7.161039e-01	3.124578e-01	6.865425e-03	-9.468869e-03	1.633429e-02	-1.290158e-02	2.018231e-01	-8.326035e-02	6.122530e-03	-8.019909e-02	8.632162e-02
161           	1.028328e+00	8.430342e-01	1.852937e-01	-3.774629e-02	-4.376059e-02	6.014300e-03	-2.488744e-02	3.288702e-01	-7.164340e-02	6.093020e-03	-6.859689e-02	7.468991e-02
162           	1.032340e+00	9.218398e-01	1.104998e-01	-7.488425e-02	-6.962050e-02	-5.263745e-03	-3.217838e-02	4.056700e-01	-5.898490e-02	6.100375e-03	-5.593471e-02	6.203508e-02
163           	1.040200e+00	9.363710e-01	1.038286e-01	-9.717520e-02	-8.196650e-02	-1.520870e-02	-3.337890e-02	4.162712e-01	-4.581638e-02	6.102156e-03	-4.276530e-02	4.886745e-02
164           	1.049890e+00	8.864207e-01	1.634692e-01	-1.016932e-01	-7.927502e-02	-2.241815e-02	-2.842844e-02	3.614758e-01	-2.822101e-02	6.068353e-03	-2.518683e-02	3.125518e-02
165           	1.053089e+00	7.792494e-01	2.738394e-01	-8.847465e-02	-6.295120e-02	-2.552345e-02	-1.871388e-02	2.527050e-01	-2.195128e-02	5.989357e-03	-1.895660e-02	2.494596e-02
166           	1.048526e+00	6.300224e-01	4.185032e-01	-5.977862e-02	-3.580829e-02	-2.397032e-02	-5.918986e-03	1.057596e-01	-2.974296e-02	5.911946e-03	-2.678699e-02	3.269893e-02
167           	1.041118e+00	4.624642e-01	5.786543e-01	-2.040679e-02	-2.280173e-03	-1.812662e-02	7.923222e-03	-5.809503e-02	-3.885527e-02	5.888957e-03	-3.591080e-02	4.179975e-02
168           	1.034176e+00	3.027635e-01	7.314126e-01	2.267656e-02	3.163737e-02	-8.960809e-03	2.029909e-02	-2.143246e-01	-4.174930e-02	5.953665e-03	-3.877247e-02	4.472614e-02
169           	1.030303e+00	1.775664e-01	8.527368e-01	6.072689e-02	5.917599e-02	1.550892e-03	2.881255e-02	-3.375852e-01	-3.842065e-02	6.080063e-03	-3.538062e-02	4.146068e-02
170           	1.032894e+00	1.113744e-01	9.215198e-01	8.578370e-02	7.455247e-02	1.123123e-02	3.166062e-02	-4.050727e-01	-2.632985e-02	6.207629e-03	-2.322604e-02	2.943366e-02
171           	1.040169e+00	1.110660e-01	9.291029e-01	9.411543e-02	7.564052e-02	1.847491e-02	2.858281e-02	-4.090184e-01	-1.065306e-02	6.290155e-03	-7.507979e-03	1.379813e-02
172           	1.045426e+00	1.713496e-01	8.740763e-01	8.498234e-02	6.288147e-02	2.210087e-02	2.039030e-02	-3.513634e-01	-5.665643e-03	6.276936e-03	-2.527175e-03	8.804111e-03
173           	1.045696e+00	2.814186e-01	7.642777e-01	6.017996e-02	3.863107e-02	2.154889e-02	8.541089e-03	-2.414296e-01	-1.373520e-02	6.157536e-03	-1.065643e-02	1.681397e-02
174           	1.042102e+00	4.236071e-01	6.184953e-01	2.409740e-02	7.076048e-03	1.702135e-02	-4.972654e-03	-9.744414e-02	-2.834478e-02	5.995510e-03	-2.534703e-02	3.134254e-02
175           	1.036032e+00	5.778499e-01	4.581822e-01	-1.739115e-02	-2.682544e-02	9.434290e-03	-1.812987e-02	5.983383e-02	-4.131720e-02	5.909328e-03	-3.836254e-02	4.427186e-02
176           	1.031290e+00	7.194557e-01	3.118341e-01	-5.630065e-02	-5.625588e-02	-4.476973e-05	-2.810555e-02	2.038108e-01	-4.399726e-02	5.909055e-03	-4.104273e-02	4.695179e-02
177           	1.031587e+00	8.273582e-01	2.042284e-01	-8.467231e-02	-7.511253e-02	-9.559778e-03	-3.277638e-02	3.115649e-01	-2.988937e-02	5.947661e-03	-2.691554e-02	3.286321e-02
178           	1.036001e+00	8.861534e-01	1.498474e-01	-9.692652e-02	-7.982625e-02	-1.710027e-02	-3.136299e-02	3.681530e-01	-8.111894e-03	5.973598e-03	-5.125095e-03	1.109869e-02
179           	1.040174e+00	8.870005e-01	1.531735e-01	-9.052009e-02	-6.941267e-02	-2.110742e-02	-2.415262e-02	3.669135e-01	4.977921e-03	5.946197e-03	7.951019e-03	-2.004822e-03
180           	1.041758e+00	8.318835e-01	2.098744e-01	-6.697185e-02	-4.615907e-02	-2.081278e-02	-1.267314e-02	3.110046e-01	5.324863e-03	5.831782e-03	8.240754e-03	-2.408972e-03
181           	1.039875e+00	7.314213e-01	3.084537e-01	-3.066023e-02	-1.412911e-02	-1.653112e-02	1.201007e-03	2.114838e-01	-6.153367e-03	5.658290e-03	-3.324222e-03	8.982512e-03
182           	1.035386e+00	6.015557e-01	4.338305e-01	1.265403e-02	2.168048e-02	-9.026448e-03	1.535346e-02	8.386260e-02	-2.456373e-02	5.519779e-03	-2.180385e-02	2.732362e-02
183           	1.029439e+00	4.633640e-01	5.660753e-01	5.584656e-02	5.509964e-02	7.469103e-04	2.717637e-02	-5.135566e-02	-4.185851e-02	5.450282e-03	-3.913337e-02	4.458365e-02
184           	1.025975e+00	3.410390e-01	6.849357e-01	9.089232e-02	7.984102e-02	1.105131e-02	3.439486e-02	-1.719483e-01	-4.673346e-02	5.480321e-03	-4.399330e-02	4.947362e-02
185           	1.026983e+00	2.529527e-01	7.740302e-01	1.108821e-01	9.099148e-02	1.989057e-02	3.555045e-02	-2.605388e-01	-3.654290e-02	5.560162e-03	-3.376282e-02	3.932298e-02
186           	1.029372e+00	2.099650e-01	8.194065e-01	1.114049e-01	8.592341e-02	2.548149e-02	3.022096e-02	-3.047208e-01	-2.291580e-02	5.599415e-03	-2.011609e-02	2.571551e-02
187           	1.030682e+00	2.151680e-01	8.155143e-01	9.163079e-02	6.517770e-02	2.645309e-02	1.936231e-02	-3.001731e-01	-1.546517e-02	5.554396e-03	-1.268797e-02	1.824237e-02
188           	1.031710e+00	2.661401e-01	7.655694e-01	5.461917e-02	3.199719e-02	2.262199e-02	4.687601e-03	-2.497147e-01	-1.422486e-02	5.375687e-03	-1.153702e-02	1.691271e-02
189           	1.032374e+00	3.545675e-01	6.778062e-01	5.849224e-03	-8.744823e-03	1.459405e-02	-1.166943e-02	-1.616194e-01	-2.074767e-02	5.069602e-03	-1.821287e-02	2.328247e-02
190           	1.030899e+00	4.653168e-01	5.655819e-01	-4.715211e-02	-5.034189e-02	3.189778e-03	-2.676583e-02	-5.013256e-02	-3.578930e-02	4.761483e-03	-3.340856e-02	3.817004e-02
191           	1.029854e+00	5.793052e-01	4.505486e-01	-9.478052e-02	-8.508707e-02	-9.693451e-03	-3.769681e-02	6.437830e-02	-4.966690e-02	4.528376e-03	-4.740272e-02	5.193109e-02
192           	1.032381e+00	6.777408e-01	3.546404e-01	-1.277085e-01	-1.060587e-01	-2.164986e-02	-4.220440e-02	1.615502e-01	-5.120288e-02	4.371388e-03	-4.901719e-02	5.338858e-02
193           	1.036886e+00	7.448370e-01	2.920493e-01	-1.394052e-01	-1.089478e-01	-3.045734e-02	-3.924524e-02	2.263938e-01	-4.211036e-02	4.282934e-03	-3.996889e-02	4.425183e-02
194           	1.039052e+00	7.698601e-01	2.691920e-01	-1.272816e-01	-9.312106e-02	-3.416052e-02	-2.948027e-02	2.503341e-01	-3.294571e-02	4.201484e-03	-3.084497e-02	3.504645e-02
195           	1.038048e+00	7.529689e-01	2.850791e-01	-9.341941e-02	-6.133228e-02	-3.208713e-02	-1.462258e-02	2.339449e-01	-2.746992e-02	4.052092e-03	-2.544387e-02	2.949597e-02
196           	1.036429e+00	7.010094e-01	3.354191e-01	-4.313342e-02	-1.830367e-02	-2.482975e-02	3.263038e-03	1.827952e-01	-2.446306e-02	3.833624e-03	-2.254625e-02	2.637987e-02
197           	1.033740e+00	6.229792e-01	4.107610e-01	1.628729e-02	2.937065e-02	-1.308336e-02	2.122700e-02	1.061091e-01	-2.980083e-02	3.575391e-03	-2.801314e-02	3.158853e-02
198           	1.030666e+00	5.325513e-01	4.981144e-01	7.578084e-02	7.413920e-02	1.641639e-03	3.624878e-02	1.721843e-02	-4.301882e-02	3.363898e-03	-4.133687e-02	4.470077e-02
199           	1.030455e+00	4.488088e-01	5.816462e-01	1.242219e-01	1.073459e-01	1.687595e-02	4.523499e-02	-6.641870e-02	-5.590614e-02	3.268923e-03	-5.427168e-02	5.754060e-02
200           	1.033873e+00	3.866852e-01	6.471881e-01	1.526315e-01	1.226339e-01	2.999761e-02	4.631815e-02	-1.302514e-01	-6.117507e-02	3.267219e-03	-5.954146e-02	6.280868e-02
201           	1.037007e+00	3.533538e-01	6.836535e-01	1.555232e-01	1.172592e-01	3.826403e-02	3.949757e-02	-1.651499e-01	-6.220022e-02	3.343942e-03	-6.052825e-02	6.387219e-02
202           	1.037712e+00	3.509996e-01	6.867125e-01	1.324317e-01	9.244250e-02	3.998920e-02	2.622665e-02	-1.678564e-01	-6.306874e-02	3.401813e-03	-6.136783e-02	6.476965e-02
203           	1.037522e+00	3.770832e-01	6.604390e-01	8.680201e-02	5.125476e-02	3.554725e-02	7.853756e-03	-1.416779e-01	-6.030756e-02	3.359238e-03	-5.862794e-02	6.198718e-02
204           	1.036119e+00	4.255859e-01	6.105332e-01	2.473072e-02	-4.577678e-04	2.518849e-02	-1.282313e-02	-9.247364e-02	-5.577312e-02	3.191847e-03	-5.417719e-02	5.736904e-02
205           	1.034326e+00	4.871115e-01	5.472142e-01	-4.403550e-02	-5.388347e-02	9.847968e-03	-3.186572e-02	-3.005133e-02	-5.564369e-02	2.959973e-03	-5.416370e-02	5.712367e-02
206           	1.035153e+00	5.487481e-01	4.864053e-01	-1.067396e-01	-9.902873e-02	-7.710902e-03	-4.565891e-02	3.117139e-02	-5.885724e-02	2.743642e-03	-5.748542e-02	6.022906e-02
207           	1.040806e+00	5.983566e-01	4.424493e-01	-1.518702e-01	-1.274772e-01	-2.439298e-02	-5.154212e-02	7.795366e-02	-6.154778e-02	2.618584e-03	-6.023849e-02	6.285708e-02
208           	1.048608e+00	6.260308e-01	4.225774e-01	-1.712506e-01	-1.341396e-01	-3.711104e-02	-4.851427e-02	1.017267e-01	-6.263056e-02	2.580384e-03	-6.134036e-02	6.392075e-02
209           	1.052987e+00	6.267631e-01	4.262242e-01	-1.616777e-01	-1.185262e-01	-4.315155e-02	-3.768731e-02	1.002695e-01	-6.714482e-02	2.560253e-03	-6.586469e-02	6.842494e-02
210           	1.054734e+00	6.047561e-01	4.499776e-01	-1.258660e-01	-8.369036e-02	-4.217568e-02	-2.075734e-02	7.738926e-02	-7.259613e-02	2.510711e-03	-7.134078e-02	7.385149e-02
211           	1.052826e+00	5.659273e-01	4.868992e-01	-6.957939e-02	-3.496467e-02	-3.461472e-02	-1.749735e-04	3.951403e-02	-7.704012e-02	2.405750e-03	-7.583724e-02	7.824299e-02
212           	1.047262e+00	5.187699e-01	5.284918e-01	-7.396842e-04	2.061660e-02	-2.135629e-02	2.098645e-02	-4.860960e-03	-7.830819e-02	2.237852e-03	-7.718926e-02	7.942712e-02
213           	1.042467e+00	4.764898e-01	5.659775e-01	6.895556e-02	7.316401e-02	-4.208448e-03	3.868623e-02	-4.474389e-02	-7.625897e-02	2.070985e-03	-7.522348e-02	7.729446e-02
214           	1.041152e+00	4.505017e-01	5.906505e-01	1.270743e-01	1.131151e-01	1.395922e-02	4.957795e-02	-7.007441e-02	-7.503948e-02	2.002151e-03	-7.403841e-02	7.604056e-02
215           	1.045189e+00	4.480439e-01	5.971448e-01	1.643642e-01	1.341140e-01	3.025019e-02	5.193189e-02	-7.455048e-02	-7.462061e-02	1.998783e-03	-7.362122e-02	7.562000e-02
216           	1.049383e+00	4.664079e-01	5.829753e-01	1.739582e-01	1.326921e-01	4.126609e-02	4.571302e-02	-5.828369e-02	-7.675842e-02	2.054129e-03	-7.573136e-02	7.778549e-02
217           	1.052043e+00	4.988180e-01	5.532254e-01	1.553008e-01	1.103039e-01	4.499689e-02	3.265352e-02	-2.720367e-02	-8.218423e-02	2.112052e-03	-8.112820e-02	8.324026e-02
218           	1.052505e+00	5.389064e-01	5.135983e-01	1.125779e-01	7.063130e-02	4.194658e-02	1.434236e-02	1.265402e-02	-8.925808e-02	2.102473e-03	-8.820684e-02	9.030931e-02
219           	1.050304e+00	5.793457e-01	4.709583e-01	5.132460e-02	1.903249e-02	3.229210e-02	-6.629804e-03	5.419374e-02	-9.510704e-02	2.013443e-03	-9.410032e-02	9.611377e-02
220           	1.046874e+00	6.118906e-01	4.349834e-01	-1.905785e-02	-3.641836e-02	1.736051e-02	-2.688943e-02	8.845359e-02	-9.305179e-02	1.885910e-03	-9.210884e-02	9.399475e-02
221           	1.045447e+00	6.288590e-01	4.165880e-01	-8.684814e-02	-8.630482e-02	-5.433231e-04	-4.288075e-02	1.061355e-01	-8.227090e-02	1.806746e-03	-8.136753e-02	8.317427e-02
222           	1.049306e+00	6.261186e-01	4.231873e-01	-1.406252e-01	-1.219060e-01	-1.871916e-02	-5.159342e-02	1.014656e-01	-6.684514e-02	1.796517e-03	-6.594688e-02	6.774340e-02
223           	1.055606e+00	6.009599e-01	4.546462e-01	-1.716708e-01	-1.376477e-01	-3.402310e-02	-5.181229e-02	7.315688e-02	-5.510299e-02	1.821994e-03	-5.419199e-02	5.601399e-02
224           	1.059973e+00	5.566725e-01	5.033003e-01	-1.751947e-01	-1.315839e-01	-4.361077e-02	-4.398658e-02	2.668610e-02	-5.369290e-02	1.821508e-03	-5.278215e-02	5.460365e-02
225           	1.061241e+00	5.016739e-01	5.595669e-01	-1.517733e-01	-1.056110e-01	-4.616230e-02	-2.972437e-02	-2.894650e-02	-6.210287e-02	1.782090e-03	-6.121182e-02	6.299391e-02
226           	1.060376e+00	4.466607e-01	6.137155e-01	-1.056087e-01	-6.388304e-02	-4.172564e-02	-1.107870e-02	-8.352743e-02	-7.451090e-02	1.665083e-03	-7.367836e-02	7.534344e-02
227           	1.055608e+00	3.993612e-01	6.562472e-01	-4.311640e-02	-1.216485e-02	-3.095155e-02	9.393347e-03	-1.284430e-01	-8.800087e-02	1.542487e-03	-8.722962e-02	8.877211e-02
228           	1.050031e+00	3.711625e-01	6.788681e-01	2.589399e-02	4.118734e-02	-1.529335e-02	2.824034e-02	-1.538528e-01	-9.499303e-02	1.455698e-03	-9.426518e-02	9.572088e-02
229           	1.046003e+00	3.698619e-01	6.761410e-01	9.025880e-02	8.737853e-02	2.880266e-03	4.224913e-02	-1.531395e-01	-8.934613e-02	1.415030e-03	-8.863862e-02	9.005365e-02
230           	1.045659e+00	3.983979e-01	6.472613e-01	1.395676e-01	1.188026e-01	2.076501e-02	4.901879e-02	-1.244317e-01	-7.514082e-02	1.439715e-03	-7.442097e-02	7.586068e-02
231           	1.046846e+00	4.523843e-01	5.944612e-01	1.662744e-01	1.310744e-01	3.520003e-02	4.793718e-02	-7.103846e-02	-6.294215e-02	1.479656e-03	-6.220232e-02	6.368198e-02
232           	1.047640e+00	5.213622e-01	5.262779e-01	1.666150e-01	1.229733e-01	4.364175e-02	3.966578e-02	-2.457860e-03	-5.949523e-02	1.474033e-03	-5.875822e-02	6.023225e-02
233           	1.047431e+00	5.941889e-01	4.532425e-01	1.415510e-01	9.629649e-02	4.525446e-02	2.552101e-02	7.047323e-02	-6.314861e-02	1.411959e-03	-6.244263e-02	6.385459e-02
234           	1.047355e+00	6.595171e-01	3.878380e-01	9.456453e-02	5.467308e-02	3.989144e-02	7.390820e-03	1.358395e-01	-7.136760e-02	1.330145e-03	-7.070252e-02	7.203267e-02
235           	1.045147e+00	7.057959e-01	3.393514e-01	3.293127e-02	4.803644e-03	2.812762e-02	-1.166199e-02	1.832223e-01	-8.083757e-02	1.242037e-03	-8.021655e-02	8.145859e-02
236           	1.043293e+00	7.253799e-01	3.179128e-01	-3.279314e-02	-4.488816e-02	1.209502e-02	-2.849159e-02	2.037336e-01	-8.345827e-02	1.238479e-03	-8.283903e-02	8.407750e-02
237           	1.043599e+00	7.135959e-01	3.300035e-01	-9.167445e-02	-8.613399e-02	-5.540463e-03	-4.029676e-02	1.917962e-01	-7.274890e-02	1.294498e-03	-7.210165e-02	7.339615e-02
238           	1.045751e+00	6.700746e-01	3.756769e-01	-1.342801e-01	-1.123097e-01	-2.197044e-02	-4.516963e-02	1.471988e-01	-5.459734e-02	1.342615e-03	-5.392604e-02	5.526865e-02
239           	1.046841e+00	5.998716e-01	4.469696e-01	-1.541938e-01	-1.198067e-01	-3.438713e-02	-4.270978e-02	7.645097e-02	-4.072752e-02	1.396618e-03	-4.002921e-02	4.142583e-02
240           	1.045891e+00	5.135445e-01	5.323470e-01	-1.498247e-01	-1.089633e-01	-4.086143e-02	-3.405093e-02	-9.401256e-03	-3.809639e-02	1.392456e-03	-3.740016e-02	3.879261e-02
241           	1.044393e+00	4.257792e-01	6.186134e-01	-1.231316e-01	-8.219644e-02	-4.093516e-02	-2.063064e-02	-9.641707e-02	-4.578722e-02	1.308791e-03	-4.513282e-02	4.644161e-02
242           	1.042036e+00	3.487282e-01	6.933080e-01	-7.837303e-02	-4.346710e-02	-3.490593e-02	-4.280589e-03	-1.722899e-01	-6.189183e-02	1.207755e-03	-6.128795e-02	6.249570e-02
243           	1.039344e+00	2.960602e-01	7.432839e-01	-2.263755e-02	8.065972e-04	-2.344415e-02	1.212537e-02	-2.236119e-01	-7.951924e-02	1.153752e-03	-7.894237e-02	8.009612e-02
244           	1.036967e+00	2.771971e-01	7.597698e-01	3.427482e-02	4.284827e-02	-8.573454e-03	2.571086e-02	-2.412864e-01	-8.991558e-02	1.151028e-03	-8.934007e-02	9.049110e-02
245           	1.036036e+00	2.970501e-01	7.389858e-01	8.281553e-02	7.578214e-02	7.033394e-03	3.437437e-02	-2.209679e-01	-8.731325e-02	1.186208e-03	-8.672014e-02	8.790635e-02
246           	1.035392e+00	3.533991e-01	6.819929e-01	1.157419e-01	9.491880e-02	2.082309e-02	3.704785e-02	-1.642969e-01	-7.461521e-02	1.251117e-03	-7.398965e-02	7.524077e-02
247           	1.033452e+00	4.363542e-01	5.970975e-01	1.287327e-01	9.817210e-02	3.056061e-02	3.380574e-02	-8.037168e-02	-6.108441e-02	1.301364e-03	-6.043372e-02	6.173509e-02
248           	1.030307e+00	5.333309e-01	4.969759e-01	1.213327e-01	8.628997e-02	3.504277e-02	2.562360e-02	1.817749e-02	-5.327371e-02	1.311871e-03	-5.261777e-02	5.392964e-02
249           	1.028379e+00	6.320365e-01	3.963427e-01	9.536976e-02	6.124254e-02	3.412722e-02	1.355766e-02	1.178469e-01	-5.238234e-02	1.266017e-03	-5.174933e-02	5.301534e-02
250           	1.028361e+00	7.170225e-01	3.113389e-01	5.484357e-02	2.691090e-02	2.793267e-02	-5.108894e-04	2.028418e-01	-5.855139e-02	1.205304e-03	-5.794874e-02	5.915404e-02
251           	1.029679e+00	7.735876e-01	2.560916e-01	7.075065e-03	-1.033919e-02	1.741426e-02	-1.387673e-02	2.587480e-01	-6.681164e-02	1.223825e-03	-6.619973e-02	6.742356e-02
252           	1.032521e+00	7.922435e-01	2.402778e-01	-3.909129e-02	-4.362177e-02	4.530478e-03	-2.407612e-02	2.759829e-01	-6.914797e-02	1.269499e-03	-6.851322e-02	6.978272e-02
253           	1.036212e+00	7.688196e-01	2.673928e-01	-7.575481e-02	-6.746622e-02	-8.288587e-03	-2.958882e-02	2.507134e-01	-6.296931e-02	1.347212e-03	-6.229571e-02	6.364292e-02
254           	1.037391e+00	7.048515e-01	3.325395e-01	-9.751030e-02	-7.861727e-02	-1.889303e-02	-2.986212e-02	1.861560e-01	-5.200644e-02	1.437219e-03	-5.128783e-02	5.272505e-02
255           	1.034701e+00	6.093182e-01	4.253829e-01	-1.022414e-01	-7.658050e-02	-2.566086e-02	-2.545982e-02	9.196768e-02	-4.172573e-02	1.483208e-03	-4.098413e-02	4.246734e-02
256           	1.030804e+00	4.976960e-01	5.331083e-01	-9.057237e-02	-6.255504e-02	-2.801733e-02	-1.726885e-02	-1.770614e-02	-3.689348e-02	1.464148e-03	-3.616141e-02	3.762555e-02
257           	1.027626e+00	3.866413e-01	6.409848e-01	-6.532518e-02	-3.940580e-02	-2.591938e-02	-6.743210e-03	-1.271717e-01	-4.081745e-02	1.411231e-03	-4.011184e-02	4.152307e-02
258           	1.025682e+00	2.919591e-01	7.337233e-01	-3.133086e-02	-1.131247e-02	-2.001839e-02	4.352960e-03	-2.208821e-01	-5.248914e-02	1.368120e-03	-5.180508e-02	5.317320e-02
259           	1.026292e+00	2.303910e-01	7.959013e-01	5.233234e-03	1.647029e-02	-1.123705e-02	1.385367e-02	-2.827551e-01	-6.620003e-02	1.335677e-03	-6.553219e-02	6.686787e-02
260           	1.028976e+00	2.119533e-01	8.170227e-01	3.816642e-02	3.930854e-02	-1.142114e-03	2.022533e-02	-3.025347e-01	-7.513199e-02	1.337474e-03	-7.446326e-02	7.580073e-02
261           	1.031566e+00	2.393911e-01	7.921752e-01	6.246903e-02	5.394296e-02	8.526068e-03	2.270844e-02	-2.763921e-01	-7.703018e-02	1.378716e-03	-7.634082e-02	7.771953e-02
262           	1.031547e+00	3.074552e-01	7.240921e-01	7.484694e-02	5.872698e-02	1.611996e-02	2.130351e-02	-2.083184e-01	-7.299010e-02	1.424091e-03	-7.227805e-02	7.370214e-02
263           	1.028613e+00	4.056050e-01	6.230080e-01	7.418381e-02	5.362071e-02	2.056310e-02	1.652881e-02	-1.087015e-01	-6.478854e-02	1.434656e-03	-6.407121e-02	6.550587e-02
264           	1.025346e+00	5.203435e-01	5.050023e-01	6.130092e-02	3.982813e-02	2.147279e-02	9.177673e-03	7.670629e-03	-5.545769e-02	1.431332e-03	-5.474203e-02	5.617336e-02
265           	1.023225e+00	6.374560e-01	3.857687e-01	3.911348e-02	2.007948e-02	1.903401e-02	5.227348e-04	1.258437e-01	-5.024313e-02	1.402328e-03	-4.954196e-02	5.094429e-02
266           	1.023452e+00	7.392431e-01	2.842086e-01	1.238316e-02	-1.426989e-03	1.381015e-02	-7.618568e-03	2.275173e-01	-5.077838e-02	1.383651e-03	-5.008655e-02	5.147020e-02
267           	1.026545e+00	8.102404e-01	2.163046e-01	-1.379028e-02	-2.055942e-02	6.769140e-03	-1.366428e-02	2.969679e-01	-5.373555e-02	1.400209e-03	-5.303544e-02	5.443565e-02
268           	1.030903e+00	8.380963e-01	1.928069e-01	-3.505669e-02	-3.420425e-02	-8.524305e-04	-1.667591e-02	3.226447e-01	-5.573886e-02	1.432246e-03	-5.502273e-02	5.645498e-02
269           	1.033954e+00	8.166901e-01	2.172638e-01	-4.823133e-02	-4.056773e-02	-7.663600e-03	-1.645207e-02	2.997131e-01	-5.591873e-02	1.496820e-03	-5.517032e-02	5.666714e-02
270           	1.034302e+00	7.495627e-01	2.847389e-01	-5.154083e-02	-3.907623e-02	-1.246460e-02	-1.330581e-02	2.324119e-01	-5.385780e-02	1.545161e-03	-5.308522e-02	5.463038e-02
271           	1.031457e+00	6.474893e-01	3.839676e-01	-4.520098e-02	-3.068961e-02	-1.451137e-02	-8.089119e-03	1.317608e-01	-5.082045e-02	1.569327e-03	-5.003579e-02	5.160512e-02
272           	1.027594e+00	5.267506e-01	5.008432e-01	-3.158136e-02	-1.776575e-02	-1.381561e-02	-1.975066e-03	1.295370e-02	-4.740945e-02	1.571454e-03	-4.662372e-02	4.819518e-02
273           	1.024304e+00	4.033769e-01	6.209271e-01	-1.438587e-02	-3.330075e-03	-1.105580e-02	3.862863e-03	-1.087751e-01	-4.766029e-02	1.559238e-03	-4.688067e-02	4.843991e-02
274           	1.023476e+00	2.961962e-01	7.272798e-01	2.583774e-03	9.501589e-03	-6.917816e-03	8.209703e-03	-2.155418e-01	-5.242130e-02	1.547851e-03	-5.164737e-02	5.319522e-02
275           	1.024476e+00	2.203906e-01	8.040857e-01	1.640259e-02	1.849857e-02	-2.095984e-03	1.029728e-02	-2.918476e-01	-6.005938e-02	1.537172e-03	-5.929079e-02	6.082797e-02
276           	1.026758e+00	1.873842e-01	8.393741e-01	2.516773e-02	2.259673e-02	2.571001e-03	1.001286e-02	-3.259949e-01	-6.846793e-02	1.542748e-03	-6.769656e-02	6.923930e-02
277           	1.029199e+00	2.023606e-01	8.268383e-01	2.772576e-02	2.140913e-02	6.316622e-03	7.546256e-03	-3.122389e-01	-7.587435e-02	1.557075e-03	-7.509582e-02	7.665289e-02
278           	1.030019e+00	2.616485e-01	7.683704e-01	2.374102e-02	1.543540e-02	8.305627e-03	3.564885e-03	-2.533610e-01	-8.006485e-02	1.575555e-03	-7.927707e-02	8.085262e-02
279           	1.029140e+00	3.547710e-01	6.743690e-01	1.493797e-02	6.688437e-03	8.249533e-03	-7.805480e-04	-1.597990e-01	-8.032631e-02	1.573646e-03	-7.953949e-02	8.111314e-02
280           	1.027913e+00	4.681403e-01	5.597725e-01	4.437994e-03	-2.236688e-03	6.674682e-03	-4.455685e-03	-4.581612e-02	-7.637662e-02	1.572448e-03	-7.559040e-02	7.716285e-02
281           	1.026663e+00	5.875750e-01	4.390880e-01	-4.577728e-03	-8.958934e-03	4.381206e-03	-6.670070e-03	7.424351e-02	-7.080947e-02	1.567588e-03	-7.002568e-02	7.159326e-02
282           	1.025783e+00	6.968291e-01	3.289543e-01	-1.011952e-02	-1.198115e-02	1.861629e-03	-6.921387e-03	1.839374e-01	-6.631357e-02	1.578835e-03	-6.552415e-02	6.710299e-02
283           	1.025479e+00	7.808534e-01	2.446253e-01	-1.140425e-02	-1.101011e-02	-3.941456e-04	-5.307980e-03	2.681140e-01	-6.497000e-02	1.588564e-03	-6.417572e-02	6.576428e-02
284           	1.026812e+00	8.269961e-01	1.998161e-01	-8.444368e-03	-6.448409e-03	-1.995959e-03	-2.226225e-03	3.135900e-01	-6.601833e-02	1.622880e-03	-6.520689e-02	6.682977e-02
285           	1.027568e+00	8.289796e-01	1.985885e-01	-1.755710e-03	7.226114e-04	-2.478321e-03	1.600466e-03	3.151956e-01	-6.991411e-02	1.649923e-03	-6.908915e-02	7.073907e-02
286           	1.027625e+00	7.876607e-01	2.399645e-01	6.800088e-03	8.521675e-03	-1.721587e-03	5.121631e-03	2.738481e-01	-7.472497e-02	1.644220e-03	-7.390286e-02	7.554708e-02
287           	1.027268e+00	7.109721e-01	3.162962e-01	1.448336e-02	1.471470e-02	-2.313402e-04	7.473021e-03	1.973380e-01	-7.864624e-02	1.631373e-03	-7.783055e-02	7.946193e-02
288           	1.026602e+00	6.106164e-01	4.159858e-01	1.879013e-02	1.743979e-02	1.350343e-03	8.044723e-03	9.731530e-02	-8.098427e-02	1.623996e-03	-8.017227e-02	8.179626e-02
289           	1.024659e+00	4.988922e-01	5.257671e-01	1.839882e-02	1.580349e-02	2.595323e-03	6.604086e-03	-1.343745e-02	-8.228101e-02	1.643452e-03	-8.145929e-02	8.310274e-02
290           	1.021985e+00	3.896566e-01	6.323283e-01	1.346850e-02	1.020854e-02	3.259959e-03	3.474291e-03	-1.213358e-01	-8.298087e-02	1.648457e-03	-8.215664e-02	8.380510e-02
291           	1.019652e+00	2.962868e-01	7.233657e-01	4.783271e-03	1.585423e-03	3.197848e-03	-8.062121e-04	-2.135395e-01	-8.529801e-02	1.671402e-03	-8.446231e-02	8.613371e-02
292           	1.019005e+00	2.331358e-01	7.858696e-01	-6.370587e-03	-8.578553e-03	2.207966e-03	-5.393260e-03	-2.763669e-01	-8.928268e-02	1.682155e-03	-8.844160e-02	9.012376e-02
293           	1.020039e+00	2.090433e-01	8.109954e-01	-1.806089e-02	-1.828711e-02	2.262172e-04	-9.256664e-03	-3.009761e-01	-9.613890e-02	1.673255e-03	-9.530227e-02	9.697552e-02
294           	1.022269e+00	2.268879e-01	7.953808e-01	-2.773551e-02	-2.537320e-02	-2.362305e-03	-1.150545e-02	-2.842464e-01	-1.045531e-01	1.615985e-03	-1.037451e-01	1.053611e-01
295           	1.024224e+00	2.826208e-01	7.416032e-01	-3.274083e-02	-2.799152e-02	-4.749309e-03	-1.162111e-02	-2.294912e-01	-1.126641e-01	1.566847e-03	-1.118807e-01	1.134475e-01
296           	1.025056e+00	3.666292e-01	6.584267e-01	-3.169926e-02	-2.538360e-02	-6.315653e-03	-9.533976e-03	-1.458988e-01	-1.184327e-01	1.538486e-03	-1.176635e-01	1.192020e-01
297           	1.024156e+00	4.677056e-01	5.564506e-01	-2.485971e-02	-1.798187e-02	-6.877839e-03	-5.552015e-03	-4.437250e-02	-1.219780e-01	1.511184e-03	-1.212224e-01	1.227336e-01
298           	1.021516e+00	5.733608e-01	4.481549e-01	-1.358803e-02	-7.200171e-03	-6.387856e-03	-4.061574e-04	6.260294e-02	-1.220371e-01	1.498166e-03	-1.212880e-01	1.227862e-01
299           	1.018208e+00	6.703563e-01	3.478520e-01	2.652422e-04	5.092369e-03	-4.827127e-03	4.959748e-03	1.612521e-01	-1.186818e-01	1.521740e-03	-1.179210e-01	1.194427e-01
300           	1.015910e+00	7.463696e-01	2.695399e-01	1.452424e-02	1.691285e-02	-2.388608e-03	9.650730e-03	2.384149e-01	-1.139562e-01	1.534769e-03	-1.131888e-01	1.147236e-01
301           	1.015689e+00	7.926945e-01	2.229948e-01	2.716495e-02	2.652950e-02	6.354413e-04	1.294703e-02	2.848498e-01	-1.120106e-01	1.525434e-03	-1.112479e-01	1.127734e-01
302           	1.017651e+00	8.022808e-01	2.153700e-01	3.614319e-02	3.213339e-02	4.009807e-03	1.406179e-02	2.934554e-01	-1.147916e-01	1.515757e-03	-1.140337e-01	1.155495e-01
303           	1.019161e+00	7.728496e-01	2.463117e-01	3.949617e-02	3.245170e-02	7.044476e-03	1.270361e-02	2.632689e-01	-1.210438e-01	1.472567e-03	-1.203076e-01	1.217801e-01
304           	1.019188e+00	7.090214e-01	3.101665e-01	3.629219e-02	2.732722e-02	8.964972e-03	9.181122e-03	1.994275e-01	-1.290102e-01	1.441433e-03	-1.282894e-01	1.297309e-01
305           	1.017685e+00	6.201775e-01	3.975072e-01	2.725183e-02	1.774628e-02	9.505550e-03	4.120363e-03	1.113351e-01	-1.377014e-01	1.417037e-03	-1.369928e-01	1.384099e-01
306           	1.015316e+00	5.173812e-01	4.979347e-01	1.408482e-02	5.276788e-03	8.808029e-03	-1.765621e-03	9.723260e-03	-1.453553e-01	1.413615e-03	-1.446485e-01	1.460621e-01
307           	1.012318e+00	4.144355e-01	5.978820e-01	-8.808664e-04	-7.834692e-03	6.953825e-03	-7.394259e-03	-9.172322e-02	-1.463376e-01	1.403780e-03	-1.456357e-01	1.470395e-01
308           	1.009836e+00	3.253941e-01	6.844418e-01	-1.543485e-02	-1.956607e-02	4.131215e-03	-1.184864e-02	-1.795239e-01	-1.413616e-01	1.401704e-03	-1.406608e-01	1.420625e-01
309           	1.010255e+00	2.629971e-01	7.472576e-01	-2.793894e-02	-2.835858e-02	4.196404e-04	-1.438911e-02	-2.421303e-01	-1.363558e-01	1.387344e-03	-1.356621e-01	1.370495e-01
310           	1.012068e+00	2.344091e-01	7.776590e-01	-3.687212e-02	-3.315341e-02	-3.718708e-03	-1.471735e-02	-2.716249e-01	-1.352760e-01	1.356591e-03	-1.345977e-01	1.359543e-01
311           	1.013966e+00	2.422201e-01	7.717459e-01	-4.063810e-02	-3.314994e-02	-7.488160e-03	-1.283089e-02	-2.647629e-01	-1.400317e-01	1.321520e-03	-1.393709e-01	1.406924e-01
312           	1.015508e+00	2.846031e-01	7.309047e-01	-3.837772e-02	-2.826247e-02	-1.011525e-02	-9.073608e-03	-2.231508e-01	-1.497819e-01	1.286847e-03	-1.491384e-01	1.504253e-01
313           	1.016403e+00	3.542807e-01	6.621227e-01	-3.069991e-02	-1.957756e-02	-1.112235e-02	-4.227608e-03	-1.539210e-01	-1.612225e-01	1.274283e-03	-1.605853e-01	1.618596e-01
314           	1.015503e+00	4.414897e-01	5.740133e-01	-1.937658e-02	-8.657942e-03	-1.071863e-02	1.030346e-03	-6.626178e-02	-1.705231e-01	1.259343e-03	-1.698934e-01	1.711528e-01
315           	1.012660e+00	5.349262e-01	4.777340e-01	-6.263360e-03	2.866694e-03	-9.130054e-03	5.998374e-03	2.859609e-02	-1.716667e-01	1.262088e-03	-1.710356e-01	1.722977e-01
316           	1.009236e+00	6.235423e-01	3.856941e-01	7.420221e-03	1.368885e-02	-6.268633e-03	9.978743e-03	1.189241e-01	-1.632274e-01	1.254580e-03	-1.626002e-01	1.638547e-01
317           	1.006212e+00	6.961515e-01	3.100605e-01	2.050055e-02	2.274240e-02	-2.241851e-03	1.249212e-02	1.930455e-01	-1.494172e-01	1.241844e-03	-1.487963e-01	1.500381e-01
318           	1.004384e+00	7.434986e-01	2.608852e-01	3.133688e-02	2.888599e-02	2.450887e-03	1.321755e-02	2.413067e-01	-1.373739e-01	1.204626e-03	-1.367715e-01	1.379762e-01
319           	1.003984e+00	7.594746e-01	2.445098e-01	3.805510e-02	3.104635e-02	7.008747e-03	1.201880e-02	2.574824e-01	-1.327641e-01	1.148872e-03	-1.321897e-01	1.333385e-01
320           	1.004510e+00	7.420553e-01	2.624550e-01	3.932784e-02	2.878652e-02	1.054131e-02	9.122605e-03	2.398002e-01	-1.362479e-01	1.069660e-03	-1.357130e-01	1.367827e-01
321           	1.005212e+00	6.936048e-01	3.116071e-01	3.507805e-02	2.266557e-02	1.241248e-02	5.126542e-03	1.909989e-01	-1.452037e-01	1.016510e-03	-1.446955e-01	1.457120e-01
322           	1.005179e+00	6.206691e-01	3.845096e-01	2.632387e-02	1.381994e-02	1.250392e-02	6.580101e-04	1.180797e-01	-1.546643e-01	9.888264e-04	-1.541699e-01	1.551587e-01
323           	1.004172e+00	5.327994e-01	4.713729e-01	1.443146e-02	3.493831e-03	1.093763e-02	-3.721898e-03	3.071328e-02	-1.592760e-01	9.827876e-04	-1.587846e-01	1.597674e-01
324           	1.001431e+00	4.404727e-01	5.609587e-01	7.643445e-04	-7.090610e-03	7.854955e-03	-7.472783e-03	-6.024297e-02	-1.535319e-01	9.815809e-04	-1.530412e-01	1.540227e-01
325           	9.979952e-01	3.562597e-01	6.417355e-01	-1.298076e-02	-1.660316e-02	3.622399e-03	-1.011278e-02	-1.427379e-01	-1.401728e-01	9.829770e-04	-1.396814e-01	1.406643e-01
326           	9.954416e-01	2.921793e-01	7.032623e-01	-2.490678e-02	-2.374669e-02	-1.160088e-03	-1.129330e-02	-2.055415e-01	-1.271941e-01	9.820839e-04	-1.267030e-01	1.276851e-01
327           	9.946486e-01	2.569182e-01	7.377303e-01	-3.337800e-02	-2.764124e-02	-5.736756e-03	-1.095224e-02	-2.404061e-01	-1.217321e-01	9.647698e-04	-1.212498e-01	1.222145e-01
328           	9.952905e-01	2.546151e-01	7.406753e-01	-3.719640e-02	-2.787715e-02	-9.319254e-03	-9.278946e-03	-2.430301e-01	-1.257578e-01	9.434807e-04	-1.252860e-01	1.262295e-01
329           	9.965736e-01	2.850691e-01	7.115045e-01	-3.611527e-02	-2.476376e-02	-1.135151e-02	-6.706128e-03	-2.132177e-01	-1.362269e-01	9.163731e-04	-1.357687e-01	1.366851e-01
330           	9.973973e-01	3.439428e-01	6.534546e-01	-3.074510e-02	-1.909068e-02	-1.165442e-02	-3.718132e-03	-1.547559e-01	-1.478760e-01	8.956208e-04	-1.474282e-01	1.483238e-01
331           	9.968068e-01	4.229054e-01	5.739014e-01	-2.221548e-02	-1.180883e-02	-1.040665e-02	-7.010872e-04	-7.549802e-02	-1.548433e-01	8.814785e-04	-1.544025e-01	1.552840e-01
332           	9.941916e-01	5.112277e-01	4.829640e-01	-1.162379e-02	-3.698292e-03	-7.925498e-03	2.113603e-03	1.413185e-02	-1.514240e-01	8.997253e-04	-1.509741e-01	1.518739e-01
333           	9.900116e-01	5.967892e-01	3.932225e-01	-1.140376e-04	4.423876e-03	-4.537914e-03	4.480895e-03	1.017834e-01	-1.363477e-01	8.879844e-04	-1.359037e-01	1.367917e-01
334           	9.861984e-01	6.679579e-01	3.182404e-01	1.108057e-02	1.175344e-02	-6.728657e-04	6.213152e-03	1.748588e-01	-1.168438e-01	8.675607e-04	-1.164101e-01	1.172776e-01
335           	9.840368e-01	7.152792e-01	2.687576e-01	2.083118e-02	1.763613e-02	3.195056e-03	7.220536e-03	2.232608e-01	-1.020567e-01	8.466863e-04	-1.016334e-01	1.024801e-01
336           	9.838391e-01	7.328347e-01	2.510044e-01	2.821133e-02	2.163911e-02	6.572223e-03	7.533444e-03	2.409151e-01	-9.723065e-02	8.041199e-04	-9.682859e-02	9.763271e-02
337           	9.850341e-01	7.182543e-01	2.667798e-01	3.259674e-02	2.356077e-02	9.035968e-03	7.262400e-03	2.257372e-01	-1.013409e-01	7.531116e-04	-1.009644e-01	1.017175e-01
338           	9.865667e-01	6.727258e-01	3.138409e-01	3.383307e-02	2.352316e-02	1.030991e-02	6.606628e-03	1.794425e-01	-1.108236e-01	7.195565e-04	-1.104638e-01	1.111834e-01
339           	9.870928e-01	6.019863e-01	3.851065e-01	3.206213e-02	2.161303e-02	1.044910e-02	5.581963e-03	1.084399e-01	-1.193628e-01	6.955377e-04	-1.190150e-01	1.197105e-01
340           	9.864153e-01	5.165091e-01	4.699062e-01	2.739429e-02	1.777994e-02	9.614352e-03	4.082794e-03	2.330148e-02	-1.211106e-01	7.005167e-04	-1.207603e-01	1.214608e-01
341           	9.846881e-01	4.287749e-01	5.559131e-01	1.992840e-02	1.203592e-02	7.892480e-03	2.071721e-03	-6.356909e-02	-1.124992e-01	7.076957e-04	-1.121454e-01	1.128531e-01
342           	9.825706e-01	3.516878e-01	6.308828e-01	1.001719e-02	4.646121e-03	5.371070e-03	-3.624748e-04	-1.395975e-01	-9.733780e-02	7.421164e-04	-9.696674e-02	9.770886e-02
343           	9.810604e-01	2.959519e-01	6.851085e-01	-1.543356e-03	-3.745854e-03	2.202498e-03	-2.974176e-03	-1.945783e-01	-8.442997e-02	7.931749e-04	-8.403338e-02	8.482656e-02
344           	9.809372e-01	2.684914e-01	7.124458e-01	-1.361383e-02	-1.232606e-02	-1.287774e-03	-5.519142e-03	-2.219772e-01	-8.002591e-02	8.161876e-04	-7.961782e-02	8.043400e-02
345           	9.820898e-01	2.723506e-01	7.097392e-01	-2.486959e-02	-2.023275e-02	-4.636837e-03	-7.797958e-03	-2.186943e-01	-8.482192e-02	7.862345e-04	-8.442880e-02	8.521503e-02
346           	9.835331e-01	3.069945e-01	6.765386e-01	-3.417189e-02	-2.670866e-02	-7.463234e-03	-9.622713e-03	-1.847721e-01	-9.619463e-02	7.505240e-04	-9.581937e-02	9.656989e-02
347           	9.844531e-01	3.677626e-01	6.166906e-01	-4.036570e-02	-3.085313e-02	-9.512569e-03	-1.067028e-02	-1.244640e-01	-1.087987e-01	7.106493e-04	-1.084434e-01	1.091540e-01
348           	9.849087e-01	4.457437e-01	5.391650e-01	-4.240119e-02	-3.176015e-02	-1.064104e-02	-1.055956e-02	-4.671068e-02	-1.152373e-01	6.614742e-04	-1.149065e-01	1.155680e-01
349           	9.851192e-01	5.289831e-01	4.561361e-01	-3.941308e-02	-2.868896e-02	-1.072412e-02	-8.982420e-03	3.642349e-02	-1.109849e-01	6.463651e-04	-1.106617e-01	1.113081e-01
350           	9.846449e-01	6.046814e-01	3.799635e-01	-3.097531e-02	-2.142466e-02	-9.550644e-03	-5.937010e-03	1.123590e-01	-9.628086e-02	6.487422e-04	-9.595649e-02	9.660524e-02
351           	9.835546e-01	6.620769e-01	3.214776e-01	-1.765985e-02	-1.063127e-02	-7.028586e-03	-1.801340e-03	1.702997e-01	-7.851617e-02	6.670556e-04	-7.818264e-02	7.884969e-02
352           	9.828405e-01	6.944757e-01	2.883647e-01	-1.015909e-03	2.389878e-03	-3.405787e-03	2.897832e-03	2.030555e-01	-6.574576e-02	6.729106e-04	-6.540930e-02	6.608221e-02
353           	9.828290e-01	6.983265e-01	2.845025e-01	1.694333e-02	1.610756e-02	8.357711e-04	7.635894e-03	2.069120e-01	-6.295890e-02	6.387171e-04	-6.263954e-02	6.327826e-02
354           	9.829779e-01	6.724717e-01	3.105062e-01	3.407460e-02	2.881515e-02	5.259452e-03	1.177785e-02	1.809828e-01	-7.029611e-02	6.145227e-04	-6.998885e-02	7.060337e-02
355           	9.832901e-01	6.203315e-01	3.629587e-01	4.794588e-02	3.859473e-02	9.351148e-03	1.462179e-02	1.286864e-01	-8.271426e-02	5.612999e-04	-8.243361e-02	8.299491e-02
356           	9.841343e-01	5.504216e-01	4.337127e-01	5.609625e-02	4.356741e-02	1.252884e-02	1.551929e-02	5.835446e-02	-9.214811e-02	5.278724e-04	-9.188418e-02	9.241205e-02
357           	9.857080e-01	4.748579e-01	5.108501e-01	5.668108e-02	4.240734e-02	1.427374e-02	1.406680e-02	-1.799613e-02	-9.335757e-02	5.363956e-04	-9.308938e-02	9.362577e-02
358           	9.869432e-01	4.051563e-01	5.817869e-01	4.885966e-02	3.468531e-02	1.417435e-02	1.025548e-02	-8.831531e-02	-8.634979e-02	5.702912e-04	-8.606465e-02	8.663494e-02
359           	9.868928e-01	3.502861e-01	6.366068e-01	3.332997e-02	2.131838e-02	1.201159e-02	4.653395e-03	-1.431603e-01	-7.436625e-02	6.000762e-04	-7.406622e-02	7.466629e-02
360           	9.864166e-01	3.169561e-01	6.694605e-01	1.221683e-02	4.161434e-03	8.055394e-03	-1.946980e-03	-1.762522e-01	-6.368025e-02	6.419410e-04	-6.335928e-02	6.400122e-02
361           	9.858170e-01	3.089816e-01	6.768354e-01	-1.167722e-02	-1.451194e-02	2.834724e-03	-8.673334e-03	-1.839269e-01	-6.107091e-02	6.307002e-04	-6.075556e-02	6.138626e-02
362           	9.853993e-01	3.278088e-01	6.575905e-01	-3.533302e-02	-3.225875e-02	-3.074272e-03	-1.459224e-02	-1.648909e-01	-6.907481e-02	5.758889e-04	-6.878686e-02	6.936275e-02
363           	9.858562e-01	3.709949e-01	6.148614e-01	-5.524376e-02	-4.629851e-02	-8.945244e-03	-1.867663e-02	-1.219332e-01	-8.307537e-02	4.951827e-04	-8.282778e-02	8.332296e-02
364           	9.880389e-01	4.320570e-01	5.559819e-01	-6.784301e-02	-5.404403e-02	-1.379898e-02	-2.012253e-02	-6.196244e-02	-9.541554e-02	4.250243e-04	-9.520303e-02	9.562805e-02
365           	9.916037e-01	5.005943e-01	4.910094e-01	-7.040667e-02	-5.365061e-02	-1.675606e-02	-1.844728e-02	4.792465e-03	-1.002105e-01	3.923633e-04	-1.000143e-01	1.004067e-01
366           	9.951594e-01	5.650837e-01	4.300757e-01	-6.200324e-02	-4.475597e-02	-1.724727e-02	-1.375435e-02	6.750398e-02	-9.673049e-02	3.763593e-04	-9.654231e-02	9.691867e-02
367           	9.971675e-01	6.164111e-01	3.807563e-01	-4.363549e-02	-2.849017e-02	-1.514532e-02	-6.672424e-03	1.178274e-01	-8.588868e-02	3.980492e-04	-8.568965e-02	8.608770e-02
368           	9.967093e-01	6.481903e-01	3.485190e-01	-1.794418e-02	-7.256394e-03	-1.068779e-02	1.715696e-03	1.498356e-01	-7.302286e-02	4.176212e-04	-7.281405e-02	7.323167e-02
369           	9.944101e-01	6.570122e-01	3.373979e-01	1.118540e-02	1.557193e-02	-4.386530e-03	9.979232e-03	1.598071e-01	-6.621088e-02	4.195368e-04	-6.600111e-02	6.642065e-02
370           	9.912517e-01	6.426489e-01	3.486028e-01	4.015486e-02	3.726950e-02	2.885367e-03	1.719207e-02	1.470231e-01	-6.854845e-02	3.873521e-04	-6.835477e-02	6.874212e-02
371           	9.897118e-01	6.085695e-01	3.811423e-01	6.423499e-02	5.402199e-02	1.021300e-02	2.190450e-02	1.137136e-01	-7.788076e-02	3.383287e-04	-7.771160e-02	7.804993e-02
372           	9.906666e-01	5.612433e-01	4.294232e-01	7.892562e-02	6.262163e-02	1.630399e-02	2.315882e-02	6.591005e-02	-8.770949e-02	3.049373e-04	-8.755702e-02	8.786196e-02
373           	9.936743e-01	5.085729e-01	4.851015e-01	8.124264e-02	6.130673e-02	1.993590e-02	2.068542e-02	1.173570e-02	-9.342739e-02	3.252153e-04	-9.326479e-02	9.359000e-02
374           	9.974329e-01	4.585089e-01	5.389240e-01	7.080828e-02	5.026743e-02	2.054085e-02	1.486329e-02	-4.020754e-02	-9.362055e-02	3.774665e-04	-9.343182e-02	9.380929e-02
375           	1.000169e+00	4.172954e-01	5.828741e-01	4.939391e-02	3.124133e-02	1.815258e-02	6.544372e-03	-8.278934e-02	-8.904909e-02	4.631128e-04	-8.881753e-02	8.928065e-02
376           	1.000100e+00	3.886002e-01	6.114996e-01	2.012298e-02	7.071971e-03	1.305101e-02	-2.989521e-03	-1.114497e-01	-8.171548e-02	5.282874e-04	-8.145134e-02	8.197962e-02
377           	9.979443e-01	3.757231e-01	6.222213e-01	-1.300761e-02	-1.882100e-02	5.813391e-03	-1.231720e-02	-1.232491e-01	-7.663480e-02	5.506709e-04	-7.635947e-02	7.691014e-02
378           	9.954463e-01	3.801995e-01	6.152468e-01	-4.523660e-02	-4.258509e-02	-2.651510e-03	-1.996679e-02	-1.175236e-01	-7.796621e-02	5.369663e-04	-7.769772e-02	7.823469e-02
379           	9.946228e-01	4.007599e-01	5.938629e-01	-7.131436e-02	-6.026049e-02	-1.105386e-02	-2.460332e-02	-9.655153e-02	-8.533357e-02	4.993678e-04	-8.508389e-02	8.558326e-02
380           	9.965436e-01	4.336586e-01	5.628850e-01	-8.657407e-02	-6.866184e-02	-1.791223e-02	-2.537481e-02	-6.461316e-02	-9.447212e-02	4.633148e-04	-9.424046e-02	9.470377e-02
381           	1.000963e+00	4.737532e-01	5.272099e-01	-8.829631e-02	-6.633289e-02	-2.196342e-02	-2.218473e-02	-2.672835e-02	-1.013329e-01	4.288441e-04	-1.011185e-01	1.015474e-01
382           	1.006178e+00	5.147461e-01	4.914321e-01	-7.638821e-02	-5.374693e-02	-2.264128e-02	-1.555282e-02	1.165698e-02	-1.037927e-01	4.460309e-04	-1.035697e-01	1.040158e-01
383           	1.009520e+00	5.496925e-01	4.598271e-01	-5.288340e-02	-3.291588e-02	-1.996753e-02	-6.474175e-03	4.493272e-02	-1.026675e-01	4.902654e-04	-1.024224e-01	1.029127e-01
384           	1.009320e+00	5.741661e-01	4.351538e-01	-2.106942e-02	-6.790766e-03	-1.427865e-02	3.743942e-03	6.950614e-02	-9.792069e-02	5.199398e-04	-9.766072e-02	9.818066e-02
385           	1.006151e+00	5.865194e-01	4.196320e-01	1.466109e-02	2.088107e-02	-6.219973e-03	1.355052e-02	8.344370e-02	-9.132712e-02	5.346726e-04	-9.105979e-02	9.159446e-02
386           	1.001720e+00	5.867922e-01	4.149277e-01	4.896789e-02	4.582303e-02	3.144857e-03	2.133909e-02	8.593226e-02	-8.723580e-02	5.384106e-04	-8.696659e-02	8.750500e-02
387           	9.984250e-01	5.774642e-01	4.209609e-01	7.620168e-02	6.386471e-02	1.233697e-02	2.576387e-02	7.825165e-02	-8.802716e-02	5.276469e-04	-8.776334e-02	8.829099e-02
388           	9.978930e-01	5.613862e-01	4.365067e-01	9.176192e-02	7.197978e-02	1.978214e-02	2.609882e-02	6.243975e-02	-9.232092e-02	5.034733e-04	-9.206919e-02	9.257266e-02
389           	1.000363e+00	5.408116e-01	4.595516e-01	9.325203e-02	6.896046e-02	2.429157e-02	2.233444e-02	4.062996e-02	-9.677223e-02	5.157704e-04	-9.651434e-02	9.703011e-02
390           	1.004111e+00	5.181237e-01	4.859873e-01	8.056578e-02	5.543405e-02	2.513173e-02	1.515116e-02	1.606822e-02	-1.005593e-01	5.744798e-04	-1.002720e-01	1.008465e-01
391           	1.007112e+00	4.965985e-01	5.105137e-01	5.570955e-02	3.349753e-02	2.221202e-02	5.642757e-03	-6.957582e-03	-1.023966e-01	6.589397e-04	-1.020671e-01	1.027261e-01
392           	1.008402e+00	4.783920e-01	5.300096e-01	2.235436e-02	6.350659e-03	1.600370e-02	-4.826521e-03	-2.580881e-02	-1.010649e-01	7.270666e-04	-1.007014e-01	1.014284e-01
393           	1.007385e+00	4.641122e-01	5.432726e-01	-1.478831e-02	-2.208116e-02	7.292854e-03	-1.468701e-02	-3.958016e-02	-9.570742e-02	7.769390e-04	-9.531895e-02	9.609589e-02
394           	1.004884e+00	4.545193e-01	5.503648e-01	-5.022040e-02	-4.751844e-02	-2.701958e-03	-2.240824e-02	-4.792274e-02	-8.957082e-02	7.867344e-04	-8.917745e-02	8.996419e-02
395           	1.002709e+00	4.500395e-01	5.526692e-01	-7.844238e-02	-6.596399e-02	-1.247840e-02	-2.674280e-02	-5.131488e-02	-8.668710e-02	7.866220e-04	-8.629379e-02	8.708041e-02
396           	1.002952e+00	4.513451e-01	5.516068e-01	-9.510372e-02	-7.454002e-02	-2.056370e-02	-2.698816e-02	-5.013087e-02	-8.772576e-02	7.875594e-04	-8.733198e-02	8.811954e-02
397           	1.005737e+00	4.580869e-01	5.476504e-01	-9.754960e-02	-7.184714e-02	-2.570246e-02	-2.307234e-02	-4.478176e-02	-9.137021e-02	7.670521e-04	-9.098669e-02	9.175374e-02
398           	1.009693e+00	4.684075e-01	5.412853e-01	-8.505145e-02	-5.814714e-02	-2.690431e-02	-1.562141e-02	-3.643890e-02	-9.656423e-02	7.850132e-04	-9.617173e-02	9.695674e-02
399           	1.013106e+00	4.798735e-01	5.332324e-01	-5.936827e-02	-3.549651e-02	-2.387176e-02	-5.812378e-03	-2.667944e-02	-1.004643e-01	7.944513e-04	-1.000671e-01	1.008615e-01
400           	1.014806e+00	4.911589e-01	5.236473e-01	-2.448066e-02	-7.347896e-03	-1.713276e-02	4.892434e-03	-1.624418e-02	-1.011559e-01	8.008194e-04	-1.007555e-01	1.015564e-01
401           	1.013791e+00	5.021390e-01	5.116519e-01	1.447745e-02	2.217133e-02	-7.693879e-03	1.493260e-02	-4.756459e-03	-9.671908e-02	8.209339e-04	-9.630861e-02	9.712954e-02
402           	1.010054e+00	5.127870e-01	4.972675e-01	5.163899e-02	4.858282e-02	3.056169e-03	2.276333e-02	7.759769e-03	-8.839943e-02	8.200858e-04	-8.798939e-02	8.880947e-02
403           	1.005779e+00	5.234267e-01	4.823523e-01	8.107490e-02	6.749433e-02	1.358057e-02	2.695688e-02	2.053720e-02	-8.048963e-02	8.042920e-04	-8.008748e-02	8.089177e-02
404           	1.003169e+00	5.342596e-01	4.689090e-01	9.877184e-02	7.644484e-02	2.232701e-02	2.705891e-02	3.267531e-02	-7.575300e-02	7.833044e-04	-7.536135e-02	7.614466e-02
405           	1.002840e+00	5.445432e-01	4.582970e-01	1.020023e-01	7.398799e-02	2.801427e-02	2.298686e-02	4.312308e-02	-7.544602e-02	7.699999e-04	-7.506102e-02	7.583102e-02
406           	1.005055e+00	5.532180e-01	4.518369e-01	8.948100e-02	5.999212e-02	2.948888e-02	1.525162e-02	5.069052e-02	-7.830241e-02	7.711790e-04	-7.791682e-02	7.868800e-02
407           	1.008567e+00	5.587794e-01	4.497876e-01	6.296804e-02	3.667691e-02	2.629114e-02	5.192884e-03	5.449591e-02	-8.150645e-02	8.073511e-04	-8.110277e-02	8.191012e-02
408           	1.011969e+00	5.595991e-01	4.523697e-01	2.697606e-02	7.921428e-03	1.905463e-02	-5.566603e-03	5.361470e-02	-8.216560e-02	8.163992e-04	-8.175740e-02	8.257380e-02
409           	1.013930e+00	5.539123e-01	4.600174e-01	-1.268235e-02	-2.179083e-02	9.108475e-03	-1.544965e-02	4.694749e-02	-7.877179e-02	8.510493e-04	-7.834626e-02	7.919731e-02
410           	1.013048e+00	5.403601e-01	4.726876e-01	-4.987702e-02	-4.787207e-02	-2.004946e-03	-2.293356e-02	3.383625e-02	-7.109596e-02	8.700063e-04	-7.066095e-02	7.153096e-02
411           	1.011058e+00	5.209141e-01	4.901436e-01	-7.904397e-02	-6.623629e-02	-1.280768e-02	-2.671431e-02	1.538527e-02	-6.159358e-02	8.703007e-04	-6.115843e-02	6.202873e-02
412           	1.009462e+00	4.981413e-01	5.113205e-01	-9.635551e-02	-7.459237e-02	-2.176314e-02	-2.641461e-02	-6.589598e-03	-5.504452e-02	8.608145e-04	-5.461411e-02	5.547493e-02
413           	1.009413e+00	4.748213e-01	5.345913e-01	-9.935337e-02	-7.185508e-02	-2.749829e-02	-2.217840e-02	-2.988502e-02	-5.435435e-02	8.433108e-04	-5.393270e-02	5.477601e-02
414           	1.011330e+00	4.535171e-01	5.578124e-01	-8.749902e-02	-5.838908e-02	-2.910994e-02	-1.463957e-02	-5.214765e-02	-5.811459e-02	8.143172e-04	-5.770743e-02	5.852175e-02
415           	1.015206e+00	4.378221e-01	5.773837e-01	-6.245840e-02	-3.631624e-02	-2.614216e-02	-5.087038e-03	-6.978081e-02	-6.393501e-02	7.770694e-04	-6.354647e-02	6.432354e-02
416           	1.019078e+00	4.302262e-01	5.888514e-01	-2.867722e-02	-9.420158e-03	-1.925706e-02	4.918450e-03	-7.931257e-02	-6.835146e-02	7.410278e-04	-6.798094e-02	6.872197e-02
417           	1.020945e+00	4.321272e-01	5.888182e-01	8.229111e-03	1.802359e-02	-9.794480e-03	1.390904e-02	-7.834554e-02	-6.969243e-02	7.242236e-04	-6.933031e-02	7.005454e-02
418           	1.019551e+00	4.438697e-01	5.756818e-01	4.290343e-02	4.210678e-02	7.966499e-04	2.065506e-02	-6.590605e-02	-6.637615e-02	7.153890e-04	-6.601845e-02	6.673384e-02
419           	1.016233e+00	4.645302e-01	5.517024e-01	7.039727e-02	5.917729e-02	1.121998e-02	2.397866e-02	-4.358611e-02	-5.810218e-02	6.999789e-04	-5.775219e-02	5.845217e-02
420           	1.011936e+00	4.916445e-01	5.202914e-01	8.699619e-02	6.705063e-02	1.994556e-02	2.355254e-02	-1.432346e-02	-4.984455e-02	6.869570e-04	-4.950107e-02	5.018803e-02
421           	1.009063e+00	5.230959e-01	4.859669e-01	9.036302e-02	6.475570e-02	2.560732e-02	1.957419e-02	1.856448e-02	-4.582861e-02	6.547968e-04	-4.550121e-02	4.615601e-02
422           	1.009158e+00	5.559852e-01	4.531729e-01	8.038097e-02	5.295322e-02	2.742775e-02	1.276273e-02	5.140616e-02	-4.589647e-02	6.293366e-04	-4.558180e-02	4.621113e-02
423           	1.012939e+00	5.853813e-01	4.275578e-01	5.891207e-02	3.379072e-02	2.512135e-02	4.334684e-03	7.891176e-02	-4.857088e-02	6.147149e-04	-4.826353e-02	4.887824e-02
424           	1.018029e+00	6.050488e-01	4.129801e-01	3.021127e-02	1.088713e-02	1.932414e-02	-4.218504e-03	9.603438e-02	-5.192352e-02	6.021101e-04	-5.162247e-02	5.222458e-02
425           	1.021531e+00	6.105861e-01	4.109447e-01	-7.929350e-04	-1.203996e-02	1.124703e-02	-1.164350e-02	9.982073e-02	-5.429736e-02	6.219591e-04	-5.398638e-02	5.460834e-02
426           	1.022632e+00	6.009642e-01	4.216680e-01	-3.015118e-02	-3.217659e-02	2.025402e-03	-1.710099e-02	8.964809e-02	-5.353895e-02	6.430411e-04	-5.321743e-02	5.386047e-02
427           	1.020651e+00	5.774103e-01	4.432408e-01	-5.412246e-02	-4.683877e-02	-7.283685e-03	-1.977754e-02	6.708473e-02	-4.864609e-02	6.527346e-04	-4.831972e-02	4.897246e-02
428           	1.016038e+00	5.430014e-01	4.730369e-01	-6.952541e-02	-5.428614e-02	-1.523927e-02	-1.952343e-02	3.498223e-02	-4.278202e-02	6.720932e-04	-4.244597e-02	4.311806e-02
429           	1.012856e+00	5.036702e-01	5.091857e-01	-7.467305e-02	-5.397733e-02	-2.069573e-02	-1.664080e-02	-2.757783e-03	-3.903065e-02	6.837850e-04	-3.868876e-02	3.937255e-02
430           	1.013314e+00	4.647583e-01	5.485557e-01	-6.972873e-02	-4.658947e-02	-2.313926e-02	-1.172511e-02	-4.189870e-02	-3.893662e-02	6.530219e-04	-3.861011e-02	3.926313e-02
431           	1.017430e+00	4.322514e-01	5.851786e-01	-5.600158e-02	-3.362863e-02	-2.237295e-02	-5.627843e-03	-7.646359e-02	-4.230481e-02	6.064941e-04	-4.200156e-02	4.260806e-02
432           	1.022017e+00	4.105334e-01	6.114835e-01	-3.625724e-02	-1.752148e-02	-1.873576e-02	6.071367e-04	-1.004750e-01	-4.923566e-02	5.579330e-04	-4.895669e-02	4.951462e-02
433           	1.024858e+00	4.023657e-01	6.224927e-01	-1.315216e-02	-2.735277e-04	-1.287863e-02	6.302551e-03	-1.100635e-01	-5.693020e-02	5.360708e-04	-5.666217e-02	5.719824e-02
434           	1.025239e+00	4.085440e-01	6.166950e-01	1.095551e-02	1.631233e-02	-5.356813e-03	1.083457e-02	-1.040755e-01	-6.260642e-02	5.150136e-04	-6.234891e-02	6.286393e-02
435           	1.021479e+00	4.275277e-01	5.939511e-01	3.267207e-02	2.991087e-02	2.761197e-03	1.357484e-02	-8.321167e-02	-6.432512e-02	5.205330e-04	-6.406486e-02	6.458539e-02
436           	1.015433e+00	4.572234e-01	5.582100e-01	4.913995e-02	3.901076e-02	1.012919e-02	1.444079e-02	-5.049327e-02	-6.094516e-02	5.329643e-04	-6.067868e-02	6.121164e-02
437           	1.010942e+00	4.950869e-01	5.158554e-01	5.875532e-02	4.293439e-02	1.582093e-02	1.355673e-02	-1.038429e-02	-5.493588e-02	5.395017e-04	-5.466613e-02	5.520563e-02
438           	1.010409e+00	5.376339e-01	4.727746e-01	6.145597e-02	4.205087e-02	1.940510e-02	1.132289e-02	3.242967e-02	-4.972048e-02	5.211784e-04	-4.945989e-02	4.998107e-02
439           	1.013115e+00	5.782501e-01	4.348647e-01	5.754967e-02	3.689395e-02	2.065573e-02	8.119111e-03	7.169267e-02	-4.805423e-02	5.107190e-04	-4.779887e-02	4.830959e-02
440           	1.016622e+00	6.095351e-01	4.070872e-01	4.778614e-02	2.822122e-02	1.956492e-02	4.328153e-03	1.012240e-01	-5.092107e-02	4.949229e-04	-5.067361e-02	5.116854e-02
441           	1.019714e+00	6.262780e-01	3.934363e-01	3.260223e-02	1.656839e-02	1.603384e-02	2.672732e-04	1.164208e-01	-5.701556e-02	4.808939e-04	-5.677511e-02	5.725601e-02
442           	1.019370e+00	6.250311e-01	3.943386e-01	1.332091e-02	2.837426e-03	1.048348e-02	-3.823027e-03	1.153462e-01	-6.399535e-02	4.831854e-04	-6.375376e-02	6.423695e-02
443           	1.015672e+00	6.062880e-01	4.093836e-01	-7.611133e-03	-1.136380e-02	3.752671e-03	-7.558238e-03	9.845221e-02	-6.866583e-02	5.103029e-04	-6.841067e-02	6.892098e-02
444           	1.010552e+00	5.736337e-01	4.369184e-01	-2.791071e-02	-2.463823e-02	-3.272478e-03	-1.068288e-02	6.835769e-02	-6.841797e-02	5.427242e-04	-6.814661e-02	6.868933e-02
445           	1.006993e+00	5.326320e-01	4.743611e-01	-4.549976e-02	-3.560059e-02	-9.899166e-03	-1.285071e-02	2.913547e-02	-6.395666e-02	5.699848e-04	-6.367167e-02	6.424165e-02
446           	1.006390e+00	4.889840e-01	5.174063e-01	-5.852551e-02	-4.307655e-02	-1.544896e-02	-1.381379e-02	-1.421116e-02	-5.894982e-02	5.736980e-04	-5.866297e-02	5.923667e-02
447           	1.007844e+00	4.471935e-01	5.606503e-01	-6.551568e-02	-4.619628e-02	-1.931940e-02	-1.343844e-02	-5.672839e-02	-5.732922e-02	5.523337e-04	-5.705305e-02	5.760539e-02
448           	1.010677e+00	4.132941e-01	5.973833e-01	-6.453836e-02	-4.375612e-02	-2.078224e-02	-1.148694e-02	-9.204459e-02	-6.103613e-02	5.054196e-04	-6.078342e-02	6.128884e-02
449           	1.012509e+00	3.917562e-01	6.207529e-01	-5.497609e-02	-3.554257e-02	-1.943352e-02	-8.054523e-03	-1.144983e-01	-7.020105e-02	4.498591e-04	-6.997612e-02	7.042598e-02
450           	1.011618e+00	3.853273e-01	6.262908e-01	-3.772582e-02	-2.228294e-02	-1.544288e-02	-3.420025e-03	-1.204818e-01	-8.156362e-02	4.052770e-04	-8.136099e-02	8.176626e-02
451           	1.008476e+00	3.948424e-01	6.136334e-01	-1.530473e-02	-5.877242e-03	-9.427490e-03	1.775124e-03	-1.093955e-01	-9.096958e-02	3.851198e-04	-9.077702e-02	9.116214e-02
452           	1.004210e+00	4.187698e-01	5.854401e-01	9.640342e-03	1.191627e-02	-2.275928e-03	7.096099e-03	-8.333516e-02	-9.542321e-02	3.811026e-04	-9.523265e-02	9.561376e-02
453           	1.000233e+00	4.541140e-01	5.461190e-01	3.425996e-02	2.904515e-02	5.214816e-03	1.191517e-02	-4.600250e-02	-9.320631e-02	3.763834e-04	-9.301812e-02	9.339450e-02
454           	9.977618e-01	4.963964e-01	5.013655e-01	5.544207e-02	4.325273e-02	1.218934e-02	1.553169e-02	-2.484556e-03	-8.649035e-02	3.902073e-04	-8.629525e-02	8.668545e-02
455           	9.969547e-01	5.405473e-01	4.564074e-01	7.050843e-02	5.273773e-02	1.777070e-02	1.748351e-02	4.206997e-02	-7.981829e-02	4.040870e-04	-7.961625e-02	8.002034e-02
456           	9.977514e-01	5.803286e-01	4.174229e-01	7.669684e-02	5.555376e-02	2.114307e-02	1.720535e-02	8.145285e-02	-7.768901e-02	3.818683e-04	-7.749807e-02	7.787994e-02
457           	9.986174e-01	6.088946e-01	3.897229e-01	7.277740e-02	5.094526e-02	2.183214e-02	1.455656e-02	1.095859e-01	-8.163954e-02	3.660845e-04	-8.145650e-02	8.182258e-02
458           	9.981759e-01	6.211083e-01	3.770675e-01	5.902987e-02	3.932552e-02	1.970435e-02	9.810588e-03	1.220204e-01	-9.002987e-02	3.523716e-04	-8.985368e-02	9.020606e-02
459           	9.960943e-01	6.152293e-01	3.808650e-01	3.737732e-02	2.231553e-02	1.506179e-02	3.626867e-03	1.171821e-01	-9.895496e-02	3.591697e-04	-9.877538e-02	9.913455e-02
460           	9.930241e-01	5.935767e-01	3.994474e-01	1.059863e-02	1.926408e-03	8.672223e-03	-3.372908e-03	9.706464e-02	-1.051883e-01	3.724389e-04	-1.050021e-01	1.053745e-01
461           	9.903955e-01	5.599910e-01	4.304045e-01	-1.813269e-02	-1.944503e-02	1.312332e-03	-1.037868e-02	6.479325e-02	-1.067379e-01	4.066493e-04	-1.065346e-01	1.069413e-01
462           	9.887439e-01	5.187872e-01	4.699567e-01	-4.547829e-02	-3.925057e-02	-6.227728e-03	-1.651142e-02	2.441524e-02	-1.029940e-01	4.289724e-04	-1.027795e-01	1.032085e-01
463           	9.884646e-01	4.753734e-01	5.130912e-01	-6.729619e-02	-5.422526e-02	-1.307093e-02	-2.057717e-02	-1.885894e-02	-9.659098e-02	4.478410e-04	-9.636706e-02	9.681490e-02
464           	9.894507e-01	4.352237e-01	5.542271e-01	-8.029369e-02	-6.202729e-02	-1.826639e-02	-2.188045e-02	-5.950171e-02	-9.263436e-02	4.340950e-04	-9.241731e-02	9.285140e-02
465           	9.910045e-01	4.034339e-01	5.875706e-01	-8.251180e-02	-6.135200e-02	-2.115980e-02	-2.009610e-02	-9.206835e-02	-9.463296e-02	3.990199e-04	-9.443345e-02	9.483247e-02
466           	9.914066e-01	3.838365e-01	6.075702e-01	-7.356481e-02	-5.224415e-02	-2.132067e-02	-1.546174e-02	-1.118668e-01	-1.019486e-01	3.459690e-04	-1.017756e-01	1.021216e-01
467           	9.903647e-01	3.789681e-01	6.113966e-01	-5.452230e-02	-3.587648e-02	-1.864582e-02	-8.615335e-03	-1.162143e-01	-1.123064e-01	2.876716e-04	-1.121626e-01	1.124502e-01
468           	9.884682e-01	3.891214e-01	5.993468e-01	-2.826679e-02	-1.475844e-02	-1.350835e-02	-6.250432e-04	-1.051127e-01	-1.220794e-01	2.583133e-04	-1.219502e-01	1.222086e-01
469           	9.862850e-01	4.118997e-01	5.743853e-01	1.614637e-03	8.375125e-03	-6.760488e-03	7.567807e-03	-8.124280e-02	-1.282868e-01	2.443249e-04	-1.281646e-01	1.284089e-01
470           	9.839673e-01	4.442128e-01	5.397545e-01	3.146253e-02	3.072380e-02	7.387343e-04	1.499253e-02	-4.777084e-02	-1.276293e-01	2.502619e-04	-1.275042e-01	1.277544e-01
471           	9.821946e-01	4.822719e-01	4.999227e-01	5.686358e-02	4.872496e-02	8.138624e-03	2.029317e-02	-8.825387e-03	-1.198780e-01	2.719368e-04	-1.197421e-01	1.200140e-01
472           	9.817845e-01	5.220155e-01	4.597690e-01	7.421998e-02	5.967703e-02	1.454296e-02	2.256704e-02	3.112328e-02	-1.103890e-01	2.926873e-04	-1.102427e-01	1.105353e-01
473           	9.825647e-01	5.588225e-01	4.237422e-01	8.112901e-02	6.203247e-02	1.909654e-02	2.146797e-02	6.754014e-02	-1.050653e-01	3.182505e-04	-1.049062e-01	1.052244e-01
474           	9.833940e-01	5.872364e-01	3.961576e-01	7.660695e-02	5.550602e-02	2.110093e-02	1.720254e-02	9.553939e-02	-1.056291e-01	3.255570e-04	-1.054663e-01	1.057919e-01
475           	9.841356e-01	6.033016e-01	3.808340e-01	6.129638e-02	4.111826e-02	2.017812e-02	1.047007e-02	1.112338e-01	-1.110706e-01	3.277140e-04	-1.109067e-01	1.112345e-01
476           	9.846552e-01	6.053837e-01	3.792715e-01	3.747790e-02	2.102307e-02	1.645482e-02	2.284126e-03	1.130561e-01	-1.187056e-01	3.389013e-04	-1.185361e-01	1.188750e-01
477           	9.845969e-01	5.941141e-01	3.904828e-01	8.841232e-03	-1.698514e-03	1.053975e-02	-6.119130e-03	1.018157e-01	-1.250533e-01	3.667793e-04	-1.248699e-01	1.252366e-01
478           	9.836419e-01	5.708062e-01	4.128356e-01	-2.037048e-02	-2.370776e-02	3.337278e-03	-1.352252e-02	7.898529e-02	-1.255932e-01	3.820522e-04	-1.254022e-01	1.257842e-01
479           	9.823365e-01	5.376473e-01	4.446892e-01	-4.596306e-02	-4.176415e-02	-4.198901e-03	-1.878263e-02	4.647903e-02	-1.178597e-01	4.114038e-04	-1.176540e-01	1.180654e-01
480           	9.816420e-01	4.979580e-01	4.836840e-01	-6.428716e-02	-5.323543e-02	-1.105173e-02	-2.109185e-02	7.137023e-03	-1.059165e-01	4.355443e-04	-1.056988e-01	1.061343e-01
481           	9.821591e-01	4.561264e-01	5.260327e-01	-7.279557e-02	-5.660770e-02	-1.618788e-02	-2.020991e-02	-3.495312e-02	-9.640849e-02	4.510357e-04	-9.618298e-02	9.663401e-02
482           	9.840820e-01	4.175658e-01	5.665163e-01	-7.051458e-02	-5.164641e-02	-1.886818e-02	-1.638911e-02	-7.447523e-02	-9.398726e-02	4.629926e-04	-9.375576e-02	9.421875e-02
483           	9.867357e-01	3.875303e-01	5.992054e-01	-5.810013e-02	-3.933231e-02	-1.876782e-02	-1.028225e-02	-1.058376e-01	-9.863489e-02	4.557507e-04	-9.840701e-02	9.886276e-02
484           	9.890548e-01	3.699201e-01	6.191348e-01	-3.753545e-02	-2.165098e-02	-1.588447e-02	-2.883255e-03	-1.246073e-01	-1.081572e-01	4.625255e-04	-1.079259e-01	1.083885e-01
485           	9.897662e-01	3.667193e-01	6.230469e-01	-1.200333e-02	-1.322680e-03	-1.068065e-02	4.678985e-03	-1.281638e-01	-1.173830e-01	4.684661e-04	-1.171488e-01	1.176172e-01
486           	9.888506e-01	3.790466e-01	6.098039e-01	1.473965e-02	1.869899e-02	-3.959344e-03	1.132917e-02	-1.153787e-01	-1.209888e-01	4.863396e-04	-1.207456e-01	1.212319e-01
487           	9.865321e-01	4.067286e-01	5.798035e-01	3.862390e-02	3.532927e-02	3.294629e-03	1.601732e-02	-8.653747e-02	-1.152113e-01	5.251005e-04	-1.149488e-01	1.154739e-01
488           	9.836916e-01	4.474752e-01	5.362164e-01	5.580510e-02	4.587158e-02	9.933527e-03	1.796902e-02	-4.437061e-02	-1.020133e-01	5.611917e-04	-1.017327e-01	1.022939e-01
489           	9.819131e-01	4.969863e-01	4.849268e-01	6.363260e-02	4.874923e-02	1.488337e-02	1.693293e-02	6.029714e-03	-8.828775e-02	6.100097e-04	-8.798275e-02	8.859276e-02
490           	9.822606e-01	5.491880e-01	4.330727e-01	6.127271e-02	4.385916e-02	1.741356e-02	1.322280e-02	5.805767e-02	-8.024617e-02	6.529917e-04	-7.991968e-02	8.057267e-02
491           	9.843515e-01	5.965558e-01	3.877956e-01	4.953909e-02	3.229851e-02	1.724057e-02	7.528970e-03	1.043801e-01	-7.949060e-02	6.736544e-04	-7.915377e-02	7.982743e-02
492           	9.871220e-01	6.320259e-01	3.550961e-01	3.054352e-02	1.613881e-02	1.440471e-02	8.670499e-04	1.384649e-01	-8.473815e-02	6.865888e-04	-8.439485e-02	8.508144e-02
493           	9.892020e-01	6.498528e-01	3.393492e-01	7.329090e-03	-2.025884e-03	9.354975e-03	-5.690429e-03	1.552518e-01	-9.159693e-02	7.120312e-04	-9.124092e-02	9.195295e-02
494           	9.899962e-01	6.471734e-01	3.428228e-01	-1.637940e-02	-1.928946e-02	2.910061e-03	-1.109976e-02	1.521753e-01	-9.461050e-02	7.622904e-04	-9.422935e-02	9.499165e-02
495           	9.895150e-01	6.235723e-01	3.659427e-01	-3.667057e-02	-3.283169e-02	-3.838878e-03	-1.449641e-02	1.288148e-01	-9.021284e-02	7.900085e-04	-8.981784e-02	9.060785e-02
496           	9.881639e-01	5.818917e-01	4.062722e-01	-5.008383e-02	-4.033661e-02	-9.747224e-03	-1.529469e-02	8.780971e-02	-7.857828e-02	8.320854e-04	-7.816224e-02	7.899432e-02
497           	9.868155e-01	5.274515e-01	4.593640e-01	-5.482749e-02	-4.098854e-02	-1.383894e-02	-1.357480e-02	3.404371e-02	-6.519032e-02	8.829530e-04	-6.474884e-02	6.563180e-02
498           	9.868911e-01	4.664060e-01	5.204851e-01	-5.072683e-02	-3.510514e-02	-1.562169e-02	-9.741725e-03	-2.703957e-02	-5.617557e-02	9.021318e-04	-5.572451e-02	5.662664e-02
499           	9.887318e-01	4.069994e-01	5.817325e-01	-3.876651e-02	-2.386162e-02	-1.490490e-02	-4.478360e-03	-8.736654e-02	-5.466442e-02	8.856989e-04	-5.422157e-02	5.510727e-02
500           	9.911857e-01	3.570969e-01	6.340888e-01	-2.110561e-02	-9.308002e-03	-1.179761e-02	1.244803e-03	-1.384960e-01	-6.051567e-02	8.786198e-04	-6.007636e-02	6.095498e-02
